0 0.2677083333333333 0.8351851851851851 0.016666666666666666 0.03333333333333333
0 0.31875 0.7722222222222223 0.0125 0.02962962962962963
0 0.321875 0.774074074074074 0.0125 0.040740740740740744
0 0.48489583333333336 0.649074074074074 0.009375 0.03148148148148148
0 0.3078125 0.6925925925925925 0.013541666666666667 0.03333333333333333
0 0.33229166666666665 0.6157407407407407 0.0125 0.03148148148148148
0 0.4140625 0.5148148148148148 0.005208333333333333 0.02962962962962963
0 0.41875 0.5101851851851852 0.00625 0.03148148148148148
0 0.4234375 0.5083333333333333 0.007291666666666667 0.03148148148148148
0 0.3984375 0.38981481481481484 0.007291666666666667 0.020370370370370372
0 0.415625 0.3 0.00625 0.014814814814814815
0 0.4942708333333333 0.8379629629629629 0.009375 0.03148148148148148
0 0.7119791666666667 0.3472222222222222 0.009375 0.027777777777777776
0 0.6755208333333333 0.4777777777777778 0.011458333333333333 0.02962962962962963
0 0.6640625 0.4842592592592593 0.007291666666666667 0.016666666666666666
0 0.4348958333333333 0.22870370370370371 0.005208333333333333 0.012962962962962963