0 0.026470588235294117 0.42091503267973857 0.010294117647058823 0.047058823529411764
0 0.011764705882352941 0.43071895424836604 0.011764705882352941 0.050980392156862744
0 0.2536764705882353 0.5464052287581699 0.014705882352941176 0.05751633986928104
0 0.22205882352941175 0.6176470588235294 0.011764705882352941 0.06143790849673202
0 0.23566176470588235 0.6183006535947713 0.009558823529411765 0.05751633986928104
0 0.29044117647058826 0.6163398692810458 0.014705882352941176 0.058823529411764705
0 0.2452205882352941 0.8333333333333334 0.016911764705882352 0.048366013071895426
0 0.5393382352941176 0.611764705882353 0.009558823529411765 0.047058823529411764
0 0.40698529411764706 0.4300653594771242 0.008088235294117648 0.0392156862745098
0 0.43161764705882355 0.42745098039215684 0.010294117647058823 0.0392156862745098
0 0.45955882352941174 0.43529411764705883 0.008823529411764706 0.036601307189542485
0 0.4213235294117647 0.30196078431372547 0.007352941176470588 0.03137254901960784
0 0.2786764705882353 0.3333333333333333 0.007352941176470588 0.03398692810457516
0 0.25330882352941175 0.34248366013071896 0.008088235294117648 0.03137254901960784
0 0.6246323529411765 0.296078431372549 0.005147058823529412 0.022222222222222223
0 0.7139705882352941 0.33464052287581697 0.007352941176470588 0.02875816993464052
0 0.7735294117647059 0.369281045751634 0.010294117647058823 0.032679738562091505
0 0.8283088235294118 0.4516339869281046 0.009558823529411765 0.040522875816993466
0 0.8511029411764706 0.43333333333333335 0.009558823529411765 0.03529411764705882
0 0.8544117647058823 0.4398692810457516 0.008823529411764706 0.027450980392156862
0 0.7893382352941176 0.46339869281045754 0.009558823529411765 0.03790849673202614
0 0.7779411764705882 0.5235294117647059 0.013235294117647059 0.05359477124183006
0 0.3477941176470588 0.24901960784313726 0.004411764705882353 0.0196078431372549
0 0.9882352941176471 0.5509803921568628 0.014705882352941176 0.058823529411764705
0 0.8202205882352941 0.29934640522875816 0.006617647058823529 0.0392156862745098
0 0.8088235294117647 0.3405228758169935 0.007352941176470588 0.03790849673202614
0 0.6294117647058823 0.2372549019607843 0.0058823529411764705 0.032679738562091505
0 0.625 0.2372549019607843 0.007352941176470588 0.03790849673202614
0 0.27426470588235297 0.2281045751633987 0.0058823529411764705 0.027450980392156862
0 0.26948529411764705 0.22549019607843138 0.005147058823529412 0.030065359477124184
0 0.26544117647058824 0.2326797385620915 0.010294117647058823 0.03398692810457516
0 0.25588235294117645 0.23071895424836603 0.008823529411764706 0.040522875816993466
0 0.12316176470588236 0.22875816993464052 0.006617647058823529 0.018300653594771243
0 0.21507352941176472 0.24836601307189543 0.008088235294117648 0.023529411764705882
0 0.44926470588235295 0.169281045751634 0.004411764705882353 0.011764705882352941
0 0.4485294117647059 0.15163398692810456 0.004411764705882353 0.013071895424836602
0 0.4363970588235294 0.18758169934640523 0.003676470588235294 0.01437908496732026
0 0.5091911764705882 0.06405228758169934 0.003676470588235294 0.01568627450980392
0 0.8981617647058824 0.2973856209150327 0.005147058823529412 0.030065359477124184
0 0.8948529411764706 0.3006535947712418 0.0058823529411764705 0.023529411764705882
0 0.8297794117647059 0.26862745098039215 0.009558823529411765 0.030065359477124184
0 0.9628676470588236 0.3202614379084967 0.006617647058823529 0.026143790849673203
0 0.9893382352941177 0.3176470588235294 0.009558823529411765 0.026143790849673203
0 0.7352941176470589 0.6176470588235294 0.020588235294117647 0.05359477124183006