0 0.3816176470588235 0.46405228758169936 0.008823529411764706 0.036601307189542485
0 0.3977941176470588 0.42091503267973857 0.007352941176470588 0.026143790849673203
0 0.32941176470588235 0.361437908496732 0.007352941176470588 0.027450980392156862
0 0.6088235294117647 0.5071895424836601 0.007352941176470588 0.044444444444444446
0 0.6176470588235294 0.5084967320261438 0.008823529411764706 0.04183006535947712
0 0.5672794117647059 0.39673202614379083 0.006617647058823529 0.030065359477124184
0 0.48713235294117646 0.2784313725490196 0.006617647058823529 0.023529411764705882
0 0.49558823529411766 0.27647058823529413 0.004411764705882353 0.02483660130718954
0 0.44375 0.21895424836601307 0.003676470588235294 0.01699346405228758
0 0.3503676470588235 0.2777777777777778 0.006617647058823529 0.02483660130718954
0 0.4183823529411765 0.27058823529411763 0.004411764705882353 0.02091503267973856
0 0.5198529411764706 0.28823529411764703 0.0058823529411764705 0.0196078431372549
0 0.6073529411764705 0.3503267973856209 0.0058823529411764705 0.02091503267973856
0 0.5919117647058824 0.3032679738562091 0.008823529411764706 0.02091503267973856
0 0.5463235294117647 0.2607843137254902 0.0029411764705882353 0.01699346405228758
0 0.5047794117647059 0.2111111111111111 0.003676470588235294 0.01699346405228758
0 0.49080882352941174 0.2222222222222222 0.003676470588235294 0.01568627450980392
0 0.45551470588235293 0.20588235294117646 0.005147058823529412 0.009150326797385621
0 0.40625 0.22156862745098038 0.005147058823529412 0.01437908496732026
0 0.4147058823529412 0.2169934640522876 0.004411764705882353 0.013071895424836602
0 0.4033088235294118 0.2169934640522876 0.005147058823529412 0.01568627450980392