0 0.6404411764705882 0.5366013071895425 0.010294117647058823 0.043137254901960784
0 0.6488970588235294 0.538562091503268 0.011029411764705883 0.044444444444444446
0 0.6360294117647058 0.3836601307189543 0.008823529411764706 0.0457516339869281
0 0.643014705882353 0.3862745098039216 0.008088235294117648 0.03790849673202614
0 0.44338235294117645 0.3130718954248366 0.007352941176470588 0.030065359477124184
0 0.46544117647058825 0.30522875816993467 0.007352941176470588 0.032679738562091505
0 0.5341911764705882 0.3366013071895425 0.008088235294117648 0.040522875816993466
0 0.41948529411764707 0.19019607843137254 0.006617647058823529 0.030065359477124184
0 0.5746323529411764 0.12679738562091503 0.005147058823529412 0.026143790849673203
0 0.4621323529411765 0.044444444444444446 0.003676470588235294 0.013071895424836602
0 0.4591911764705882 0.0934640522875817 0.003676470588235294 0.01699346405228758