0 0.20919117647058824 0.5091503267973856 0.005147058823529412 0.022222222222222223
0 0.15257352941176472 0.4169934640522876 0.006617647058823529 0.026143790849673203
0 0.24632352941176472 0.3431372549019608 0.004411764705882353 0.01699346405228758
0 0.23272058823529412 0.3895424836601307 0.005147058823529412 0.02091503267973856
0 0.22169117647058822 0.3908496732026144 0.005147058823529412 0.02091503267973856
0 0.1775735294117647 0.4143790849673203 0.006617647058823529 0.02091503267973856
0 0.18419117647058825 0.41045751633986927 0.003676470588235294 0.02091503267973856
0 0.19522058823529412 0.4294117647058823 0.006617647058823529 0.022222222222222223
0 0.12058823529411765 0.6666666666666666 0.010294117647058823 0.04183006535947712
0 0.5301470588235294 0.5176470588235295 0.0058823529411764705 0.02091503267973856
0 0.5007352941176471 0.38496732026143793 0.004411764705882353 0.01437908496732026
0 0.6702205882352941 0.38169934640522873 0.005147058823529412 0.01568627450980392
0 0.6904411764705882 0.32679738562091504 0.0029411764705882353 0.013071895424836602
0 0.6514705882352941 0.29869281045751633 0.0014705882352941176 0.009150326797385621