0 0.9941176470588236 0.5647058823529412 0.011764705882352941 0.0392156862745098
0 0.9683823529411765 0.5803921568627451 0.011764705882352941 0.0392156862745098
0 0.9220588235294118 0.5784313725490197 0.010294117647058823 0.043137254901960784
0 0.9525735294117647 0.5718954248366013 0.011029411764705883 0.03790849673202614
0 0.944485294117647 0.5666666666666667 0.009558823529411765 0.032679738562091505
0 0.8393382352941177 0.6437908496732027 0.009558823529411765 0.040522875816993466
0 0.8334558823529412 0.6627450980392157 0.009558823529411765 0.0392156862745098
0 0.8231617647058823 0.6647058823529411 0.009558823529411765 0.0457516339869281
0 0.8088235294117647 0.6738562091503268 0.011764705882352941 0.040522875816993466
0 0.7922794117647058 0.6555555555555556 0.011029411764705883 0.03529411764705882
0 0.7676470588235295 0.6849673202614379 0.016176470588235296 0.0392156862745098
0 0.7375 0.6640522875816993 0.013235294117647059 0.04183006535947712
0 0.7363970588235295 0.5947712418300654 0.011029411764705883 0.03398692810457516
0 0.7066176470588236 0.677124183006536 0.010294117647058823 0.036601307189542485
0 0.5459558823529411 0.48562091503267973 0.008088235294117648 0.02483660130718954
0 0.5268382352941177 0.4666666666666667 0.006617647058823529 0.036601307189542485
0 0.6408088235294118 0.48627450980392156 0.009558823529411765 0.03398692810457516
0 0.6488970588235294 0.48366013071895425 0.008088235294117648 0.03137254901960784
0 0.5933823529411765 0.45098039215686275 0.0058823529411764705 0.0392156862745098
0 0.5860294117647059 0.44248366013071894 0.0058823529411764705 0.03790849673202614
0 0.6849264705882353 0.726797385620915 0.016911764705882352 0.04183006535947712
0 0.6345588235294117 0.6869281045751634 0.008823529411764706 0.03790849673202614
0 0.6264705882352941 0.6816993464052288 0.008823529411764706 0.040522875816993466
0 0.6238970588235294 0.7019607843137254 0.0125 0.0392156862745098
0 0.6136029411764706 0.7065359477124183 0.008088235294117648 0.043137254901960784
0 0.6029411764705882 0.7294117647058823 0.013235294117647059 0.05228758169934641
0 0.5764705882352941 0.6764705882352942 0.010294117647058823 0.043137254901960784
0 0.5665441176470588 0.6928104575163399 0.011029411764705883 0.044444444444444446
0 0.5430147058823529 0.6875816993464052 0.008088235294117648 0.044444444444444446
0 0.5268382352941177 0.6967320261437908 0.009558823529411765 0.04967320261437908
0 0.5003676470588235 0.6189542483660131 0.009558823529411765 0.0457516339869281
0 0.44816176470588237 0.6908496732026144 0.009558823529411765 0.0457516339869281
0 0.3488970588235294 0.7274509803921568 0.015441176470588236 0.0457516339869281
0 0.46875 0.5666666666666667 0.008088235294117648 0.040522875816993466
0 0.47610294117647056 0.5549019607843138 0.009558823529411765 0.03790849673202614
0 0.4764705882352941 0.545751633986928 0.0058823529411764705 0.02483660130718954
0 0.4702205882352941 0.6581699346405229 0.011029411764705883 0.03529411764705882
0 0.41323529411764703 0.696078431372549 0.011764705882352941 0.03529411764705882
0 0.3952205882352941 0.6594771241830065 0.013970588235294118 0.03529411764705882
0 0.36801470588235297 0.6274509803921569 0.009558823529411765 0.026143790849673203
0 0.3871323529411765 0.6379084967320261 0.011029411764705883 0.047058823529411764
0 0.40036764705882355 0.5444444444444444 0.006617647058823529 0.03790849673202614
0 0.4400735294117647 0.48823529411764705 0.008088235294117648 0.03790849673202614
0 0.3860294117647059 0.403921568627451 0.007352941176470588 0.03398692810457516
0 0.35698529411764707 0.10196078431372549 0.005147058823529412 0.023529411764705882
0 0.3426470588235294 0.09281045751633987 0.004411764705882353 0.023529411764705882
0 0.3518382352941177 0.11568627450980393 0.003676470588235294 0.01437908496732026
0 0.3400735294117647 0.032679738562091505 0.003676470588235294 0.018300653594771243
0 0.3165441176470588 0.538562091503268 0.011029411764705883 0.03137254901960784
0 0.006617647058823529 0.7405228758169935 0.013235294117647059 0.030065359477124184
0 0.09926470588235294 0.8058823529411765 0.020588235294117647 0.043137254901960784
0 0.05183823529411765 0.7339869281045751 0.013970588235294118 0.0457516339869281
0 0.12242647058823529 0.6692810457516339 0.016911764705882352 0.044444444444444446
0 0.10955882352941176 0.6836601307189543 0.014705882352941176 0.047058823529411764
0 0.07683823529411765 0.7379084967320262 0.011029411764705883 0.0457516339869281
0 0.05661764705882353 0.7287581699346405 0.011764705882352941 0.032679738562091505
0 0.05661764705882353 0.7130718954248366 0.01764705882352941 0.05620915032679739
0 0.06470588235294118 0.711764705882353 0.011764705882352941 0.0457516339869281
0 0.06323529411764706 0.696078431372549 0.010294117647058823 0.0457516339869281
0 0.08014705882352942 0.7058823529411765 0.011764705882352941 0.05228758169934641
0 0.08897058823529412 0.7006535947712418 0.014705882352941176 0.047058823529411764
0 0.07352941176470588 0.7287581699346405 0.016176470588235296 0.043137254901960784
0 0.10625 0.6294117647058823 0.0125 0.043137254901960784
0 0.11360294117647059 0.611764705882353 0.0125 0.04183006535947712
0 0.22426470588235295 0.3261437908496732 0.008823529411764706 0.027450980392156862
0 0.21213235294117647 0.234640522875817 0.006617647058823529 0.02483660130718954
0 0.19264705882352942 0.19869281045751633 0.0058823529411764705 0.02875816993464052
0 0.22977941176470587 0.10718954248366012 0.005147058823529412 0.02091503267973856
0 0.23419117647058824 0.10457516339869281 0.006617647058823529 0.023529411764705882