0 0.9447916666666667 0.45092592592592595 0.010416666666666666 0.016666666666666666
0 0.17760416666666667 0.7611111111111111 0.017708333333333333 0.07037037037037037
0 0.2786458333333333 0.5592592592592592 0.011458333333333333 0.040740740740740744
0 0.41354166666666664 0.575925925925926 0.0125 0.044444444444444446
0 0.4578125 0.575 0.013541666666666667 0.04259259259259259
0 0.496875 0.5314814814814814 0.010416666666666666 0.03333333333333333
0 0.2911458333333333 0.4444444444444444 0.009375 0.037037037037037035
0 0.15625 0.5592592592592592 0.010416666666666666 0.03333333333333333
0 0.1609375 0.5518518518518518 0.011458333333333333 0.040740740740740744
0 0.3515625 0.39444444444444443 0.007291666666666667 0.025925925925925925
0 0.37135416666666665 0.41203703703703703 0.007291666666666667 0.024074074074074074
0 0.3765625 0.38981481481481484 0.007291666666666667 0.027777777777777776
0 0.3651041666666667 0.3731481481481482 0.007291666666666667 0.024074074074074074
0 0.40520833333333334 0.3712962962962963 0.008333333333333333 0.024074074074074074
0 0.31302083333333336 0.36574074074074076 0.007291666666666667 0.03148148148148148
0 0.4583333333333333 0.3490740740740741 0.00625 0.020370370370370372
0 0.49322916666666666 0.3398148148148148 0.007291666666666667 0.020370370370370372
0 0.5213541666666667 0.3675925925925926 0.007291666666666667 0.03148148148148148
0 0.509375 0.4074074074074074 0.008333333333333333 0.03333333333333333
0 0.38645833333333335 0.337037037037037 0.00625 0.022222222222222223
0 0.321875 0.43333333333333335 0.008333333333333333 0.037037037037037035
0 0.2916666666666667 0.4064814814814815 0.00625 0.027777777777777776
0 0.2890625 0.4027777777777778 0.007291666666666667 0.03148148148148148
0 0.5552083333333333 0.30925925925925923 0.004166666666666667 0.018518518518518517
0 0.3453125 0.33611111111111114 0.007291666666666667 0.020370370370370372
0 0.36666666666666664 0.29444444444444445 0.004166666666666667 0.018518518518518517
0 0.37395833333333334 0.29444444444444445 0.004166666666666667 0.018518518518518517
0 0.3625 0.3212962962962963 0.00625 0.024074074074074074
0 0.3515625 0.3212962962962963 0.007291666666666667 0.024074074074074074
0 0.3177083333333333 0.32314814814814813 0.00625 0.020370370370370372
0 0.315625 0.3416666666666667 0.00625 0.024074074074074074
0 0.42291666666666666 0.3138888888888889 0.004166666666666667 0.016666666666666666
0 0.425 0.3148148148148148 0.004166666666666667 0.011111111111111112
0 0.43385416666666665 0.31666666666666665 0.005208333333333333 0.014814814814814815
0 0.45625 0.32314814814814813 0.004166666666666667 0.016666666666666666
0 0.4666666666666667 0.3111111111111111 0.00625 0.014814814814814815
0 0.47239583333333335 0.33240740740740743 0.005208333333333333 0.020370370370370372
0 0.4791666666666667 0.32314814814814813 0.004166666666666667 0.012962962962962963
0 0.5171875 0.3314814814814815 0.005208333333333333 0.014814814814814815
0 0.5130208333333334 0.3212962962962963 0.007291666666666667 0.016666666666666666
0 0.5255208333333333 0.32222222222222224 0.005208333333333333 0.014814814814814815
0 0.528125 0.325 0.004166666666666667 0.012962962962962963
0 0.4744791666666667 0.25092592592592594 0.005208333333333333 0.012962962962962963
0 0.3385416666666667 0.31574074074074077 0.004166666666666667 0.016666666666666666