0 0.39926470588235297 0.7026143790849673 0.007352941176470588 0.011764705882352941
0 0.41691176470588237 0.5542483660130719 0.007352941176470588 0.018300653594771243
0 0.42205882352941176 0.4143790849673203 0.0058823529411764705 0.01568627450980392
0 0.40588235294117647 0.46405228758169936 0.0058823529411764705 0.013071895424836602
0 0.5073529411764706 0.45359477124183006 0.004411764705882353 0.013071895424836602
0 0.5775735294117647 0.3065359477124183 0.005147058823529412 0.01437908496732026
0 0.5143382352941176 0.21633986928104576 0.005147058823529412 0.01699346405228758
0 0.5158088235294118 0.1261437908496732 0.006617647058823529 0.009150326797385621
0 0.5165441176470589 0.13333333333333333 0.005147058823529412 0.00784313725490196
0 0.4375 0.1261437908496732 0.004411764705882353 0.01437908496732026
0 0.8566176470588235 0.46339869281045754 0.007352941176470588 0.009150326797385621
0 0.8492647058823529 0.4444444444444444 0.008823529411764706 0.00784313725490196
0 0.375 0.06143790849673202 0.0058823529411764705 0.018300653594771243
0 0.38382352941176473 0.020261437908496733 0.0058823529411764705 0.02483660130718954