0 0.39375 0.3398148148148148 0.004166666666666667 0.016666666666666666
0 0.4390625 0.4351851851851852 0.005208333333333333 0.011111111111111112
0 0.3828125 0.4361111111111111 0.005208333333333333 0.016666666666666666
0 0.35989583333333336 0.44814814814814813 0.005208333333333333 0.025925925925925925
0 0.3625 0.44537037037037036 0.004166666666666667 0.024074074074074074
0 0.36614583333333334 0.8074074074074075 0.009375 0.05185185185185185
0 0.7692708333333333 0.6601851851851852 0.009375 0.027777777777777776
0 0.7520833333333333 0.6990740740740741 0.010416666666666666 0.03518518518518519
0 0.5828125 0.7287037037037037 0.011458333333333333 0.03518518518518519
0 0.6078125 0.7027777777777777 0.011458333333333333 0.046296296296296294
0 0.4453125 0.3685185185185185 0.003125 0.014814814814814815
0 0.26927083333333335 0.4777777777777778 0.005208333333333333 0.025925925925925925
0 0.2760416666666667 0.4777777777777778 0.00625 0.02962962962962963