0 0.85703125 0.8050925925925926 0.0140625 0.04351851851851852
0 0.965625 0.8462962962962963 0.01875 0.05740740740740741
0 0.8744791666666667 0.7240740740740741 0.009375 0.03518518518518519
0 0.8856770833333333 0.6685185185185185 0.005729166666666666 0.02962962962962963
0 0.94296875 0.7041666666666667 0.0078125 0.026851851851851852
0 0.9408854166666667 0.6685185185185185 0.0067708333333333336 0.024074074074074074
0 0.93984375 0.6685185185185185 0.0078125 0.025925925925925925
0 0.9630208333333333 0.6453703703703704 0.007291666666666667 0.024074074074074074
0 0.8723958333333334 0.6532407407407408 0.007291666666666667 0.025
0 0.9359375 0.6027777777777777 0.00625 0.018518518518518517
0 0.9247395833333333 0.5740740740740741 0.0046875 0.012962962962962963
0 0.940625 0.5717592592592593 0.004166666666666667 0.012037037037037037
0 0.9682291666666667 0.5587962962962963 0.004166666666666667 0.013888888888888888