0 0.03529411764705882 0.2111111111111111 0.008823529411764706 0.032679738562091505
0 0.04411764705882353 0.19934640522875818 0.004411764705882353 0.0196078431372549
0 0.07352941176470588 0.14705882352941177 0.007352941176470588 0.032679738562091505
0 0.07794117647058824 0.14967320261437908 0.008823529411764706 0.03529411764705882
0 0.15073529411764705 0.13202614379084968 0.007352941176470588 0.026143790849673203
0 0.15257352941176472 0.12549019607843137 0.006617647058823529 0.026143790849673203
0 0.32794117647058824 0.05947712418300653 0.004411764705882353 0.02483660130718954
0 0.3316176470588235 0.05359477124183006 0.0058823529411764705 0.026143790849673203
0 0.3779411764705882 0.0738562091503268 0.004411764705882353 0.02483660130718954
0 0.4077205882352941 0.11241830065359477 0.003676470588235294 0.02875816993464052
0 0.4113970588235294 0.11241830065359477 0.003676470588235294 0.026143790849673203
0 0.07426470588235294 0.4339869281045752 0.011764705882352941 0.04967320261437908
0 0.08198529411764706 0.4287581699346405 0.011029411764705883 0.04967320261437908
0 0.09669117647058824 0.43594771241830066 0.013970588235294118 0.040522875816993466
0 0.08933823529411765 0.4196078431372549 0.008088235294117648 0.04183006535947712
0 0.4591911764705882 0.7980392156862746 0.009558823529411765 0.06143790849673202
0 0.4470588235294118 0.8052287581699347 0.011764705882352941 0.06013071895424837
0 0.44632352941176473 0.7895424836601307 0.013235294117647059 0.05751633986928104
0 0.4536764705882353 0.5137254901960784 0.008823529411764706 0.04183006535947712
0 0.8040441176470589 0.5163398692810458 0.009558823529411765 0.04183006535947712
0 0.7503676470588235 0.43790849673202614 0.009558823529411765 0.036601307189542485
0 0.9636029411764706 0.5516339869281046 0.0125 0.04183006535947712
0 0.6882352941176471 0.3084967320261438 0.007352941176470588 0.026143790849673203
0 0.6897058823529412 0.3183006535947712 0.0058823529411764705 0.0196078431372549
0 0.7849264705882353 0.2869281045751634 0.006617647058823529 0.03529411764705882
0 0.8279411764705882 0.28627450980392155 0.0058823529411764705 0.026143790849673203
0 0.4658088235294118 0.24444444444444444 0.005147058823529412 0.023529411764705882