0 0.8761029411764706 0.5026143790849673 0.0125 0.06143790849673202
0 0.8378676470588236 0.477124183006536 0.009558823529411765 0.047058823529411764
0 0.8511029411764706 0.581045751633987 0.015441176470588236 0.06928104575163399
0 0.893014705882353 0.6366013071895424 0.025735294117647058 0.06274509803921569
0 0.9191176470588235 0.6673202614379085 0.023529411764705882 0.07712418300653595
0 0.6213235294117647 0.3888888888888889 0.014705882352941176 0.050980392156862744
0 0.5047794117647059 0.4869281045751634 0.008088235294117648 0.05620915032679739
0 0.4808823529411765 0.3627450980392157 0.014705882352941176 0.0457516339869281
0 0.4547794117647059 0.4947712418300654 0.011029411764705883 0.05620915032679739
0 0.4091911764705882 0.5071895424836601 0.011029411764705883 0.06274509803921569
0 0.4308823529411765 0.5058823529411764 0.014705882352941176 0.06274509803921569
0 0.45992647058823527 0.6026143790849673 0.01838235294117647 0.07581699346405228
0 0.4647058823529412 0.6098039215686275 0.011764705882352941 0.0718954248366013
0 0.6290441176470588 0.15294117647058825 0.005147058823529412 0.026143790849673203
0 0.36764705882352944 0.7980392156862746 0.01764705882352941 0.09281045751633987
0 0.34816176470588234 0.7967320261437908 0.016911764705882352 0.09019607843137255
0 0.3588235294117647 0.949673202614379 0.023529411764705882 0.09803921568627451
0 0.36433823529411763 0.965359477124183 0.01838235294117647 0.06928104575163399
0 0.25073529411764706 0.6745098039215687 0.01911764705882353 0.08627450980392157
0 0.004044117647058824 0.3405228758169935 0.008088235294117648 0.048366013071895426
0 0.19080882352941175 0.515032679738562 0.022794117647058822 0.05751633986928104
0 0.17058823529411765 0.5163398692810458 0.010294117647058823 0.05751633986928104
0 0.17169117647058824 0.49673202614379086 0.0125 0.05751633986928104
0 0.19852941176470587 0.3333333333333333 0.008823529411764706 0.03398692810457516
0 0.19080882352941175 0.33398692810457514 0.009558823529411765 0.0457516339869281
0 0.18198529411764705 0.3300653594771242 0.009558823529411765 0.043137254901960784
0 0.17941176470588235 0.11045751633986928 0.0058823529411764705 0.0196078431372549
0 0.20073529411764707 0.19084967320261437 0.007352941176470588 0.02875816993464052
0 0.19779411764705881 0.16797385620915034 0.007352941176470588 0.027450980392156862
0 0.19080882352941175 0.16601307189542483 0.005147058823529412 0.02875816993464052
0 0.1875 0.16601307189542483 0.0058823529411764705 0.026143790849673203
0 0.18713235294117647 0.2856209150326797 0.008088235294117648 0.040522875816993466
0 0.18860294117647058 0.27647058823529413 0.003676470588235294 0.0196078431372549
0 0.13198529411764706 0.2751633986928105 0.006617647058823529 0.043137254901960784
0 0.11985294117647059 0.27450980392156865 0.010294117647058823 0.04183006535947712
0 0.08088235294117647 0.3562091503267974 0.010294117647058823 0.050980392156862744
0 0.08897058823529412 0.269281045751634 0.0058823529411764705 0.0392156862745098
0 0.026838235294117645 0.25620915032679736 0.0125 0.04183006535947712
0 0.05183823529411765 0.373202614379085 0.011029411764705883 0.048366013071895426
0 0.06801470588235294 0.3686274509803922 0.013970588235294118 0.047058823529411764
0 0.05845588235294118 0.3483660130718954 0.011029411764705883 0.050980392156862744
0 0.06397058823529411 0.3006535947712418 0.013235294117647059 0.04183006535947712
0 0.15220588235294116 0.14705882352941177 0.0058823529411764705 0.02483660130718954
0 0.11323529411764706 0.15751633986928104 0.007352941176470588 0.02483660130718954
0 0.12904411764705884 0.1627450980392157 0.005147058823529412 0.02483660130718954
0 0.13529411764705881 0.14901960784313725 0.004411764705882353 0.023529411764705882
0 0.13897058823529412 0.16666666666666666 0.004411764705882353 0.01437908496732026
0 0.955514705882353 0.726797385620915 0.025735294117647058 0.08104575163398693