0 0.8959558823529412 0.8849673202614379 0.016911764705882352 0.06013071895424837
0 0.8783088235294118 0.8666666666666667 0.01838235294117647 0.07581699346405228
0 0.86875 0.8352941176470589 0.030147058823529412 0.07320261437908497
0 0.8602941176470589 0.8124183006535948 0.025 0.0718954248366013
0 0.8724264705882353 0.6176470588235294 0.01838235294117647 0.06143790849673202
0 0.950735294117647 0.6078431372549019 0.020588235294117647 0.06797385620915032
0 0.9426470588235294 0.5712418300653594 0.016176470588235296 0.05228758169934641
0 0.961764705882353 0.538562091503268 0.01764705882352941 0.05751633986928104
0 0.6981617647058823 0.7450980392156863 0.022794117647058822 0.06797385620915032
0 0.7783088235294118 0.46339869281045754 0.015441176470588236 0.030065359477124184
0 0.819485294117647 0.49673202614379086 0.013970588235294118 0.036601307189542485
0 0.8238970588235294 0.4823529411764706 0.0125 0.044444444444444446
0 0.6882352941176471 0.4019607843137255 0.010294117647058823 0.032679738562091505
0 0.20808823529411766 0.8287581699346406 0.029411764705882353 0.0784313725490196
0 0.26323529411764707 0.8124183006535948 0.016176470588235296 0.0718954248366013
0 0.2727941176470588 0.7483660130718954 0.020588235294117647 0.06666666666666667
0 0.6727941176470589 0.06209150326797386 0.0058823529411764705 0.03790849673202614
0 0.6797794117647059 0.06535947712418301 0.006617647058823529 0.0392156862745098
0 0.6878676470588235 0.06339869281045751 0.008088235294117648 0.03790849673202614
0 0.7580882352941176 0.021568627450980392 0.007352941176470588 0.03529411764705882
0 0.10588235294117647 0.6143790849673203 0.020588235294117647 0.06013071895424837
0 0.1323529411764706 0.6065359477124183 0.022058823529411766 0.06274509803921569
0 0.3422794117647059 0.3908496732026144 0.0125 0.03398692810457516
0 0.10845588235294118 0.2522875816993464 0.013970588235294118 0.05751633986928104
0 0.2452205882352941 0.0196078431372549 0.006617647058823529 0.02091503267973856
0 0.2665441176470588 0.018300653594771243 0.008088235294117648 0.02875816993464052
0 0.2841911764705882 0.01699346405228758 0.006617647058823529 0.02875816993464052
0 0.5356617647058823 0.5712418300653594 0.013970588235294118 0.05751633986928104
0 0.5540441176470589 0.5274509803921569 0.008088235294117648 0.058823529411764705
0 0.5680147058823529 0.48823529411764705 0.009558823529411765 0.06143790849673202
0 0.4261029411764706 0.0542483660130719 0.009558823529411765 0.027450980392156862
0 0.4455882352941177 0.028104575163398694 0.0058823529411764705 0.0196078431372549