0 0.03566176470588235 0.7751633986928105 0.04044117647058824 0.12549019607843137
0 0.09191176470588236 0.5843137254901961 0.029411764705882353 0.10718954248366012
0 0.13014705882352942 0.6339869281045751 0.026470588235294117 0.09673202614379085
0 0.04191176470588235 0.32679738562091504 0.01911764705882353 0.04967320261437908
0 0.4113970588235294 0.4130718954248366 0.016911764705882352 0.0784313725490196
0 0.43786764705882353 0.42483660130718953 0.02426470588235294 0.0784313725490196
0 0.5007352941176471 0.42745098039215684 0.01911764705882353 0.0784313725490196
0 0.47941176470588237 0.4176470588235294 0.013235294117647059 0.07712418300653595
0 0.42867647058823527 0.3908496732026144 0.014705882352941176 0.07058823529411765
0 0.47610294117647056 0.4071895424836601 0.019852941176470587 0.07712418300653595
0 0.43713235294117647 0.41045751633986927 0.019852941176470587 0.07581699346405228
0 0.44080882352941175 0.4019607843137255 0.016911764705882352 0.08496732026143791
0 0.575 0.33986928104575165 0.013235294117647059 0.06535947712418301
0 0.5922794117647059 0.3431372549019608 0.011029411764705883 0.06405228758169934
0 0.6242647058823529 0.3764705882352941 0.01911764705882353 0.07058823529411765
0 0.6125 0.3366013071895425 0.01764705882352941 0.0718954248366013
0 0.8308823529411765 0.3104575163398693 0.01764705882352941 0.06928104575163399
0 0.8654411764705883 0.32679738562091504 0.01764705882352941 0.07058823529411765
0 0.9389705882352941 0.2503267973856209 0.014705882352941176 0.048366013071895426
0 0.9558823529411765 0.14901960784313725 0.007352941176470588 0.036601307189542485
0 0.9683823529411765 0.1542483660130719 0.011764705882352941 0.04183006535947712
0 0.7801470588235294 0.11633986928104575 0.008823529411764706 0.02875816993464052
0 0.8672794117647059 0.12418300653594772 0.009558823529411765 0.04183006535947712
0 0.8797794117647059 0.12483660130718954 0.011029411764705883 0.03529411764705882
0 0.8702205882352941 0.12483660130718954 0.005147058823529412 0.03529411764705882
0 0.9084558823529412 0.0869281045751634 0.008088235294117648 0.03529411764705882
0 0.43419117647058825 0.14444444444444443 0.006617647058823529 0.030065359477124184
0 0.4922794117647059 0.09673202614379085 0.008088235294117648 0.03398692810457516
0 0.5158088235294118 0.12222222222222222 0.009558823529411765 0.032679738562091505
0 0.3139705882352941 0.09607843137254903 0.008823529411764706 0.030065359477124184
0 0.025735294117647058 0.09215686274509804 0.010294117647058823 0.030065359477124184