0 0.5052083333333334 0.37592592592592594 0.00625 0.025925925925925925
0 0.4973958333333333 0.3962962962962963 0.005208333333333333 0.02962962962962963
0 0.48854166666666665 0.3925925925925926 0.00625 0.025925925925925925
0 0.4796875 0.3962962962962963 0.005208333333333333 0.037037037037037035
0 0.48489583333333336 0.43796296296296294 0.009375 0.027777777777777776
0 0.4947916666666667 0.43333333333333335 0.00625 0.025925925925925925
0 0.2328125 0.43333333333333335 0.007291666666666667 0.02962962962962963
0 0.23697916666666666 0.4324074074074074 0.007291666666666667 0.03148148148148148
0 0.24583333333333332 0.42592592592592593 0.008333333333333333 0.02962962962962963
0 0.2552083333333333 0.44814814814814813 0.00625 0.02962962962962963
0 0.19375 0.5453703703703704 0.008333333333333333 0.03888888888888889
0 0.20520833333333333 0.562962962962963 0.010416666666666666 0.040740740740740744
0 0.058854166666666666 0.5222222222222223 0.009375 0.02962962962962963
0 0.25052083333333336 0.5259259259259259 0.009375 0.040740740740740744
0 0.25052083333333336 0.5888888888888889 0.009375 0.05185185185185185
0 0.2671875 0.5740740740740741 0.007291666666666667 0.037037037037037035
0 0.25625 0.5685185185185185 0.008333333333333333 0.02962962962962963
0 0.24114583333333334 0.5833333333333334 0.007291666666666667 0.04814814814814815
0 0.178125 0.5962962962962963 0.01875 0.04814814814814815
0 0.18802083333333333 0.5703703703703704 0.011458333333333333 0.022222222222222223
0 0.14270833333333333 0.6240740740740741 0.00625 0.05185185185185185
0 0.12239583333333333 0.6055555555555555 0.011458333333333333 0.025925925925925925
0 0.12552083333333333 0.5990740740740741 0.011458333333333333 0.03148148148148148
0 0.1265625 0.5990740740740741 0.007291666666666667 0.020370370370370372
0 0.059375 0.6092592592592593 0.0125 0.05185185185185185
0 0.010416666666666666 0.5333333333333333 0.0125 0.044444444444444446
0 0.10104166666666667 0.7333333333333333 0.016666666666666666 0.05555555555555555
0 0.08697916666666666 0.7796296296296297 0.013541666666666667 0.05555555555555555
0 0.09270833333333334 0.8148148148148148 0.014583333333333334 0.05555555555555555
0 0.09010416666666667 0.8203703703703704 0.009375 0.02962962962962963
0 0.13854166666666667 0.7564814814814815 0.029166666666666667 0.06851851851851852
0 0.20625 0.7435185185185185 0.0125 0.05740740740740741
0 0.3255208333333333 0.9388888888888889 0.026041666666666668 0.07777777777777778
0 0.20833333333333334 0.6481481481481481 0.010416666666666666 0.037037037037037035
0 0.3625 0.9648148148148148 0.014583333333333334 0.025925925925925925
0 0.3802083333333333 0.9574074074074074 0.020833333333333332 0.08148148148148149
0 0.43072916666666666 0.6203703703703703 0.011458333333333333 0.044444444444444446
0 0.440625 0.6055555555555555 0.0125 0.03333333333333333
0 0.6052083333333333 0.9212962962962963 0.014583333333333334 0.07592592592592592
0 0.6208333333333333 0.9111111111111111 0.01875 0.07777777777777778
0 0.5432291666666667 0.8407407407407408 0.015625 0.05185185185185185
0 0.5890625 0.8398148148148148 0.015625 0.07222222222222222
0 0.6067708333333334 0.85 0.015625 0.07407407407407407
0 0.5213541666666667 0.725 0.011458333333333333 0.05
0 0.4510416666666667 0.4777777777777778 0.010416666666666666 0.02962962962962963