0 0.3764705882352941 0.12156862745098039 0.0058823529411764705 0.026143790849673203
0 0.38235294117647056 0.12222222222222222 0.0058823529411764705 0.022222222222222223
0 0.4647058823529412 0.07647058823529412 0.0058823529411764705 0.02483660130718954
0 0.5808823529411765 0.28431372549019607 0.007352941176470588 0.03529411764705882
0 0.6610294117647059 0.23529411764705882 0.007352941176470588 0.03137254901960784
0 0.6713235294117647 0.23071895424836603 0.0058823529411764705 0.030065359477124184
0 0.7911764705882353 0.39215686274509803 0.010294117647058823 0.036601307189542485
0 0.5680147058823529 0.3712418300653595 0.008088235294117648 0.03137254901960784
0 0.7183823529411765 0.19607843137254902 0.0058823529411764705 0.026143790849673203
0 0.5205882352941177 0.11764705882352941 0.0058823529411764705 0.01568627450980392
0 0.5466911764705882 0.1287581699346405 0.003676470588235294 0.01699346405228758
0 0.22941176470588234 0.3235294117647059 0.007352941176470588 0.027450980392156862
0 0.24154411764705883 0.3509803921568627 0.008088235294117648 0.01437908496732026
0 0.2746323529411765 0.3790849673202614 0.009558823529411765 0.036601307189542485
0 0.4033088235294118 0.6124183006535948 0.009558823529411765 0.050980392156862744
0 0.3849264705882353 0.6196078431372549 0.009558823529411765 0.047058823529411764
0 0.5224264705882353 0.056862745098039215 0.003676470588235294 0.0196078431372549
0 0.5253676470588236 0.06209150326797386 0.003676470588235294 0.01699346405228758
0 0.35404411764705884 0.043137254901960784 0.003676470588235294 0.018300653594771243
0 0.3514705882352941 0.047058823529411764 0.0058823529411764705 0.02091503267973856
0 0.5606617647058824 0.042483660130718956 0.005147058823529412 0.0196078431372549
0 0.34191176470588236 0.08823529411764706 0.0058823529411764705 0.02483660130718954