0 0.21213235294117647 0.46797385620915033 0.009558823529411765 0.04183006535947712
0 0.2025735294117647 0.46862745098039216 0.008088235294117648 0.03790849673202614
0 0.13970588235294118 0.33398692810457514 0.004411764705882353 0.030065359477124184
0 0.12536764705882353 0.40065359477124185 0.005147058823529412 0.027450980392156862
0 0.1625 0.36993464052287583 0.007352941176470588 0.02875816993464052
0 0.17022058823529412 0.37058823529411766 0.008088235294117648 0.030065359477124184
0 0.16654411764705881 0.3333333333333333 0.005147058823529412 0.023529411764705882
0 0.17352941176470588 0.33464052287581697 0.004411764705882353 0.026143790849673203
0 0.11213235294117647 0.6111111111111112 0.011029411764705883 0.06143790849673202
0 0.08860294117647059 0.6588235294117647 0.011029411764705883 0.06535947712418301
0 0.07463235294117647 0.6150326797385621 0.009558823529411765 0.058823529411764705
0 0.14558823529411766 0.7124183006535948 0.016176470588235296 0.08627450980392157
0 0.16544117647058823 0.6993464052287581 0.011764705882352941 0.0784313725490196
0 0.10845588235294118 0.7856209150326797 0.013970588235294118 0.0784313725490196
0 0.09889705882352941 0.7993464052287582 0.015441176470588236 0.08758169934640522
0 0.06066176470588235 0.8712418300653595 0.025735294117647058 0.09281045751633987
0 0.03823529411764706 0.9169934640522875 0.025 0.10588235294117647
0 0.016911764705882352 0.9601307189542484 0.020588235294117647 0.07973856209150326
0 0.0055147058823529415 0.9411764705882353 0.011029411764705883 0.10980392156862745
0 0.006617647058823529 0.918954248366013 0.013235294117647059 0.10196078431372549
0 0.4209558823529412 0.26405228758169935 0.0022058823529411764 0.01568627450980392
0 0.8319852941176471 0.8673202614379085 0.021323529411764706 0.08235294117647059
0 0.9319852941176471 0.7261437908496732 0.015441176470588236 0.08235294117647059
0 0.9011029411764706 0.5745098039215686 0.013970588235294118 0.058823529411764705
0 0.8801470588235294 0.5777777777777777 0.008823529411764706 0.05228758169934641
0 0.8220588235294117 0.5398692810457516 0.013235294117647059 0.04183006535947712
0 0.75625 0.5620915032679739 0.008088235294117648 0.04183006535947712
0 0.763235294117647 0.5875816993464053 0.011764705882352941 0.03529411764705882
0 0.7709558823529412 0.5601307189542484 0.009558823529411765 0.050980392156862744
0 0.7746323529411765 0.5137254901960784 0.009558823529411765 0.0392156862745098
0 0.7466911764705882 0.4980392156862745 0.0125 0.04183006535947712
0 0.6768382352941177 0.477124183006536 0.006617647058823529 0.0392156862745098
0 0.6705882352941176 0.47058823529411764 0.007352941176470588 0.04183006535947712
0 0.6922794117647059 0.45751633986928103 0.008088235294117648 0.04183006535947712
0 0.6988970588235294 0.44901960784313727 0.008088235294117648 0.032679738562091505
0 0.6889705882352941 0.4117647058823529 0.008823529411764706 0.03398692810457516
0 0.6823529411764706 0.4143790849673203 0.007352941176470588 0.036601307189542485
0 0.6841911764705882 0.4339869281045752 0.008088235294117648 0.03137254901960784
0 0.6650735294117647 0.43790849673202614 0.006617647058823529 0.03137254901960784
0 0.5996323529411764 0.33137254901960783 0.003676470588235294 0.0196078431372549