0 0.17316176470588235 0.6379084967320261 0.022794117647058822 0.05751633986928104
0 0.20330882352941176 0.6189542483660131 0.021323529411764706 0.048366013071895426
0 0.22830882352941176 0.7241830065359477 0.02426470588235294 0.05751633986928104
0 0.22426470588235295 0.9111111111111111 0.030882352941176472 0.05751633986928104
0 0.7871323529411764 0.7366013071895425 0.02426470588235294 0.048366013071895426
0 0.6746323529411765 0.6784313725490196 0.025735294117647058 0.06013071895424837
0 0.6636029411764706 0.6594771241830065 0.015441176470588236 0.050980392156862744
0 0.5794117647058824 0.7980392156862746 0.011764705882352941 0.027450980392156862
0 0.5735294117647058 0.8026143790849674 0.025 0.07320261437908497
0 0.5580882352941177 0.7908496732026143 0.016176470588235296 0.04967320261437908
0 0.5676470588235294 0.3888888888888889 0.020588235294117647 0.058823529411764705
0 0.5753676470588235 0.3784313725490196 0.013970588235294118 0.043137254901960784
0 0.5246323529411765 0.3137254901960784 0.01838235294117647 0.05751633986928104
0 0.5308823529411765 0.3006535947712418 0.016176470588235296 0.047058823529411764
0 0.6463235294117647 0.0196078431372549 0.014705882352941176 0.0392156862745098
0 0.8632352941176471 0.38300653594771245 0.023529411764705882 0.054901960784313725
0 0.9529411764705882 0.3941176470588235 0.025 0.05620915032679739