0 0.21102941176470588 0.6718954248366014 0.016176470588235296 0.05228758169934641
0 0.4158088235294118 0.5771241830065359 0.013970588235294118 0.040522875816993466
0 0.2566176470588235 0.4320261437908497 0.008823529411764706 0.0457516339869281
0 0.8345588235294118 0.6241830065359477 0.011764705882352941 0.0457516339869281
0 0.8727941176470588 0.6300653594771242 0.013235294117647059 0.05228758169934641
0 0.9485294117647058 0.7065359477124183 0.016176470588235296 0.06143790849673202
0 0.9400735294117647 0.7065359477124183 0.01838235294117647 0.050980392156862744
0 0.955514705882353 0.7222222222222222 0.015441176470588236 0.03790849673202614
0 0.9654411764705882 0.7196078431372549 0.011764705882352941 0.040522875816993466
0 0.9731617647058823 0.707843137254902 0.0125 0.027450980392156862
0 0.9768382352941176 0.6954248366013072 0.009558823529411765 0.05751633986928104
0 0.9463235294117647 0.5803921568627451 0.016176470588235296 0.04967320261437908
0 0.9551470588235295 0.5450980392156862 0.013235294117647059 0.047058823529411764
0 0.9610294117647059 0.5411764705882353 0.011764705882352941 0.04967320261437908
0 0.8610294117647059 0.5326797385620915 0.011764705882352941 0.043137254901960784
0 0.6305147058823529 0.5189542483660131 0.009558823529411765 0.04183006535947712
0 0.6375 0.5117647058823529 0.008823529411764706 0.0457516339869281
0 0.6268382352941176 0.5124183006535947 0.009558823529411765 0.044444444444444446
0 0.6459558823529412 0.5084967320261438 0.008088235294117648 0.047058823529411764
0 0.6735294117647059 0.5137254901960784 0.011764705882352941 0.04183006535947712
0 0.674264705882353 0.5052287581699346 0.014705882352941176 0.03790849673202614
0 0.7 0.48627450980392156 0.011764705882352941 0.03398692810457516
0 0.7871323529411764 0.545751633986928 0.011029411764705883 0.040522875816993466
0 0.8202205882352941 0.5169934640522876 0.011029411764705883 0.0457516339869281
0 0.5518382352941177 0.45751633986928103 0.008088235294117648 0.044444444444444446
0 0.6875 0.45098039215686275 0.008823529411764706 0.0392156862745098
0 0.39742647058823527 0.4300653594771242 0.009558823529411765 0.0392156862745098
0 0.5040441176470588 0.4411764705882353 0.009558823529411765 0.03790849673202614
0 0.4375 0.25098039215686274 0.0058823529411764705 0.018300653594771243
0 0.17720588235294119 0.2699346405228758 0.0058823529411764705 0.02483660130718954
0 0.2011029411764706 0.27124183006535946 0.006617647058823529 0.027450980392156862
0 0.20772058823529413 0.27712418300653596 0.008088235294117648 0.02875816993464052
0 0.21801470588235294 0.2647058823529412 0.005147058823529412 0.02483660130718954
0 0.28198529411764706 0.22091503267973855 0.005147058823529412 0.02091503267973856
0 0.28602941176470587 0.2222222222222222 0.0058823529411764705 0.02091503267973856
0 0.28198529411764706 0.19934640522875818 0.005147058823529412 0.0196078431372549
0 0.10147058823529412 0.35555555555555557 0.011764705882352941 0.02875816993464052