0 0.55625 0.22549019607843138 0.009558823529411765 0.03790849673202614
0 0.5742647058823529 0.18823529411764706 0.008823529411764706 0.02875816993464052
0 0.44816176470588237 0.16143790849673204 0.008088235294117648 0.027450980392156862
0 0.47316176470588234 0.14444444444444443 0.006617647058823529 0.0196078431372549
0 0.42426470588235293 0.36993464052287583 0.008823529411764706 0.02875816993464052
0 0.3981617647058823 0.6111111111111112 0.015441176470588236 0.0457516339869281
0 0.4606617647058823 0.09934640522875816 0.006617647058823529 0.023529411764705882
0 0.45330882352941176 0.10065359477124183 0.006617647058823529 0.023529411764705882
0 0.4650735294117647 0.07973856209150326 0.003676470588235294 0.023529411764705882
0 0.45551470588235293 0.08431372549019608 0.005147058823529412 0.022222222222222223
0 0.4764705882352941 0.07516339869281045 0.004411764705882353 0.022222222222222223
0 0.47573529411764703 0.060784313725490195 0.0058823529411764705 0.0196078431372549
0 0.5330882352941176 0.04379084967320261 0.004411764705882353 0.01699346405228758
0 0.6154411764705883 0.6947712418300653 0.01764705882352941 0.058823529411764705
0 0.8375 0.7130718954248366 0.014705882352941176 0.06405228758169934
0 0.8433823529411765 0.6993464052287581 0.008823529411764706 0.03137254901960784