0 0.5518382352941177 0.492156862745098 0.0125 0.050980392156862744
0 0.5323529411764706 0.49084967320261436 0.010294117647058823 0.05359477124183006
0 0.5371323529411764 0.4738562091503268 0.009558823529411765 0.05620915032679739
0 0.011029411764705883 0.134640522875817 0.007352941176470588 0.02875816993464052
0 0.015441176470588236 0.1450980392156863 0.007352941176470588 0.02091503267973856
0 0.022058823529411766 0.12745098039215685 0.008823529411764706 0.02483660130718954
0 0.02022058823529412 0.13986928104575164 0.008088235294117648 0.018300653594771243
0 0.027573529411764705 0.1411764705882353 0.009558823529411765 0.018300653594771243
0 0.03235294117647059 0.14248366013071895 0.010294117647058823 0.02091503267973856
0 0.04154411764705882 0.13660130718954247 0.008088235294117648 0.0196078431372549
0 0.051470588235294115 0.13529411764705881 0.007352941176470588 0.022222222222222223
0 0.059926470588235296 0.13725490196078433 0.006617647058823529 0.01568627450980392
0 0.06691176470588235 0.1411764705882353 0.008823529411764706 0.03398692810457516
0 0.08823529411764706 0.13071895424836602 0.007352941176470588 0.03137254901960784
0 0.11176470588235295 0.10588235294117647 0.007352941176470588 0.03137254901960784
0 0.11029411764705882 0.10392156862745099 0.007352941176470588 0.032679738562091505
0 0.033455882352941176 0.0784313725490196 0.008088235294117648 0.02875816993464052
0 0.026470588235294117 0.07712418300653595 0.007352941176470588 0.026143790849673203
0 0.040808823529411765 0.0673202614379085 0.006617647058823529 0.027450980392156862
0 0.05808823529411765 0.06535947712418301 0.007352941176470588 0.03137254901960784