0 0.37169117647058825 0.6941176470588235 0.0125 0.06013071895424837
0 0.6514705882352941 0.4928104575163399 0.008823529411764706 0.04967320261437908
0 0.6731617647058824 0.4045751633986928 0.011029411764705883 0.0196078431372549
0 0.6143382352941177 0.36013071895424836 0.008088235294117648 0.03790849673202614
0 0.6253676470588235 0.3457516339869281 0.008088235294117648 0.040522875816993466
0 0.6555147058823529 0.31437908496732025 0.011029411764705883 0.043137254901960784
0 0.4488970588235294 0.40261437908496733 0.011029411764705883 0.02875816993464052
0 0.5161764705882353 0.3581699346405229 0.008823529411764706 0.02875816993464052
0 0.5448529411764705 0.296078431372549 0.007352941176470588 0.03790849673202614
0 0.6147058823529412 0.18496732026143792 0.0058823529411764705 0.027450980392156862
0 0.5904411764705882 0.18496732026143792 0.0058823529411764705 0.030065359477124184
0 0.5691176470588235 0.17516339869281045 0.0058823529411764705 0.02875816993464052
0 0.5753676470588235 0.17058823529411765 0.005147058823529412 0.01699346405228758
0 0.5117647058823529 0.013725490196078431 0.004411764705882353 0.01699346405228758
0 0.5150735294117647 0.01437908496732026 0.003676470588235294 0.018300653594771243