0 0.7727941176470589 0.29215686274509806 0.004411764705882353 0.027450980392156862
0 0.7783088235294118 0.2928104575163399 0.005147058823529412 0.023529411764705882
0 0.6257352941176471 0.5013071895424837 0.0058823529411764705 0.03790849673202614
0 0.6308823529411764 0.5418300653594771 0.013235294117647059 0.027450980392156862
0 0.5547794117647059 0.5372549019607843 0.0125 0.05228758169934641
0 0.5459558823529411 0.5549019607843138 0.011029411764705883 0.048366013071895426
0 0.5753676470588235 0.5686274509803921 0.0125 0.04967320261437908
0 0.575 0.4647058823529412 0.0058823529411764705 0.040522875816993466
0 0.5680147058823529 0.4522875816993464 0.008088235294117648 0.04183006535947712
0 0.6040441176470588 0.42810457516339867 0.0125 0.03529411764705882
0 0.549264705882353 0.4150326797385621 0.007352941176470588 0.043137254901960784
0 0.5613970588235294 0.4189542483660131 0.0125 0.040522875816993466
0 0.5224264705882353 0.5032679738562091 0.0125 0.047058823529411764
0 0.5845588235294118 0.369281045751634 0.007352941176470588 0.0196078431372549
0 0.5459558823529411 0.2980392156862745 0.006617647058823529 0.03398692810457516
0 0.5540441176470589 0.2065359477124183 0.006617647058823529 0.023529411764705882
0 0.5536764705882353 0.1261437908496732 0.0058823529411764705 0.022222222222222223
0 0.5536764705882353 0.12745098039215685 0.007352941176470588 0.0196078431372549
0 0.48125 0.11176470588235295 0.005147058823529412 0.0196078431372549
0 0.3176470588235294 0.16013071895424835 0.0058823529411764705 0.027450980392156862
0 0.29191176470588237 0.1980392156862745 0.0058823529411764705 0.032679738562091505
0 0.31691176470588234 0.46143790849673205 0.008823529411764706 0.04967320261437908
0 0.37977941176470587 0.5261437908496732 0.0125 0.05359477124183006
0 0.37536764705882353 0.5450980392156862 0.011029411764705883 0.05751633986928104
0 0.3613970588235294 0.5542483660130719 0.011029411764705883 0.05228758169934641
0 0.4099264705882353 0.5366013071895425 0.011029411764705883 0.0457516339869281
0 0.3698529411764706 0.7176470588235294 0.014705882352941176 0.05751633986928104
0 0.12022058823529412 0.44052287581699345 0.011029411764705883 0.04183006535947712
0 0.015073529411764706 0.46339869281045754 0.009558823529411765 0.040522875816993466
0 0.22463235294117648 0.9052287581699346 0.016911764705882352 0.06928104575163399
0 0.2139705882352941 0.884313725490196 0.01764705882352941 0.06666666666666667
0 0.2125 0.9633986928104575 0.014705882352941176 0.07320261437908497
0 0.1988970588235294 0.9424836601307189 0.021323529411764706 0.05228758169934641