0 0.6569852941176471 0.8222222222222222 0.019852941176470587 0.08104575163398693
0 0.7610294117647058 0.9699346405228758 0.030882352941176472 0.054901960784313725
0 0.8415441176470588 0.3156862745098039 0.006617647058823529 0.027450980392156862
0 0.8323529411764706 0.31633986928104574 0.008823529411764706 0.02875816993464052
0 0.8253676470588235 0.3183006535947712 0.005147058823529412 0.027450980392156862
0 0.5533088235294118 0.3130718954248366 0.011029411764705883 0.032679738562091505
0 0.19411764705882353 0.2647058823529412 0.0058823529411764705 0.03529411764705882
0 0.18639705882352942 0.238562091503268 0.006617647058823529 0.030065359477124184
0 0.21066176470588235 0.22549019607843138 0.006617647058823529 0.030065359477124184
0 0.19926470588235295 0.23398692810457516 0.004411764705882353 0.026143790849673203
0 0.20477941176470588 0.23398692810457516 0.006617647058823529 0.02875816993464052
0 0.3264705882352941 0.22483660130718955 0.0058823529411764705 0.018300653594771243
0 0.49117647058823527 0.20392156862745098 0.004411764705882353 0.02091503267973856
0 0.46654411764705883 0.1627450980392157 0.003676470588235294 0.01699346405228758
0 0.47095588235294117 0.16209150326797386 0.003676470588235294 0.01568627450980392
0 0.6507352941176471 0.19869281045751633 0.004411764705882353 0.01568627450980392
0 0.65625 0.1934640522875817 0.003676470588235294 0.018300653594771243
0 0.63125 0.18823529411764706 0.005147058823529412 0.018300653594771243
0 0.64375 0.18888888888888888 0.003676470588235294 0.0196078431372549
0 0.6400735294117647 0.19084967320261437 0.003676470588235294 0.01568627450980392
0 0.6400735294117647 0.19084967320261437 0.003676470588235294 0.018300653594771243
0 0.6077205882352941 0.1895424836601307 0.003676470588235294 0.01568627450980392
0 0.4852941176470588 0.14836601307189543 0.010294117647058823 0.022222222222222223
0 0.5176470588235295 0.1568627450980392 0.0029411764705882353 0.018300653594771243
0 0.5176470588235295 0.13529411764705881 0.0029411764705882353 0.011764705882352941