0 0.09338235294117647 0.7908496732026143 0.01764705882352941 0.07058823529411765
0 0.10882352941176471 0.7836601307189542 0.025 0.07973856209150326
0 0.7783088235294118 0.3535947712418301 0.008088235294117648 0.0457516339869281
0 0.6470588235294118 0.3718954248366013 0.010294117647058823 0.0457516339869281
0 0.9253676470588236 0.8274509803921568 0.021323529411764706 0.07581699346405228
0 0.5893382352941177 0.21372549019607842 0.005147058823529412 0.022222222222222223
0 0.5893382352941177 0.20784313725490197 0.006617647058823529 0.026143790849673203
0 0.5970588235294118 0.19150326797385622 0.004411764705882353 0.022222222222222223
0 0.663235294117647 0.13725490196078433 0.004411764705882353 0.02875816993464052
0 0.65625 0.12745098039215685 0.005147058823529412 0.030065359477124184
0 0.6613970588235294 0.1300653594771242 0.005147058823529412 0.01699346405228758
0 0.5852941176470589 0.1411764705882353 0.0058823529411764705 0.023529411764705882
0 0.6397058823529411 0.10784313725490197 0.004411764705882353 0.0196078431372549
0 0.5915441176470588 0.013071895424836602 0.003676470588235294 0.01568627450980392
0 0.5797794117647059 0.03398692810457516 0.003676470588235294 0.026143790849673203
0 0.5720588235294117 0.06013071895424837 0.004411764705882353 0.02091503267973856
0 0.5522058823529412 0.006535947712418301 0.0029411764705882353 0.01045751633986928
0 0.1974264705882353 0.5738562091503268 0.015441176470588236 0.047058823529411764
0 0.29926470588235293 0.4065359477124183 0.010294117647058823 0.04967320261437908
0 0.24779411764705883 0.4294117647058823 0.008823529411764706 0.0457516339869281
0 0.25735294117647056 0.39019607843137255 0.011764705882352941 0.048366013071895426
0 0.2702205882352941 0.38300653594771245 0.009558823529411765 0.044444444444444446
0 0.26838235294117646 0.365359477124183 0.008823529411764706 0.0457516339869281
0 0.30661764705882355 0.296078431372549 0.007352941176470588 0.040522875816993466
0 0.31286764705882353 0.2954248366013072 0.008088235294117648 0.04183006535947712
0 0.3180147058823529 0.296078431372549 0.008088235294117648 0.03529411764705882
0 0.3110294117647059 0.23137254901960785 0.007352941176470588 0.03398692810457516
0 0.3628676470588235 0.1588235294117647 0.005147058823529412 0.030065359477124184
0 0.3672794117647059 0.1627450980392157 0.005147058823529412 0.022222222222222223
0 0.3672794117647059 0.1326797385620915 0.005147058823529412 0.022222222222222223
0 0.375 0.1300653594771242 0.007352941176470588 0.030065359477124184
0 0.3915441176470588 0.07124183006535947 0.005147058823529412 0.02483660130718954
0 0.4022058823529412 0.06470588235294118 0.004411764705882353 0.022222222222222223
0 0.40955882352941175 0.06535947712418301 0.004411764705882353 0.023529411764705882
0 0.38823529411764707 0.06143790849673202 0.004411764705882353 0.02091503267973856