0 0.415625 0.7453703703703703 0.014583333333333334 0.08703703703703704
0 0.41510416666666666 0.7342592592592593 0.009375 0.03148148148148148
0 0.5041666666666667 0.6046296296296296 0.016666666666666666 0.06111111111111111
0 0.5770833333333333 0.8462962962962963 0.025 0.09259259259259259
0 0.5765625 0.6833333333333333 0.013541666666666667 0.07407407407407407
0 0.5744791666666667 0.562962962962963 0.011458333333333333 0.05925925925925926
0 0.5994791666666667 0.5611111111111111 0.011458333333333333 0.05185185185185185
0 0.5338541666666666 0.5518518518518518 0.017708333333333333 0.05925925925925926
0 0.5541666666666667 0.5166666666666667 0.014583333333333334 0.04814814814814815
0 0.428125 0.5148148148148148 0.010416666666666666 0.044444444444444446
0 0.4265625 0.4861111111111111 0.009375 0.046296296296296294
0 0.5223958333333333 0.38055555555555554 0.007291666666666667 0.03518518518518519
0 0.58125 0.40370370370370373 0.00625 0.040740740740740744
0 0.5671875 0.41759259259259257 0.009375 0.03518518518518519
0 0.5671875 0.40185185185185185 0.007291666666666667 0.022222222222222223
0 0.4734375 0.39444444444444443 0.007291666666666667 0.03333333333333333
0 0.5239583333333333 0.3398148148148148 0.00625 0.020370370370370372
0 0.5307291666666667 0.31666666666666665 0.007291666666666667 0.025925925925925925
0 0.5125 0.31296296296296294 0.00625 0.018518518518518517
0 0.515625 0.2898148148148148 0.004166666666666667 0.016666666666666666
0 0.4973958333333333 0.28888888888888886 0.005208333333333333 0.018518518518518517
0 0.490625 0.2861111111111111 0.00625 0.016666666666666666