0 0.5546875 0.8111111111111111 0.015625 0.05185185185185185
0 0.5046875 0.7787037037037037 0.013541666666666667 0.053703703703703705
0 0.4984375 0.6907407407407408 0.011458333333333333 0.02962962962962963
0 0.5005208333333333 0.7027777777777777 0.017708333333333333 0.03518518518518519
0 0.4864583333333333 0.6166666666666667 0.010416666666666666 0.037037037037037035
0 0.5041666666666667 0.5416666666666666 0.008333333333333333 0.027777777777777776
0 0.4895833333333333 0.5101851851851852 0.008333333333333333 0.027777777777777776
0 0.4453125 0.5361111111111111 0.011458333333333333 0.03148148148148148
0 0.4588541666666667 0.5027777777777778 0.009375 0.024074074074074074
0 0.4515625 0.4685185185185185 0.011458333333333333 0.02962962962962963
0 0.20989583333333334 0.46296296296296297 0.009375 0.02962962962962963
0 0.18802083333333333 0.4027777777777778 0.007291666666666667 0.027777777777777776
0 0.21666666666666667 0.4027777777777778 0.00625 0.027777777777777776
0 0.22395833333333334 0.40185185185185185 0.00625 0.022222222222222223
0 0.21041666666666667 0.39166666666666666 0.008333333333333333 0.020370370370370372
0 0.46145833333333336 0.40925925925925927 0.008333333333333333 0.018518518518518517
0 0.4083333333333333 0.3907407407407407 0.008333333333333333 0.022222222222222223
0 0.4578125 0.3925925925925926 0.005208333333333333 0.018518518518518517
0 0.45625 0.36944444444444446 0.00625 0.024074074074074074
0 0.43802083333333336 0.36203703703703705 0.005208333333333333 0.020370370370370372
0 0.40729166666666666 0.3675925925925926 0.00625 0.016666666666666666
0 0.4041666666666667 0.3435185185185185 0.00625 0.016666666666666666
0 0.37447916666666664 0.3398148148148148 0.007291666666666667 0.020370370370370372
0 0.4140625 0.28055555555555556 0.005208333333333333 0.012962962962962963
0 0.36666666666666664 0.2518518518518518 0.004166666666666667 0.014814814814814815
0 0.37552083333333336 0.2518518518518518 0.003125 0.011111111111111112
0 0.3802083333333333 0.2361111111111111 0.0020833333333333333 0.016666666666666666
0 0.38125 0.25925925925925924 0.004166666666666667 0.011111111111111112
0 0.3848958333333333 0.25 0.003125 0.007407407407407408
0 0.40208333333333335 0.24537037037037038 0.0020833333333333333 0.009259259259259259
0 0.4953125 0.23333333333333334 0.003125 0.014814814814814815
0 0.4979166666666667 0.25 0.0020833333333333333 0.011111111111111112
0 0.46458333333333335 0.32407407407407407 0.004166666666666667 0.011111111111111112
0 0.6671875 0.287962962962963 0.005208333333333333 0.016666666666666666
0 0.7828125 0.31203703703703706 0.005208333333333333 0.024074074074074074
0 0.8260416666666667 0.31574074074074077 0.004166666666666667 0.020370370370370372
0 0.8364583333333333 0.3037037037037037 0.00625 0.022222222222222223