0 0.2786458333333333 0.1712962962962963 0.007291666666666667 0.027777777777777776
0 0.31302083333333336 0.387037037037037 0.009375 0.022222222222222223
0 0.4197916666666667 0.08703703703703704 0.008333333333333333 0.014814814814814815
0 0.4432291666666667 0.05185185185185185 0.005208333333333333 0.011111111111111112
0 0.6286458333333333 0.2962962962962963 0.007291666666666667 0.03333333333333333
0 0.6458333333333334 0.3296296296296296 0.00625 0.02962962962962963
0 0.6416666666666667 0.32592592592592595 0.00625 0.03333333333333333
0 0.6005208333333333 0.18055555555555555 0.007291666666666667 0.020370370370370372
0 0.5317708333333333 0.125 0.007291666666666667 0.020370370370370372
0 0.6010416666666667 0.5083333333333333 0.0125 0.027777777777777776
0 0.7973958333333333 0.35555555555555557 0.009375 0.03333333333333333