0 0.02610294117647059 0.6470588235294118 0.022794117647058822 0.09411764705882353
0 0.5496323529411765 0.5712418300653594 0.015441176470588236 0.05751633986928104
0 0.5988970588235294 0.5581699346405229 0.013970588235294118 0.03398692810457516
0 0.7919117647058823 0.4196078431372549 0.011764705882352941 0.054901960784313725
0 0.9029411764705882 0.40065359477124185 0.013235294117647059 0.03529411764705882
0 0.8919117647058824 0.39673202614379083 0.008823529411764706 0.03529411764705882
0 0.8547794117647058 0.38758169934640524 0.009558823529411765 0.043137254901960784
0 0.8444852941176471 0.3803921568627451 0.006617647058823529 0.04183006535947712
0 0.7753676470588236 0.4045751633986928 0.008088235294117648 0.048366013071895426
0 0.775 0.31895424836601305 0.008823529411764706 0.036601307189542485
0 0.7588235294117647 0.31176470588235294 0.007352941176470588 0.03529411764705882
0 0.7488970588235294 0.3104575163398693 0.008088235294117648 0.03529411764705882
0 0.48308823529411765 0.22156862745098038 0.004411764705882353 0.0196078431372549
0 0.45183823529411765 0.3137254901960784 0.006617647058823529 0.018300653594771243
0 0.45808823529411763 0.3196078431372549 0.007352941176470588 0.0196078431372549
0 0.41691176470588237 0.265359477124183 0.0058823529411764705 0.023529411764705882
0 0.40625 0.26405228758169935 0.008088235294117648 0.02875816993464052
0 0.15183823529411763 0.3084967320261438 0.008088235294117648 0.02091503267973856
0 0.12095588235294118 0.22287581699346407 0.006617647058823529 0.011764705882352941
0 0.14154411764705882 0.1954248366013072 0.003676470588235294 0.0196078431372549
0 0.11323529411764706 0.19150326797385622 0.0058823529411764705 0.011764705882352941
0 0.052941176470588235 0.20130718954248367 0.0058823529411764705 0.02091503267973856
0 0.04595588235294118 0.20326797385620915 0.005147058823529412 0.0196078431372549
0 0.0125 0.19411764705882353 0.0029411764705882353 0.0196078431372549
0 0.2926470588235294 0.21830065359477124 0.0058823529411764705 0.01568627450980392
0 0.29007352941176473 0.21633986928104576 0.003676470588235294 0.011764705882352941
0 0.2786764705882353 0.2065359477124183 0.0058823529411764705 0.013071895424836602
0 0.22463235294117648 0.1607843137254902 0.003676470588235294 0.013071895424836602
0 0.21507352941176472 0.15751633986928104 0.003676470588235294 0.01699346405228758