0 0.39791666666666664 0.9259259259259259 0.00625 0.02962962962962963
0 0.41041666666666665 0.8861111111111111 0.004166666666666667 0.027777777777777776
0 0.40677083333333336 0.8712962962962963 0.005208333333333333 0.027777777777777776
0 0.34375 0.8592592592592593 0.00625 0.025925925925925925
0 0.3645833333333333 0.8527777777777777 0.00625 0.024074074074074074
0 0.35572916666666665 0.8583333333333333 0.005208333333333333 0.024074074074074074
0 0.42604166666666665 0.7583333333333333 0.004166666666666667 0.012962962962962963
0 0.4088541666666667 0.6981481481481482 0.003125 0.014814814814814815
0 0.5036458333333333 0.6546296296296297 0.003125 0.016666666666666666
0 0.5890625 0.8231481481481482 0.005208333333333333 0.024074074074074074
0 0.5546875 0.7842592592592592 0.005208333333333333 0.020370370370370372
0 0.5390625 0.7657407407407407 0.005208333333333333 0.024074074074074074
0 0.5484375 0.7638888888888888 0.003125 0.020370370370370372
0 0.43802083333333336 0.6240740740740741 0.003125 0.011111111111111112