0 0.12904411764705884 0.9352941176470588 0.027205882352941177 0.06405228758169934
0 0.6040441176470588 0.40522875816993464 0.015441176470588236 0.05751633986928104
0 0.5507352941176471 0.25359477124183005 0.008823529411764706 0.044444444444444446
0 0.8922794117647059 0.696078431372549 0.022794117647058822 0.06405228758169934
0 0.8775735294117647 0.6823529411764706 0.022794117647058822 0.06535947712418301
0 0.8724264705882353 0.6627450980392157 0.027205882352941177 0.05751633986928104
0 0.9110294117647059 0.7875816993464052 0.027941176470588237 0.05359477124183006
0 0.8316176470588236 0.45816993464052286 0.014705882352941176 0.050980392156862744
0 0.8238970588235294 0.4477124183006536 0.015441176470588236 0.03790849673202614
0 0.8459558823529412 0.06143790849673202 0.009558823529411765 0.03398692810457516
0 0.02389705882352941 0.4287581699346405 0.01838235294117647 0.044444444444444446
0 0.3356617647058823 0.21437908496732025 0.011029411764705883 0.0392156862745098