0 0.26066176470588237 0.6130718954248366 0.016911764705882352 0.06797385620915032
0 0.10110294117647059 0.4849673202614379 0.013970588235294118 0.05751633986928104
0 0.08602941176470588 0.4928104575163399 0.013235294117647059 0.05751633986928104
0 0.41323529411764703 0.3359477124183007 0.008823529411764706 0.04183006535947712
0 0.3044117647058823 0.29215686274509806 0.007352941176470588 0.043137254901960784
0 0.2911764705882353 0.29477124183006537 0.007352941176470588 0.040522875816993466
0 0.2977941176470588 0.2725490196078431 0.0058823529411764705 0.03529411764705882
0 0.29007352941176473 0.2875816993464052 0.006617647058823529 0.0392156862745098
0 0.31875 0.14313725490196078 0.003676470588235294 0.011764705882352941
0 0.669485294117647 0.28366013071895424 0.005147058823529412 0.023529411764705882
0 0.6691176470588235 0.28104575163398693 0.004411764705882353 0.02875816993464052
0 0.7610294117647058 0.15947712418300652 0.0029411764705882353 0.018300653594771243
0 0.756985294117647 0.1607843137254902 0.003676470588235294 0.018300653594771243
0 0.7194852941176471 0.15620915032679739 0.003676470588235294 0.0196078431372549
0 0.7139705882352941 0.15555555555555556 0.0029411764705882353 0.018300653594771243
0 0.7080882352941177 0.15359477124183007 0.0029411764705882353 0.0196078431372549
0 0.5448529411764705 0.14640522875816994 0.0029411764705882353 0.01568627450980392