0 0.11397058823529412 0.10065359477124183 0.008823529411764706 0.03398692810457516
0 0.045588235294117645 0.20718954248366014 0.011764705882352941 0.043137254901960784
0 0.028676470588235293 0.22156862745098038 0.011764705882352941 0.040522875816993466
0 0.12720588235294117 0.24183006535947713 0.014705882352941176 0.044444444444444446
0 0.1448529411764706 0.19477124183006536 0.010294117647058823 0.044444444444444446
0 0.1547794117647059 0.1980392156862745 0.011029411764705883 0.043137254901960784
0 0.16066176470588237 0.1934640522875817 0.011029411764705883 0.04183006535947712
0 0.3724264705882353 0.07124183006535947 0.005147058823529412 0.030065359477124184
0 0.46911764705882353 0.01764705882352941 0.0058823529411764705 0.03529411764705882
0 0.46397058823529413 0.08104575163398693 0.008823529411764706 0.02875816993464052
0 0.5448529411764705 0.16732026143790849 0.007352941176470588 0.03398692810457516
0 0.6845588235294118 0.3464052287581699 0.011764705882352941 0.04967320261437908
0 0.8294117647058824 0.9549019607843138 0.022058823529411766 0.06928104575163399
0 0.8411764705882353 0.9522875816993464 0.01911764705882353 0.0718954248366013
0 0.8169117647058823 0.592156862745098 0.020588235294117647 0.05228758169934641
0 0.8610294117647059 0.6718954248366014 0.026470588235294117 0.06013071895424837
0 0.9599264705882353 0.3869281045751634 0.01838235294117647 0.05228758169934641
0 0.8286764705882353 0.3738562091503268 0.013235294117647059 0.04967320261437908
0 0.8106617647058824 0.1843137254901961 0.009558823529411765 0.02875816993464052
0 0.8875 0.16797385620915034 0.011764705882352941 0.0457516339869281
0 0.881985294117647 0.24836601307189543 0.009558823529411765 0.04183006535947712
0 0.9033088235294118 0.2699346405228758 0.0125 0.0457516339869281
0 0.893014705882353 0.27058823529411763 0.0125 0.047058823529411764
0 0.8970588235294118 0.2549019607843137 0.013235294117647059 0.04967320261437908
0 0.9841911764705882 0.2777777777777778 0.0125 0.040522875816993466
0 0.9720588235294118 0.060784313725490195 0.008823529411764706 0.03790849673202614
0 0.9919117647058824 0.046405228758169936 0.007352941176470588 0.03790849673202614