0 0.20441176470588235 0.30980392156862746 0.010294117647058823 0.036601307189542485
0 0.20808823529411766 0.3058823529411765 0.011764705882352941 0.036601307189542485
0 0.2088235294117647 0.23398692810457516 0.007352941176470588 0.03137254901960784
0 0.20477941176470588 0.2281045751633987 0.009558823529411765 0.03529411764705882
0 0.21544117647058825 0.23529411764705882 0.007352941176470588 0.03137254901960784
0 0.29705882352941176 0.22745098039215686 0.011764705882352941 0.03137254901960784
0 0.2911764705882353 0.5588235294117647 0.01764705882352941 0.040522875816993466
0 0.9893382352941177 0.8967320261437909 0.021323529411764706 0.0784313725490196
0 0.5970588235294118 0.3836601307189543 0.010294117647058823 0.03790849673202614
0 0.7246323529411764 0.33398692810457514 0.011029411764705883 0.040522875816993466
0 0.5577205882352941 0.2875816993464052 0.008088235294117648 0.03398692810457516
0 0.5632352941176471 0.28954248366013075 0.0058823529411764705 0.02483660130718954
0 0.6981617647058823 0.257516339869281 0.008088235294117648 0.02875816993464052
0 0.6599264705882353 0.26405228758169935 0.008088235294117648 0.03137254901960784
0 0.6720588235294118 0.2542483660130719 0.007352941176470588 0.030065359477124184
0 0.6783088235294118 0.2607843137254902 0.009558823529411765 0.027450980392156862
0 0.7198529411764706 0.2503267973856209 0.0058823529411764705 0.030065359477124184
0 0.725735294117647 0.24705882352941178 0.0058823529411764705 0.03137254901960784
0 0.79375 0.22679738562091503 0.008088235294117648 0.027450980392156862
0 0.7772058823529412 0.22156862745098038 0.0058823529411764705 0.032679738562091505
0 0.680514705882353 0.13725490196078433 0.006617647058823529 0.023529411764705882
0 0.674264705882353 0.13529411764705881 0.0058823529411764705 0.027450980392156862
0 0.5669117647058823 0.17908496732026144 0.008823529411764706 0.02091503267973856
0 0.1275735294117647 0.15490196078431373 0.0125 0.0196078431372549