0 0.0900735294117647 0.5202614379084968 0.013970588235294118 0.08366013071895424
0 0.10625 0.5176470588235295 0.019852941176470587 0.0784313725490196
0 0.06544117647058824 0.36209150326797385 0.014705882352941176 0.036601307189542485
0 0.0713235294117647 0.35228758169934643 0.011764705882352941 0.032679738562091505
0 0.34154411764705883 0.3843137254901961 0.009558823529411765 0.054901960784313725
0 0.34963235294117645 0.3888888888888889 0.009558823529411765 0.048366013071895426
0 0.2713235294117647 0.27712418300653596 0.010294117647058823 0.026143790849673203
0 0.2801470588235294 0.27647058823529413 0.008823529411764706 0.030065359477124184
0 0.29007352941176473 0.2751633986928105 0.008088235294117648 0.030065359477124184
0 0.7444852941176471 0.27058823529411763 0.009558823529411765 0.03137254901960784
0 0.8290441176470589 0.3032679738562091 0.008088235294117648 0.036601307189542485
0 0.7110294117647059 0.25555555555555554 0.0058823529411764705 0.032679738562091505
0 0.7154411764705882 0.25163398692810457 0.0058823529411764705 0.03529411764705882
0 0.8672794117647059 0.3137254901960784 0.011029411764705883 0.036601307189542485
0 0.9183823529411764 0.3464052287581699 0.010294117647058823 0.0392156862745098
0 0.924264705882353 0.3457516339869281 0.010294117647058823 0.03790849673202614
0 0.7455882352941177 0.21045751633986928 0.007352941176470588 0.02875816993464052
0 0.7345588235294118 0.2084967320261438 0.0058823529411764705 0.030065359477124184
0 0.7378676470588236 0.39673202614379083 0.011029411764705883 0.05359477124183006
0 0.7466911764705882 0.3980392156862745 0.0125 0.058823529411764705
0 0.5455882352941176 0.19934640522875818 0.0058823529411764705 0.02483660130718954
0 0.43014705882352944 0.19607843137254902 0.004411764705882353 0.023529411764705882
0 0.4386029411764706 0.1954248366013072 0.003676470588235294 0.022222222222222223
0 0.49522058823529413 0.13986928104575164 0.003676470588235294 0.013071895424836602