0 0.44779411764705884 0.2549019607843137 0.007352941176470588 0.018300653594771243
0 0.5169117647058824 0.2326797385620915 0.0058823529411764705 0.02091503267973856
0 0.5007352941176471 0.2777777777777778 0.0058823529411764705 0.01699346405228758
0 0.4834558823529412 0.3261437908496732 0.006617647058823529 0.0196078431372549
0 0.4948529411764706 0.3359477124183007 0.004411764705882353 0.018300653594771243
0 0.5022058823529412 0.3130718954248366 0.0058823529411764705 0.01699346405228758
0 0.5084558823529411 0.33202614379084966 0.005147058823529412 0.018300653594771243
0 0.6356617647058823 0.3908496732026144 0.005147058823529412 0.02875816993464052
0 0.5893382352941177 0.27320261437908494 0.006617647058823529 0.023529411764705882
0 0.5841911764705883 0.4019607843137255 0.008088235294117648 0.022222222222222223
0 0.6783088235294118 0.4797385620915033 0.006617647058823529 0.0392156862745098
0 0.6849264705882353 0.4777777777777778 0.006617647058823529 0.032679738562091505
0 0.6955882352941176 0.4392156862745098 0.0058823529411764705 0.02091503267973856
0 0.8040441176470589 0.6137254901960785 0.006617647058823529 0.03790849673202614
0 0.8165441176470588 0.6052287581699346 0.006617647058823529 0.044444444444444446
0 0.8253676470588235 0.6130718954248366 0.008088235294117648 0.0392156862745098
0 0.5540441176470589 0.6738562091503268 0.009558823529411765 0.048366013071895426
0 0.5625 0.6856209150326797 0.008823529411764706 0.050980392156862744
0 0.5716911764705882 0.6869281045751634 0.008088235294117648 0.050980392156862744
0 0.5761029411764705 0.6797385620915033 0.008088235294117648 0.047058823529411764
0 0.3154411764705882 0.46078431372549017 0.010294117647058823 0.03529411764705882
0 0.4099264705882353 0.677124183006536 0.009558823529411765 0.05228758169934641
0 0.3058823529411765 0.6862745098039216 0.010294117647058823 0.047058823529411764
0 0.35661764705882354 0.8686274509803922 0.011764705882352941 0.05359477124183006
0 0.4 0.8986928104575164 0.011764705882352941 0.06143790849673202
0 0.22169117647058822 0.9084967320261438 0.011029411764705883 0.047058823529411764
0 0.23308823529411765 0.9091503267973856 0.011764705882352941 0.03790849673202614
0 0.24301470588235294 0.9215686274509803 0.015441176470588236 0.047058823529411764
0 0.7165441176470588 0.9477124183006536 0.011029411764705883 0.06013071895424837
0 0.8084558823529412 0.8856209150326797 0.0125 0.06405228758169934
0 0.8121323529411765 0.8509803921568627 0.011029411764705883 0.03137254901960784
0 0.8290441176470589 0.8673202614379085 0.0125 0.050980392156862744
0 0.9441176470588235 0.8620915032679739 0.013235294117647059 0.03790849673202614
0 0.9415441176470588 0.8405228758169935 0.015441176470588236 0.0392156862745098
0 0.9544117647058824 0.8823529411764706 0.010294117647058823 0.026143790849673203
0 0.8845588235294117 0.9444444444444444 0.011764705882352941 0.0457516339869281
0 0.8988970588235294 0.8666666666666667 0.009558823529411765 0.044444444444444446
0 0.9136029411764706 0.8620915032679739 0.008088235294117648 0.043137254901960784
0 0.90625 0.8398692810457516 0.011029411764705883 0.05620915032679739
0 0.9191176470588235 0.8431372549019608 0.013235294117647059 0.06013071895424837
0 0.3602941176470588 0.6039215686274509 0.008823529411764706 0.036601307189542485
0 0.3628676470588235 0.5320261437908497 0.006617647058823529 0.03398692810457516
0 0.4386029411764706 0.21895424836601307 0.003676470588235294 0.0196078431372549
0 0.43676470588235294 0.2150326797385621 0.0029411764705882353 0.022222222222222223
0 0.45441176470588235 0.17124183006535948 0.0029411764705882353 0.01045751633986928
0 0.45294117647058824 0.1758169934640523 0.0029411764705882353 0.009150326797385621
0 0.6290441176470588 0.39477124183006534 0.005147058823529412 0.018300653594771243
0 0.6169117647058824 0.34967320261437906 0.004411764705882353 0.027450980392156862
0 0.6128676470588236 0.34901960784313724 0.005147058823529412 0.026143790849673203
0 0.6091911764705882 0.3503267973856209 0.005147058823529412 0.03137254901960784
0 0.6246323529411765 0.40980392156862744 0.005147058823529412 0.027450980392156862
0 0.6033088235294117 0.4143790849673203 0.006617647058823529 0.03137254901960784
0 0.6680147058823529 0.33137254901960783 0.005147058823529412 0.027450980392156862
0 0.5772058823529411 0.24901960784313726 0.004411764705882353 0.022222222222222223
0 0.5367647058823529 0.2803921568627451 0.004411764705882353 0.0196078431372549
0 0.5599264705882353 0.20326797385620915 0.003676470588235294 0.0196078431372549
0 0.5544117647058824 0.20261437908496732 0.004411764705882353 0.018300653594771243
0 0.5514705882352942 0.20261437908496732 0.0029411764705882353 0.01568627450980392
0 0.5466911764705882 0.17254901960784313 0.003676470588235294 0.01568627450980392
0 0.3775735294117647 0.2601307189542484 0.003676470588235294 0.018300653594771243
0 0.3738970588235294 0.25620915032679736 0.005147058823529412 0.018300653594771243
0 0.40147058823529413 0.18562091503267975 0.0029411764705882353 0.01568627450980392
0 0.40551470588235294 0.18823529411764706 0.003676470588235294 0.018300653594771243