0 0.26801470588235293 0.6013071895424836 0.015441176470588236 0.06274509803921569
0 0.23088235294117648 0.865359477124183 0.023529411764705882 0.07058823529411765
0 0.2275735294117647 0.8745098039215686 0.019852941176470587 0.06797385620915032
0 0.06213235294117647 0.4699346405228758 0.009558823529411765 0.03790849673202614
0 0.04485294117647059 0.4398692810457516 0.011764705882352941 0.048366013071895426
0 0.006617647058823529 0.4392156862745098 0.013235294117647059 0.05751633986928104
0 0.02610294117647059 0.4392156862745098 0.021323529411764706 0.04183006535947712
0 0.5529411764705883 0.2437908496732026 0.008823529411764706 0.030065359477124184
0 0.5261029411764706 0.22875816993464052 0.006617647058823529 0.023529411764705882
0 0.5514705882352942 0.18235294117647058 0.0058823529411764705 0.022222222222222223
0 0.4261029411764706 0.09934640522875816 0.006617647058823529 0.018300653594771243
0 0.42316176470588235 0.07320261437908497 0.003676470588235294 0.013071895424836602
0 0.5941176470588235 0.13986928104575164 0.004411764705882353 0.018300653594771243
0 0.6827205882352941 0.3843137254901961 0.011029411764705883 0.036601307189542485
0 0.44227941176470587 0.0032679738562091504 0.003676470588235294 0.006535947712418301