0 0.4602941176470588 0.2222222222222222 0.0014705882352941176 0.00522875816993464
0 0.4591911764705882 0.238562091503268 0.0022058823529411764 0.009150326797385621
0 0.4672794117647059 0.2503267973856209 0.0022058823529411764 0.009150326797385621
0 0.4238970588235294 0.238562091503268 0.0022058823529411764 0.009150326797385621
0 0.4606617647058823 0.24836601307189543 0.0022058823529411764 0.00522875816993464
0 0.4297794117647059 0.23660130718954248 0.0022058823529411764 0.00522875816993464
0 0.4496323529411765 0.25882352941176473 0.0022058823529411764 0.00784313725490196
0 0.5106617647058823 0.307843137254902 0.003676470588235294 0.01437908496732026
0 0.5125 0.3084967320261438 0.0029411764705882353 0.013071895424836602
0 0.4852941176470588 0.3431372549019608 0.004411764705882353 0.01699346405228758
0 0.39742647058823527 0.27450980392156865 0.0022058823529411764 0.01045751633986928
0 0.38198529411764703 0.3032679738562091 0.0022058823529411764 0.013071895424836602
0 0.3830882352941177 0.29477124183006537 0.0029411764705882353 0.01437908496732026
0 0.3860294117647059 0.3032679738562091 0.0029411764705882353 0.013071895424836602
0 0.37536764705882353 0.3026143790849673 0.0022058823529411764 0.011764705882352941
0 0.37720588235294117 0.3032679738562091 0.0029411764705882353 0.013071895424836602
0 0.39080882352941176 0.30196078431372547 0.003676470588235294 0.01045751633986928
0 0.39742647058823527 0.3980392156862745 0.005147058823529412 0.011764705882352941
0 0.03566176470588235 0.9764705882352941 0.01838235294117647 0.044444444444444446
0 0.606985294117647 0.7973856209150327 0.013970588235294118 0.036601307189542485
0 0.8805147058823529 0.7777777777777778 0.0125 0.026143790849673203
0 0.8705882352941177 0.7705882352941177 0.014705882352941176 0.02483660130718954
0 0.5547794117647059 0.5869281045751634 0.0125 0.03398692810457516
0 0.6536764705882353 0.5359477124183006 0.008823529411764706 0.026143790849673203
0 0.39705882352941174 0.5326797385620915 0.008823529411764706 0.02483660130718954
0 0.4875 0.4542483660130719 0.0058823529411764705 0.0196078431372549
0 0.48713235294117646 0.45294117647058824 0.006617647058823529 0.0196078431372549
0 0.3915441176470588 0.4411764705882353 0.005147058823529412 0.022222222222222223
0 0.3522058823529412 0.44509803921568625 0.007352941176470588 0.02483660130718954
0 0.33308823529411763 0.4549019607843137 0.0058823529411764705 0.02091503267973856
0 0.5147058823529411 0.5522875816993464 0.008823529411764706 0.032679738562091505
0 0.5341911764705882 0.5522875816993464 0.009558823529411765 0.032679738562091505
0 0.5404411764705882 0.5620915032679739 0.0029411764705882353 0.026143790849673203
0 0.6790441176470589 0.5405228758169934 0.006617647058823529 0.030065359477124184
0 0.6970588235294117 0.45555555555555555 0.0058823529411764705 0.02483660130718954
0 0.7363970588235295 0.434640522875817 0.005147058823529412 0.022222222222222223
0 0.7341911764705882 0.43856209150326797 0.005147058823529412 0.02483660130718954
0 0.6988970588235294 0.4562091503267974 0.006617647058823529 0.02875816993464052
0 0.6941176470588235 0.45359477124183006 0.007352941176470588 0.02875816993464052
0 0.35257352941176473 0.4777777777777778 0.006617647058823529 0.027450980392156862