0 0.5466911764705882 0.5483660130718955 0.0125 0.040522875816993466
0 0.45183823529411765 0.23529411764705882 0.003676470588235294 0.01568627450980392
0 0.45036764705882354 0.20718954248366014 0.003676470588235294 0.01437908496732026
0 0.8797794117647059 0.6163398692810458 0.013970588235294118 0.05620915032679739
0 0.8669117647058824 0.5869281045751634 0.013235294117647059 0.05228758169934641
0 0.9117647058823529 0.5856209150326798 0.011764705882352941 0.054901960784313725
0 0.9330882352941177 0.6163398692810458 0.010294117647058823 0.05620915032679739
0 0.9647058823529412 0.6333333333333333 0.013235294117647059 0.06143790849673202
0 0.975735294117647 0.6039215686274509 0.008823529411764706 0.03398692810457516
0 0.9823529411764705 0.6098039215686275 0.016176470588235296 0.03529411764705882
0 0.12941176470588237 0.5 0.016176470588235296 0.06143790849673202
0 0.575735294117647 0.2222222222222222 0.004411764705882353 0.026143790849673203
0 0.5625 0.20718954248366014 0.0029411764705882353 0.022222222222222223
0 0.4238970588235294 0.08366013071895424 0.0022058823529411764 0.00784313725490196