0 0.3786764705882353 0.2673202614379085 0.008823529411764706 0.0457516339869281
0 0.7051470588235295 0.8745098039215686 0.01764705882352941 0.07058823529411765
0 0.39044117647058824 0.5588235294117647 0.014705882352941176 0.06143790849673202
0 0.4636029411764706 0.238562091503268 0.008088235294117648 0.03790849673202614
0 0.4294117647058823 0.1803921568627451 0.008823529411764706 0.02875816993464052
0 0.4345588235294118 0.09738562091503268 0.008823529411764706 0.027450980392156862
0 0.4672794117647059 0.052941176470588235 0.008088235294117648 0.022222222222222223
0 0.5158088235294118 0.0673202614379085 0.008088235294117648 0.027450980392156862
0 0.5294117647058824 0.1477124183006536 0.010294117647058823 0.03137254901960784
0 0.513235294117647 0.19019607843137254 0.008823529411764706 0.032679738562091505
0 0.5297794117647059 0.21241830065359477 0.009558823529411765 0.032679738562091505
0 0.5533088235294118 0.2797385620915033 0.011029411764705883 0.03398692810457516
0 0.3488970588235294 0.1503267973856209 0.008088235294117648 0.02875816993464052
0 0.3095588235294118 0.15359477124183007 0.008823529411764706 0.030065359477124184
0 0.3654411764705882 0.2699346405228758 0.011764705882352941 0.040522875816993466
0 0.5525735294117647 0.07908496732026143 0.006617647058823529 0.032679738562091505
0 0.5672794117647059 0.027450980392156862 0.005147058823529412 0.02875816993464052
0 0.5617647058823529 0.02875816993464052 0.004411764705882353 0.02875816993464052
0 0.5349264705882353 0.02091503267973856 0.005147058823529412 0.02875816993464052