0 0.8268382352941176 0.9098039215686274 0.013970588235294118 0.0392156862745098
0 0.8007352941176471 0.9228758169934641 0.014705882352941176 0.04183006535947712
0 0.9360294117647059 0.5084967320261438 0.010294117647058823 0.03398692810457516
0 0.9033088235294118 0.23594771241830065 0.006617647058823529 0.01437908496732026
0 0.9036764705882353 0.24444444444444444 0.004411764705882353 0.018300653594771243
0 0.5625 0.35228758169934643 0.007352941176470588 0.027450980392156862
0 0.5617647058823529 0.34705882352941175 0.0058823529411764705 0.01437908496732026
0 0.29301470588235295 0.8581699346405228 0.013970588235294118 0.05620915032679739
0 0.41875 0.6274509803921569 0.011029411764705883 0.03398692810457516
0 0.25183823529411764 0.3934640522875817 0.008088235294117648 0.03398692810457516
0 0.2727941176470588 0.361437908496732 0.007352941176470588 0.032679738562091505
0 0.31286764705882353 0.2627450980392157 0.008088235294117648 0.026143790849673203
0 0.3356617647058823 0.2222222222222222 0.006617647058823529 0.02091503267973856
0 0.37683823529411764 0.3241830065359477 0.005147058823529412 0.023529411764705882
0 0.41544117647058826 0.19934640522875818 0.0058823529411764705 0.022222222222222223