0 0.71875 0.7402777777777778 0.00625 0.012037037037037037
0 0.7033854166666667 0.7032407407407407 0.0046875 0.010185185185185186
0 0.63671875 0.5236111111111111 0.0046875 0.012037037037037037
0 0.6372395833333333 0.5282407407407408 0.0046875 0.008333333333333333
0 0.6309895833333333 0.27546296296296297 0.0046875 0.01574074074074074
0 0.4583333333333333 0.17777777777777778 0.005208333333333333 0.012962962962962963
0 0.43802083333333336 0.11157407407407408 0.004166666666666667 0.013888888888888888
0 0.434375 0.11064814814814815 0.003125 0.010185185185185186
0 0.3182291666666667 0.14583333333333334 0.005208333333333333 0.013888888888888888
0 0.325 0.11388888888888889 0.005208333333333333 0.012962962962962963
0 0.32057291666666665 0.11481481481481481 0.0046875 0.014814814814814815
0 0.3190104166666667 0.041666666666666664 0.0046875 0.014814814814814815
0 0.28229166666666666 0.2222222222222222 0.004166666666666667 0.012962962962962963
0 0.3419270833333333 0.29398148148148145 0.0067708333333333336 0.01574074074074074
0 0.353125 0.27546296296296297 0.00625 0.008333333333333333
0 0.35182291666666665 0.2657407407407407 0.005729166666666666 0.012962962962962963
0 0.39401041666666664 0.2361111111111111 0.0046875 0.012962962962962963
0 0.39088541666666665 0.2375 0.0046875 0.012037037037037037
0 0.40729166666666666 0.3 0.005208333333333333 0.012962962962962963
0 0.4635416666666667 0.36944444444444446 0.003125 0.014814814814814815
0 0.4200520833333333 0.09814814814814815 0.0036458333333333334 0.016666666666666666
0 0.4427083333333333 0.49537037037037035 0.005208333333333333 0.012962962962962963
0 0.5908854166666667 0.4888888888888889 0.005729166666666666 0.014814814814814815
0 0.47942708333333334 0.7337962962962963 0.005729166666666666 0.012037037037037037
0 0.46484375 0.7490740740740741 0.0046875 0.009259259259259259
0 0.45677083333333335 0.7425925925925926 0.005208333333333333 0.011111111111111112
0 0.4666666666666667 0.7759259259259259 0.004166666666666667 0.011111111111111112
0 0.4708333333333333 0.8791666666666667 0.004166666666666667 0.012037037037037037
0 0.465625 0.8763888888888889 0.005208333333333333 0.010185185185185186
0 0.4596354166666667 0.8824074074074074 0.0046875 0.012962962962962963
0 0.5106770833333333 0.8578703703703704 0.0046875 0.01574074074074074
0 0.50078125 0.8546296296296296 0.0067708333333333336 0.014814814814814815
0 0.46979166666666666 0.6930555555555555 0.00625 0.012037037037037037
0 0.46015625 0.6953703703703704 0.005729166666666666 0.012962962962962963
0 0.50078125 0.9328703703703703 0.0046875 0.013888888888888888
0 0.20598958333333334 0.20185185185185187 0.005729166666666666 0.016666666666666666
0 0.17682291666666666 0.20185185185185187 0.0046875 0.016666666666666666
0 0.16197916666666667 0.18981481481481483 0.00625 0.014814814814814815
0 0.15703125 0.1787037037037037 0.0036458333333333334 0.012962962962962963
0 0.17526041666666667 0.125 0.0067708333333333336 0.018518518518518517
0 0.14401041666666667 0.22685185185185186 0.0046875 0.012962962962962963
0 0.13984375 0.22685185185185186 0.0036458333333333334 0.011111111111111112
0 0.109375 0.2050925925925926 0.00625 0.01574074074074074
0 0.07083333333333333 0.20555555555555555 0.010416666666666666 0.014814814814814815
0 0.06171875 0.2199074074074074 0.0046875 0.013888888888888888
0 0.0609375 0.22546296296296298 0.005208333333333333 0.010185185185185186
0 0.038802083333333334 0.21296296296296297 0.009895833333333333 0.016666666666666666
0 0.09765625 0.10601851851851851 0.005729166666666666 0.01574074074074074
0 0.19348958333333333 0.04583333333333333 0.005729166666666666 0.017592592592592594
0 0.030208333333333334 0.044444444444444446 0.007291666666666667 0.014814814814814815
0 0.057291666666666664 0.09537037037037037 0.00625 0.012962962962962963
0 0.08098958333333334 0.1111111111111111 0.0078125 0.014814814814814815
0 0.049479166666666664 0.10694444444444444 0.004166666666666667 0.012037037037037037
0 0.0546875 0.10925925925925926 0.00625 0.009259259259259259
0 0.1734375 0.14722222222222223 0.007291666666666667 0.012962962962962963
0 0.17604166666666668 0.018518518518518517 0.004166666666666667 0.018518518518518517
0 0.0578125 0.12407407407407407 0.005208333333333333 0.011111111111111112
0 0.0625 0.12129629629629629 0.005208333333333333 0.011111111111111112
0 0.06640625 0.12731481481481483 0.0036458333333333334 0.012037037037037037
0 0.0578125 0.1375 0.00625 0.010185185185185186
0 0.12473958333333333 0.15416666666666667 0.0067708333333333336 0.01574074074074074
0 0.2828125 0.21435185185185185 0.003125 0.013888888888888888