0 0.41875 0.7875816993464052 0.015441176470588236 0.0457516339869281
0 0.3860294117647059 0.8222222222222222 0.011764705882352941 0.05228758169934641
0 0.27904411764705883 0.42745098039215684 0.013970588235294118 0.04967320261437908
0 0.2639705882352941 0.39019607843137255 0.007352941176470588 0.032679738562091505
0 0.1463235294117647 0.7758169934640523 0.01911764705882353 0.048366013071895426
0 0.4375 0.1326797385620915 0.008823529411764706 0.027450980392156862
0 0.4275735294117647 0.10392156862745099 0.008088235294117648 0.032679738562091505
0 0.42463235294117646 0.16339869281045752 0.008088235294117648 0.03398692810457516
0 0.4202205882352941 0.1411764705882353 0.006617647058823529 0.03137254901960784
0 0.41801470588235295 0.11241830065359477 0.006617647058823529 0.02875816993464052
0 0.7051470588235295 0.4745098039215686 0.010294117647058823 0.04967320261437908
0 0.7161764705882353 0.47320261437908495 0.008823529411764706 0.0392156862745098
0 0.6852941176470588 0.3581699346405229 0.013235294117647059 0.047058823529411764