0 0.3014705882352941 0.9366013071895425 0.0058823529411764705 0.027450980392156862
0 0.4426470588235294 0.8967320261437909 0.007352941176470588 0.026143790849673203
0 0.5643382352941176 0.7261437908496732 0.003676470588235294 0.022222222222222223
0 0.5018382352941176 0.6392156862745098 0.0022058823529411764 0.01568627450980392
0 0.4974264705882353 0.6385620915032679 0.003676470588235294 0.0196078431372549
0 0.39080882352941176 0.5771241830065359 0.0022058823529411764 0.0196078431372549
0 0.40808823529411764 0.5718954248366013 0.0029411764705882353 0.01699346405228758
0 0.4536764705882353 0.5673202614379085 0.0029411764705882353 0.01568627450980392
0 0.4128676470588235 0.5326797385620915 0.003676470588235294 0.01437908496732026
0 0.4176470588235294 0.4803921568627451 0.0029411764705882353 0.009150326797385621
0 0.4224264705882353 0.5052287581699346 0.0022058823529411764 0.011764705882352941
0 0.4261029411764706 0.4594771241830065 0.0022058823529411764 0.011764705882352941
0 0.47794117647058826 0.46013071895424834 0.0014705882352941176 0.01045751633986928
0 0.47573529411764703 0.46013071895424834 0.0014705882352941176 0.00784313725490196
0 0.49963235294117647 0.4588235294117647 0.0022058823529411764 0.00784313725490196
0 0.49669117647058825 0.4594771241830065 0.0022058823529411764 0.009150326797385621
0 0.48455882352941176 0.46143790849673205 0.0029411764705882353 0.01045751633986928