0 0.1698529411764706 0.2973856209150327 0.0058823529411764705 0.02483660130718954
0 0.03455882352941177 0.3326797385620915 0.0058823529411764705 0.022222222222222223
0 0.6988970588235294 0.31176470588235294 0.005147058823529412 0.022222222222222223
0 0.6367647058823529 0.30522875816993467 0.004411764705882353 0.0196078431372549
0 0.6338235294117647 0.2908496732026144 0.0029411764705882353 0.01699346405228758
0 0.7830882352941176 0.26666666666666666 0.004411764705882353 0.018300653594771243
0 0.6602941176470588 0.2372549019607843 0.0029411764705882353 0.011764705882352941
0 0.6569852941176471 0.23594771241830065 0.003676470588235294 0.009150326797385621
0 0.611764705882353 0.29411764705882354 0.0029411764705882353 0.018300653594771243
0 0.5786764705882353 0.28954248366013075 0.0029411764705882353 0.0196078431372549
0 0.5683823529411764 0.2973856209150327 0.004411764705882353 0.01699346405228758
0 0.5908088235294118 0.2908496732026144 0.003676470588235294 0.01699346405228758
0 0.5922794117647059 0.2908496732026144 0.003676470588235294 0.01699346405228758
0 0.7735294117647059 0.26143790849673204 0.004411764705882353 0.01568627450980392
0 0.7779411764705882 0.2607843137254902 0.004411764705882353 0.01437908496732026
0 0.9136029411764706 0.330718954248366 0.006617647058823529 0.026143790849673203
0 0.6444852941176471 0.23594771241830065 0.003676470588235294 0.011764705882352941
0 0.9654411764705882 0.33725490196078434 0.0058823529411764705 0.023529411764705882
0 0.9238970588235295 0.29869281045751633 0.005147058823529412 0.01699346405228758
0 0.919485294117647 0.2973856209150327 0.005147058823529412 0.01699346405228758
0 0.9102941176470588 0.28431372549019607 0.004411764705882353 0.01699346405228758
0 0.9011029411764706 0.28431372549019607 0.005147058823529412 0.01699346405228758
0 0.91875 0.2647058823529412 0.003676470588235294 0.011764705882352941
0 0.9246323529411765 0.2627450980392157 0.003676470588235294 0.018300653594771243
0 0.9654411764705882 0.26405228758169935 0.0029411764705882353 0.013071895424836602
0 0.9705882352941176 0.2633986928104575 0.004411764705882353 0.01437908496732026