0 0.6485294117647059 0.20065359477124184 0.004411764705882353 0.02483660130718954
0 0.5823529411764706 0.1287581699346405 0.0014705882352941176 0.011764705882352941
0 0.5742647058823529 0.17124183006535948 0.0029411764705882353 0.01568627450980392
0 0.5779411764705882 0.17320261437908496 0.0029411764705882353 0.009150326797385621
0 0.5886029411764706 0.1758169934640523 0.0022058823529411764 0.011764705882352941
0 0.5904411764705882 0.1738562091503268 0.0029411764705882353 0.013071895424836602
0 0.5246323529411765 0.169281045751634 0.003676470588235294 0.009150326797385621
0 0.5224264705882353 0.18104575163398692 0.005147058823529412 0.009150326797385621
0 0.4985294117647059 0.26601307189542484 0.0058823529411764705 0.01699346405228758
0 0.4485294117647059 0.3673202614379085 0.008823529411764706 0.02091503267973856
0 0.2863970588235294 0.6568627450980392 0.013970588235294118 0.043137254901960784
0 0.29301470588235295 0.6601307189542484 0.013970588235294118 0.05751633986928104
0 0.2797794117647059 0.7901960784313725 0.01838235294117647 0.050980392156862744
0 0.27794117647058825 0.8 0.022058823529411766 0.06274509803921569