0 0.21691176470588236 0.7006535947712418 0.007352941176470588 0.013071895424836602
0 0.22463235294117648 0.6973856209150326 0.008088235294117648 0.01437908496732026
0 0.0838235294117647 0.7594771241830065 0.014705882352941176 0.018300653594771243
0 0.06691176470588235 0.47516339869281043 0.020588235294117647 0.01699346405228758
0 0.028308823529411765 0.3287581699346405 0.013970588235294118 0.0196078431372549
0 0.03529411764705882 0.33202614379084966 0.016176470588235296 0.01568627450980392
0 0.1488970588235294 0.2529411764705882 0.013970588235294118 0.0196078431372549
0 0.23786764705882352 0.47516339869281043 0.011029411764705883 0.0196078431372549
0 0.16911764705882354 0.6418300653594772 0.013235294117647059 0.013071895424836602
0 0.18566176470588236 0.6294117647058823 0.013970588235294118 0.011764705882352941
0 0.2286764705882353 0.6274509803921569 0.013235294117647059 0.013071895424836602
0 0.1922794117647059 0.6601307189542484 0.0125 0.02091503267973856
0 0.3713235294117647 0.5339869281045752 0.011764705882352941 0.01699346405228758
0 0.38566176470588237 0.4647058823529412 0.011029411764705883 0.0196078431372549
0 0.3801470588235294 0.4222222222222222 0.011764705882352941 0.018300653594771243
0 0.18860294117647058 0.16339869281045752 0.013970588235294118 0.023529411764705882
0 0.513235294117647 0.8921568627450981 0.008823529411764706 0.01437908496732026
0 0.6025735294117647 0.38823529411764707 0.008088235294117648 0.018300653594771243
0 0.6113970588235295 0.3810457516339869 0.009558823529411765 0.0196078431372549
0 0.6533088235294118 0.18758169934640523 0.008088235294117648 0.01699346405228758
0 0.58125 0.16143790849673204 0.006617647058823529 0.01437908496732026
0 0.7033088235294118 0.34183006535947713 0.011029411764705883 0.0196078431372549
0 0.6676470588235294 0.949673202614379 0.010294117647058823 0.01699346405228758
0 0.69375 0.9006535947712418 0.008088235294117648 0.023529411764705882
0 0.8613970588235295 0.4666666666666667 0.0125 0.01568627450980392
0 0.8356617647058824 0.0542483660130719 0.0125 0.02483660130718954