0 0.17760416666666667 0.7268518518518519 0.026041666666666668 0.09259259259259259
0 0.17109375 0.9652777777777778 0.0296875 0.06944444444444445
0 0.128125 0.9736111111111111 0.028125 0.05277777777777778
0 0.059895833333333336 0.6592592592592592 0.036458333333333336 0.06481481481481481
0 0.11796875 0.3736111111111111 0.013020833333333334 0.058333333333333334
0 0.3104166666666667 0.8569444444444444 0.028125 0.09907407407407408
0 0.32786458333333335 0.6907407407407408 0.025520833333333333 0.07222222222222222
0 0.29453125 0.7893518518518519 0.0234375 0.08611111111111111
0 0.2955729166666667 0.6898148148148148 0.024479166666666666 0.07962962962962963
0 0.28177083333333336 0.5180555555555556 0.016666666666666666 0.062037037037037036
0 0.24661458333333333 0.5212962962962963 0.016145833333333335 0.06296296296296296
0 0.21692708333333333 0.4449074074074074 0.015104166666666667 0.05277777777777778
0 0.9270833333333334 0.7208333333333333 0.03125 0.05462962962962963
0 0.8239583333333333 0.6231481481481481 0.025 0.05740740740740741
0 0.7809895833333333 0.5875 0.0234375 0.06018518518518518
0 0.6052083333333333 0.4078703703703704 0.022916666666666665 0.04722222222222222
0 0.7463541666666667 0.44722222222222224 0.019791666666666666 0.04259259259259259
0 0.55859375 0.362962962962963 0.015104166666666667 0.040740740740740744
0 0.9450520833333333 0.3490740740740741 0.013020833333333334 0.05555555555555555
0 0.8393229166666667 0.3023148148148148 0.0140625 0.041666666666666664
0 0.68984375 0.42407407407407405 0.0640625 0.06296296296296296
0 0.6260416666666667 0.36944444444444446 0.06770833333333333 0.06481481481481481
0 0.6255208333333333 0.30092592592592593 0.0125 0.044444444444444446
0 0.6299479166666667 0.23287037037037037 0.009895833333333333 0.041666666666666664
0 0.640625 0.23287037037037037 0.008333333333333333 0.041666666666666664
0 0.5921875 0.21574074074074073 0.007291666666666667 0.02962962962962963