0 0.4117647058823529 0.2901960784313726 0.008823529411764706 0.047058823529411764
0 0.5283088235294118 0.7320261437908496 0.009558823529411765 0.054901960784313725
0 0.5264705882352941 0.17973856209150327 0.011764705882352941 0.0457516339869281
0 0.2974264705882353 0.1522875816993464 0.009558823529411765 0.03529411764705882
0 0.5889705882352941 0.3137254901960784 0.013235294117647059 0.047058823529411764
0 0.5610294117647059 0.7790849673202614 0.011764705882352941 0.06274509803921569
0 0.5669117647058823 0.7411764705882353 0.014705882352941176 0.06535947712418301
0 0.007352941176470588 0.5006535947712418 0.014705882352941176 0.06013071895424837
0 0.09558823529411764 0.3209150326797386 0.014705882352941176 0.0457516339869281
0 0.08455882352941177 0.3058823529411765 0.013235294117647059 0.05228758169934641
0 0.08125 0.30915032679738563 0.013970588235294118 0.048366013071895426
0 0.01948529411764706 0.49673202614379086 0.015441176470588236 0.044444444444444446
0 0.10294117647058823 0.32679738562091504 0.010294117647058823 0.02875816993464052
0 0.08198529411764706 0.3026143790849673 0.008088235294117648 0.03529411764705882
0 0.011764705882352941 0.28431372549019607 0.014705882352941176 0.050980392156862744
0 0.025 0.27124183006535946 0.013235294117647059 0.0457516339869281
0 0.02426470588235294 0.25620915032679736 0.013235294117647059 0.02875816993464052
0 0.2922794117647059 0.18627450980392157 0.009558823529411765 0.027450980392156862
0 0.47095588235294117 0.18496732026143792 0.011029411764705883 0.027450980392156862
0 0.5044117647058823 0.21372549019607842 0.007352941176470588 0.043137254901960784
0 0.7922794117647058 0.016339869281045753 0.008088235294117648 0.032679738562091505
0 0.2897058823529412 0.8699346405228758 0.014705882352941176 0.058823529411764705
0 0.03419117647058824 0.7869281045751634 0.019852941176470587 0.05228758169934641
0 0.010294117647058823 0.8163398692810457 0.01911764705882353 0.06143790849673202
0 0.2797794117647059 0.5333333333333333 0.013970588235294118 0.05228758169934641
0 0.2727941176470588 0.5496732026143791 0.010294117647058823 0.032679738562091505