0 0.38676470588235295 0.6457516339869281 0.01911764705882353 0.06797385620915032
0 0.35110294117647056 0.5477124183006536 0.015441176470588236 0.06013071895424837
0 0.39044117647058824 0.4915032679738562 0.01764705882352941 0.04967320261437908
0 0.31838235294117645 0.4019607843137255 0.014705882352941176 0.050980392156862744
0 0.2911764705882353 0.07516339869281045 0.007352941176470588 0.03529411764705882
0 0.40955882352941175 0.06666666666666667 0.004411764705882353 0.023529411764705882
0 0.40036764705882355 0.06470588235294118 0.005147058823529412 0.022222222222222223
0 0.3963235294117647 0.12091503267973856 0.007352941176470588 0.027450980392156862
0 0.3779411764705882 0.1954248366013072 0.008823529411764706 0.030065359477124184
0 0.28713235294117645 0.3156862745098039 0.008088235294117648 0.03790849673202614
0 0.29705882352941176 0.2980392156862745 0.011764705882352941 0.0392156862745098
0 0.9661764705882353 0.25882352941176473 0.013235294117647059 0.03398692810457516
0 0.9658088235294118 0.19477124183006536 0.009558823529411765 0.036601307189542485
0 0.9808823529411764 0.1843137254901961 0.010294117647058823 0.036601307189542485
0 0.9922794117647059 0.18758169934640523 0.011029411764705883 0.03529411764705882
0 0.8272058823529411 0.2372549019607843 0.013235294117647059 0.032679738562091505
0 0.7764705882352941 0.18366013071895426 0.008823529411764706 0.03529411764705882
0 0.6433823529411765 0.1607843137254902 0.008823529411764706 0.036601307189542485
0 0.663235294117647 0.24444444444444444 0.010294117647058823 0.04183006535947712
0 0.5625 0.25359477124183005 0.008823529411764706 0.0392156862745098
0 0.5507352941176471 0.10980392156862745 0.0058823529411764705 0.026143790849673203