0 0.365625 0.8703703703703703 0.016666666666666666 0.06296296296296296
0 0.4140625 0.6555555555555556 0.013541666666666667 0.03333333333333333
0 0.440625 0.5768518518518518 0.008333333333333333 0.027777777777777776
0 0.45 0.5564814814814815 0.008333333333333333 0.024074074074074074
0 0.4703125 0.55 0.007291666666666667 0.022222222222222223
0 0.46197916666666666 0.487962962962963 0.007291666666666667 0.016666666666666666
0 0.47239583333333335 0.487962962962963 0.007291666666666667 0.016666666666666666
0 0.60625 0.55 0.008333333333333333 0.022222222222222223
0 0.6348958333333333 0.6425925925925926 0.011458333333333333 0.03333333333333333
0 0.5911458333333334 0.4925925925925926 0.007291666666666667 0.022222222222222223
0 0.5734375 0.46111111111111114 0.005208333333333333 0.014814814814814815
0 0.6640625 0.6583333333333333 0.017708333333333333 0.03518518518518519
0 0.9302083333333333 0.8796296296296297 0.025 0.08518518518518518
0 0.9802083333333333 0.812962962962963 0.025 0.05185185185185185
0 0.7526041666666666 0.6037037037037037 0.011458333333333333 0.040740740740740744
0 0.48333333333333334 0.44722222222222224 0.004166666666666667 0.012962962962962963
0 0.49375 0.44166666666666665 0.004166666666666667 0.016666666666666666
0 0.55625 0.4222222222222222 0.004166666666666667 0.011111111111111112
0 0.5635416666666667 0.4324074074074074 0.004166666666666667 0.012962962962962963
0 0.56875 0.4222222222222222 0.004166666666666667 0.011111111111111112