0 0.11580882352941177 0.5660130718954248 0.01838235294117647 0.07320261437908497
0 0.23933823529411766 0.3156862745098039 0.013970588235294118 0.05359477124183006
0 0.22830882352941176 0.32483660130718955 0.013970588235294118 0.05359477124183006
0 0.26544117647058824 0.15947712418300652 0.007352941176470588 0.0392156862745098
0 0.25919117647058826 0.1607843137254902 0.008088235294117648 0.036601307189542485
0 0.25 0.1843137254901961 0.008823529411764706 0.0392156862745098
0 0.075 0.23202614379084968 0.011764705882352941 0.040522875816993466
0 0.06654411764705882 0.23071895424836603 0.009558823529411765 0.040522875816993466
0 0.05330882352941176 0.23071895424836603 0.0125 0.040522875816993466
0 0.04154411764705882 0.23071895424836603 0.011029411764705883 0.040522875816993466
0 0.3113970588235294 0.2326797385620915 0.009558823529411765 0.044444444444444446
0 0.3003676470588235 0.3366013071895425 0.011029411764705883 0.048366013071895426
0 0.30808823529411766 0.40326797385620916 0.014705882352941176 0.0457516339869281
0 0.25 0.3862745098039216 0.008823529411764706 0.05359477124183006
0 0.27205882352941174 0.3895424836601307 0.010294117647058823 0.054901960784313725
0 0.27683823529411766 0.38169934640522873 0.008088235294117648 0.05228758169934641
0 0.05220588235294118 0.4568627450980392 0.022058823529411766 0.05620915032679739
0 0.08933823529411765 0.5830065359477125 0.013970588235294118 0.06274509803921569
0 0.18529411764705883 0.3660130718954248 0.008823529411764706 0.047058823529411764
0 0.17720588235294119 0.34248366013071896 0.011764705882352941 0.06013071895424837
0 0.3301470588235294 0.22026143790849673 0.007352941176470588 0.043137254901960784
0 0.3610294117647059 0.17124183006535948 0.008823529411764706 0.047058823529411764
0 0.375 0.10065359477124183 0.0058823529411764705 0.03137254901960784
0 0.3860294117647059 0.10915032679738562 0.007352941176470588 0.02483660130718954
0 0.34816176470588234 0.3111111111111111 0.0125 0.03137254901960784
0 0.3084558823529412 0.31699346405228757 0.011029411764705883 0.02483660130718954
0 0.026470588235294117 0.14967320261437908 0.010294117647058823 0.03529411764705882
0 0.07022058823529412 0.06928104575163399 0.008088235294117648 0.026143790849673203
0 0.6047794117647058 0.05228758169934641 0.006617647058823529 0.03398692810457516
0 0.6150735294117647 0.06862745098039216 0.003676470588235294 0.027450980392156862
0 0.6205882352941177 0.06928104575163399 0.0058823529411764705 0.02875816993464052
0 0.775 0.04967320261437908 0.0058823529411764705 0.036601307189542485
0 0.7591911764705882 0.058823529411764705 0.006617647058823529 0.03398692810457516
0 0.7536764705882353 0.060784313725490195 0.0058823529411764705 0.02483660130718954
0 0.8018382352941177 0.07450980392156863 0.008088235294117648 0.03137254901960784
0 0.7889705882352941 0.4261437908496732 0.011764705882352941 0.05228758169934641
0 0.8161764705882353 0.515686274509804 0.01911764705882353 0.06143790849673202
0 0.8893382352941176 0.34509803921568627 0.011029411764705883 0.054901960784313725
0 0.9360294117647059 0.7352941176470589 0.01764705882352941 0.06928104575163399
0 0.9191176470588235 0.726797385620915 0.016176470588235296 0.06797385620915032