0 0.7307291666666667 0.5476851851851852 0.009375 0.025
0 0.07838541666666667 0.9513888888888888 0.021354166666666667 0.07314814814814814
0 0.10833333333333334 0.7736111111111111 0.015625 0.05648148148148148
0 0.09036458333333333 0.850925925925926 0.0171875 0.05925925925925926
0 0.18802083333333333 0.6027777777777777 0.005208333333333333 0.018518518518518517
0 0.26614583333333336 0.6990740740740741 0.009375 0.03888888888888889
0 0.12473958333333333 0.6476851851851851 0.0067708333333333336 0.028703703703703703
0 0.23932291666666666 0.6763888888888889 0.0078125 0.032407407407407406
0 0.20703125 0.6902777777777778 0.008854166666666666 0.03796296296296296
0 0.20885416666666667 0.6643518518518519 0.008333333333333333 0.030555555555555555
0 0.22526041666666666 0.6898148148148148 0.008854166666666666 0.03518518518518519
0 0.221875 0.6777777777777778 0.008333333333333333 0.027777777777777776
0 0.21796875 0.6555555555555556 0.0046875 0.02962962962962963
0 0.22213541666666667 0.6597222222222222 0.0078125 0.025