0 0.4395833333333333 0.32731481481481484 0.005208333333333333 0.028703703703703703
0 0.5869791666666667 0.6175925925925926 0.009375 0.04814814814814815
0 0.45598958333333334 0.4212962962962963 0.0067708333333333336 0.037037037037037035
0 0.44609375 0.6995370370370371 0.011979166666666667 0.05648148148148148
0 0.3463541666666667 0.6907407407407408 0.011458333333333333 0.053703703703703705
0 0.4390625 0.5879629629629629 0.008333333333333333 0.05185185185185185
0 0.4453125 0.5648148148148148 0.008333333333333333 0.046296296296296294
0 0.45390625 0.7092592592592593 0.009895833333333333 0.040740740740740744
0 0.26953125 0.9652777777777778 0.018229166666666668 0.06759259259259259
0 0.23125 0.9185185185185185 0.014583333333333334 0.06111111111111111
0 0.3263020833333333 0.6351851851851852 0.0109375 0.044444444444444446
0 0.39140625 0.4828703703703704 0.008854166666666666 0.04351851851851852
0 0.4625 0.4212962962962963 0.007291666666666667 0.03148148148148148
0 0.4630208333333333 0.43287037037037035 0.00625 0.032407407407407406
0 0.3546875 0.5657407407407408 0.0125 0.03888888888888889
0 0.34739583333333335 0.5055555555555555 0.00625 0.022222222222222223
0 0.35911458333333335 0.5199074074074074 0.0078125 0.03796296296296296
0 0.3528645833333333 0.5226851851851851 0.0067708333333333336 0.03425925925925926
0 0.48046875 0.33425925925925926 0.005729166666666666 0.02962962962962963
0 0.496875 0.3425925925925926 0.005208333333333333 0.024074074074074074
0 0.49635416666666665 0.3486111111111111 0.007291666666666667 0.026851851851851852
0 0.42213541666666665 0.25833333333333336 0.005729166666666666 0.025925925925925925
0 0.4153645833333333 0.3226851851851852 0.0078125 0.017592592592592594
0 0.3125 0.24537037037037038 0.005208333333333333 0.024074074074074074
0 0.40598958333333335 0.2537037037037037 0.005729166666666666 0.022222222222222223
0 0.044270833333333336 0.5597222222222222 0.014583333333333334 0.03425925925925926
0 0.011458333333333333 0.20416666666666666 0.005208333333333333 0.019444444444444445
0 0.07630208333333334 0.3773148148148148 0.005729166666666666 0.032407407407407406
0 0.07473958333333333 0.38564814814814813 0.0109375 0.03425925925925926
0 0.07135416666666666 0.38472222222222224 0.008333333333333333 0.026851851851851852
0 0.16848958333333333 0.2935185185185185 0.0078125 0.022222222222222223
0 0.2526041666666667 0.21666666666666667 0.007291666666666667 0.018518518518518517
0 0.20520833333333333 0.2611111111111111 0.008333333333333333 0.024074074074074074
0 0.22369791666666666 0.28194444444444444 0.005729166666666666 0.01574074074074074
0 0.22239583333333332 0.2800925925925926 0.00625 0.023148148148148147
0 0.23411458333333332 0.29398148148148145 0.0067708333333333336 0.01574074074074074
0 0.23645833333333333 0.29074074074074074 0.004166666666666667 0.020370370370370372
0 0.24557291666666667 0.30648148148148147 0.0067708333333333336 0.024074074074074074
0 0.3111979166666667 0.18333333333333332 0.005729166666666666 0.012962962962962963
0 0.3125 0.1814814814814815 0.004166666666666667 0.014814814814814815