0 0.3709558823529412 0.396078431372549 0.009558823529411765 0.02875816993464052
0 0.4838235294117647 0.4294117647058823 0.0058823529411764705 0.032679738562091505
0 0.40625 0.338562091503268 0.008088235294117648 0.023529411764705882
0 0.5102941176470588 0.3196078431372549 0.007352941176470588 0.022222222222222223
0 0.5709558823529411 0.36013071895424836 0.006617647058823529 0.027450980392156862
0 0.5783088235294118 0.36797385620915035 0.006617647058823529 0.030065359477124184
0 0.5764705882352941 0.36013071895424836 0.0058823529411764705 0.022222222222222223
0 0.5797794117647059 0.3588235294117647 0.006617647058823529 0.02483660130718954
0 0.5963235294117647 0.5117647058823529 0.008823529411764706 0.040522875816993466
0 0.5610294117647059 0.5359477124183006 0.008823529411764706 0.03137254901960784
0 0.5672794117647059 0.28431372549019607 0.006617647058823529 0.01699346405228758
0 0.6639705882352941 0.2934640522875817 0.0058823529411764705 0.022222222222222223
0 0.51875 0.257516339869281 0.003676470588235294 0.02091503267973856
0 0.5669117647058823 0.24444444444444444 0.0058823529411764705 0.01568627450980392
0 0.5661764705882353 0.24836601307189543 0.0058823529411764705 0.013071895424836602
0 0.5775735294117647 0.2496732026143791 0.003676470588235294 0.01568627450980392
0 0.5764705882352941 0.23921568627450981 0.0029411764705882353 0.01568627450980392
0 0.5485294117647059 0.17712418300653596 0.0029411764705882353 0.01437908496732026
0 0.55 0.17712418300653596 0.004411764705882353 0.01437908496732026
0 0.5893382352941177 0.16470588235294117 0.005147058823529412 0.013071895424836602
0 0.5970588235294118 0.16862745098039217 0.004411764705882353 0.01045751633986928
0 0.5955882352941176 0.14967320261437908 0.0029411764705882353 0.009150326797385621
0 0.59375 0.1287581699346405 0.003676470588235294 0.009150326797385621
0 0.5481617647058824 0.1437908496732026 0.003676470588235294 0.01045751633986928
0 0.5985294117647059 0.11960784313725491 0.0029411764705882353 0.009150326797385621
0 0.5481617647058824 0.1130718954248366 0.003676470588235294 0.009150326797385621
0 0.6305147058823529 0.1411764705882353 0.003676470588235294 0.013071895424836602
0 0.6338235294117647 0.14640522875816994 0.0029411764705882353 0.013071895424836602
0 0.638235294117647 0.1477124183006536 0.0029411764705882353 0.01568627450980392
0 0.6444852941176471 0.14575163398692811 0.003676470588235294 0.011764705882352941
0 0.6404411764705882 0.16993464052287582 0.004411764705882353 0.013071895424836602
0 0.6257352941176471 0.1084967320261438 0.0029411764705882353 0.01045751633986928
0 0.6698529411764705 0.22483660130718955 0.0058823529411764705 0.018300653594771243
0 0.66875 0.21568627450980393 0.003676470588235294 0.01568627450980392
0 0.6738970588235295 0.2150326797385621 0.005147058823529412 0.01699346405228758
0 0.6783088235294118 0.2725490196078431 0.006617647058823529 0.0196078431372549
0 0.6698529411764705 0.269281045751634 0.0058823529411764705 0.02091503267973856
0 0.6735294117647059 0.2718954248366013 0.0058823529411764705 0.023529411764705882
0 0.7253676470588235 0.3130718954248366 0.005147058823529412 0.022222222222222223
0 0.71875 0.31241830065359477 0.005147058823529412 0.023529411764705882
0 0.7338235294117647 0.3196078431372549 0.007352941176470588 0.01437908496732026
0 0.7356617647058824 0.3137254901960784 0.006617647058823529 0.01568627450980392
0 0.7511029411764706 0.32745098039215687 0.009558823529411765 0.02483660130718954
0 0.7194852941176471 0.3457516339869281 0.006617647058823529 0.02483660130718954
0 0.6886029411764706 0.3535947712418301 0.003676470588235294 0.0196078431372549
0 0.69375 0.36209150326797385 0.005147058823529412 0.026143790849673203
0 0.6966911764705882 0.369281045751634 0.008088235294117648 0.02483660130718954
0 0.7466911764705882 0.3888888888888889 0.005147058823529412 0.01699346405228758
0 0.7518382352941176 0.38300653594771245 0.008088235294117648 0.02875816993464052
0 0.7121323529411765 0.4143790849673203 0.008088235294117648 0.02875816993464052
0 0.6948529411764706 0.4130718954248366 0.007352941176470588 0.03137254901960784
0 0.7014705882352941 0.41633986928104577 0.008823529411764706 0.022222222222222223
0 0.7283088235294117 0.34509803921568627 0.005147058823529412 0.02091503267973856
0 0.7724264705882353 0.44313725490196076 0.008088235294117648 0.023529411764705882
0 0.7360294117647059 0.5516339869281046 0.010294117647058823 0.04183006535947712
0 0.70625 0.6222222222222222 0.011029411764705883 0.047058823529411764
0 0.756985294117647 0.7790849673202614 0.0125 0.02875816993464052
0 0.7716911764705883 0.773202614379085 0.01838235294117647 0.050980392156862744
0 0.7948529411764705 0.7908496732026143 0.013235294117647059 0.04967320261437908
0 0.7639705882352941 0.9712418300653595 0.022058823529411766 0.05751633986928104
0 0.7128676470588236 0.31699346405228757 0.006617647058823529 0.01699346405228758