0 0.22317708333333333 0.32731481481481484 0.0046875 0.01574074074074074
0 0.28619791666666666 0.33101851851851855 0.005729166666666666 0.017592592592592594
0 0.446875 0.15555555555555556 0.0020833333333333333 0.007407407407407408
0 0.44505208333333335 0.15555555555555556 0.0015625 0.007407407407407408
0 0.47890625 0.16064814814814815 0.0015625 0.008333333333333333
0 0.4752604166666667 0.18194444444444444 0.0026041666666666665 0.006481481481481481
0 0.49140625 0.15185185185185185 0.0026041666666666665 0.005555555555555556
0 0.496875 0.2074074074074074 0.0020833333333333333 0.011111111111111112
0 0.4942708333333333 0.20694444444444443 0.0020833333333333333 0.012037037037037037
0 0.49583333333333335 0.19953703703703704 0.003125 0.006481481481481481
0 0.4875 0.20972222222222223 0.0020833333333333333 0.010185185185185186
0 0.4830729166666667 0.20787037037037037 0.0026041666666666665 0.008333333333333333
0 0.4278645833333333 0.23055555555555557 0.0026041666666666665 0.012962962962962963
0 0.43020833333333336 0.2310185185185185 0.0020833333333333333 0.008333333333333333
0 0.446875 0.22314814814814815 0.003125 0.007407407407407408
0 0.5145833333333333 0.25 0.003125 0.009259259259259259
0 0.51015625 0.24074074074074073 0.0015625 0.011111111111111112
0 0.5088541666666667 0.2412037037037037 0.003125 0.012037037037037037
0 0.5065104166666666 0.23935185185185184 0.0026041666666666665 0.013888888888888888
0 0.5059895833333333 0.2638888888888889 0.0036458333333333334 0.014814814814814815
0 0.50390625 0.28194444444444444 0.0036458333333333334 0.010185185185185186
0 0.503125 0.24814814814814815 0.0020833333333333333 0.007407407407407408
0 0.5028645833333333 0.24675925925925926 0.0026041666666666665 0.010185185185185186
0 0.4934895833333333 0.24537037037037038 0.0036458333333333334 0.007407407407407408
0 0.49609375 0.2587962962962963 0.0026041666666666665 0.008333333333333333
0 0.4817708333333333 0.2828703703703704 0.003125 0.012037037037037037
0 0.4466145833333333 0.2564814814814815 0.0026041666666666665 0.009259259259259259
0 0.4356770833333333 0.2726851851851852 0.0026041666666666665 0.012037037037037037
0 0.4309895833333333 0.26851851851851855 0.0036458333333333334 0.012962962962962963
0 0.42109375 0.2689814814814815 0.0036458333333333334 0.010185185185185186
0 0.4114583333333333 0.28888888888888886 0.003125 0.016666666666666666
0 0.53203125 0.39861111111111114 0.0026041666666666665 0.012037037037037037
0 0.5401041666666667 0.4046296296296296 0.0020833333333333333 0.020370370370370372
0 0.4322916666666667 0.3925925925925926 0.005208333333333333 0.016666666666666666
0 0.4236979166666667 0.4111111111111111 0.0046875 0.014814814814814815
0 0.4197916666666667 0.4185185185185185 0.004166666666666667 0.012962962962962963
0 0.53984375 0.3162037037037037 0.005729166666666666 0.012037037037037037
0 0.5427083333333333 0.5435185185185185 0.009375 0.024074074074074074
0 0.4947916666666667 0.5740740740740741 0.00625 0.020370370370370372
0 0.5682291666666667 0.6574074074074074 0.010416666666666666 0.044444444444444446
0 0.5796875 0.6601851851851852 0.009375 0.046296296296296294
0 0.5013020833333334 0.7527777777777778 0.0140625 0.037037037037037035
0 0.41692708333333334 0.7324074074074074 0.008854166666666666 0.022222222222222223
0 0.61875 0.7467592592592592 0.005208333333333333 0.032407407407407406
0 0.62109375 0.7453703703703703 0.009895833333333333 0.024074074074074074
0 0.64296875 0.7592592592592593 0.008854166666666666 0.025925925925925925
0 0.6421875 0.7833333333333333 0.008333333333333333 0.025925925925925925
0 0.6283854166666667 0.7833333333333333 0.0109375 0.024074074074074074
0 0.6380208333333334 0.7069444444444445 0.008333333333333333 0.025
0 0.6489583333333333 0.7138888888888889 0.008333333333333333 0.025925925925925925
0 0.6598958333333333 0.6976851851851852 0.009375 0.026851851851851852
0 0.6463541666666667 0.7013888888888888 0.00625 0.019444444444444445
0 0.4158854166666667 0.47685185185185186 0.0067708333333333336 0.02962962962962963
0 0.4078125 0.4773148148148148 0.00625 0.025
0 0.3971354166666667 0.5 0.008854166666666666 0.03148148148148148
0 0.375 0.7162037037037037 0.007291666666666667 0.026851851851851852
0 0.6583333333333333 0.8662037037037037 0.009375 0.04537037037037037
0 0.6044270833333333 0.8675925925925926 0.0109375 0.02962962962962963
0 0.6236979166666666 0.9851851851851852 0.009895833333333333 0.027777777777777776
0 0.6294270833333333 0.9879629629629629 0.0078125 0.018518518518518517
0 0.5239583333333333 0.8569444444444444 0.010416666666666666 0.041666666666666664
0 0.4752604166666667 0.9356481481481481 0.016145833333333335 0.06944444444444445