0 0.6246323529411765 0.8980392156862745 0.016911764705882352 0.06274509803921569
0 0.5845588235294118 0.9581699346405229 0.01911764705882353 0.044444444444444446
0 0.23566176470588235 0.8444444444444444 0.015441176470588236 0.07058823529411765
0 0.5183823529411765 0.5607843137254902 0.013235294117647059 0.04967320261437908
0 0.54375 0.5483660130718955 0.013970588235294118 0.048366013071895426
0 0.5529411764705883 0.5522875816993464 0.008823529411764706 0.048366013071895426
0 0.5602941176470588 0.545751633986928 0.008823529411764706 0.043137254901960784
0 0.15625 0.7339869281045751 0.015441176470588236 0.048366013071895426
0 0.16213235294117648 0.7065359477124183 0.011029411764705883 0.032679738562091505
0 0.07205882352941176 0.6594771241830065 0.016176470588235296 0.05359477124183006
0 0.43713235294117647 0.30915032679738563 0.008088235294117648 0.03790849673202614
0 0.4724264705882353 0.3803921568627451 0.008088235294117648 0.0392156862745098
0 0.4772058823529412 0.3934640522875817 0.0058823529411764705 0.026143790849673203
0 0.26323529411764707 0.5045751633986928 0.007352941176470588 0.047058823529411764
0 0.39338235294117646 0.2627450980392157 0.008823529411764706 0.03398692810457516
0 0.05514705882352941 0.4993464052287582 0.010294117647058823 0.04967320261437908
0 0.05955882352941176 0.492156862745098 0.010294117647058823 0.02483660130718954
0 0.1827205882352941 0.09542483660130718 0.006617647058823529 0.023529411764705882
0 0.19448529411764706 0.05163398692810457 0.005147058823529412 0.022222222222222223
0 0.14558823529411766 0.13137254901960785 0.0058823529411764705 0.027450980392156862
0 0.14044117647058824 0.12810457516339868 0.0058823529411764705 0.023529411764705882