0 0.2625 0.4130718954248366 0.008823529411764706 0.04967320261437908
0 0.2275735294117647 0.30718954248366015 0.008088235294117648 0.036601307189542485
0 0.2514705882352941 0.9215686274509803 0.033823529411764704 0.08888888888888889
0 0.6191176470588236 0.5627450980392157 0.010294117647058823 0.040522875816993466
0 0.9113970588235294 0.8032679738562092 0.019852941176470587 0.09019607843137255
0 0.8213235294117647 0.4143790849673203 0.007352941176470588 0.047058823529411764
0 0.5044117647058823 0.1627450980392157 0.0058823529411764705 0.0196078431372549
0 0.731985294117647 0.47320261437908495 0.013970588235294118 0.05751633986928104
0 0.7382352941176471 0.4725490196078431 0.011764705882352941 0.05359477124183006
0 0.37720588235294117 0.19673202614379084 0.004411764705882353 0.02483660130718954
0 0.3735294117647059 0.19673202614379084 0.004411764705882353 0.02483660130718954
0 0.3503676470588235 0.21045751633986928 0.003676470588235294 0.02091503267973856
0 0.33492647058823527 0.19738562091503267 0.03308823529411765 0.03137254901960784
0 0.43529411764705883 0.19738562091503267 0.0058823529411764705 0.02091503267973856
0 0.45294117647058824 0.19150326797385622 0.0058823529411764705 0.01699346405228758
0 0.4551470588235294 0.15555555555555556 0.0029411764705882353 0.01568627450980392
0 0.45992647058823527 0.1450980392156863 0.003676470588235294 0.013071895424836602
0 0.6040441176470588 0.2084967320261438 0.003676470588235294 0.01699346405228758