0 0.025520833333333333 0.7509259259259259 0.015625 0.04259259259259259
0 0.49244791666666665 0.21203703703703702 0.0026041666666666665 0.007407407407407408
0 0.49583333333333335 0.21435185185185185 0.003125 0.010185185185185186
0 0.5427083333333333 0.2935185185185185 0.003125 0.018518518518518517
0 0.5901041666666667 0.37962962962962965 0.005208333333333333 0.016666666666666666
0 0.6408854166666667 0.48935185185185187 0.0067708333333333336 0.023148148148148147
0 0.6776041666666667 0.5513888888888889 0.007291666666666667 0.025
0 0.6755208333333333 0.549074074074074 0.008333333333333333 0.02962962962962963
0 0.6411458333333333 0.4847222222222222 0.00625 0.026851851851851852
0 0.71328125 0.6625 0.011979166666666667 0.03611111111111111
0 0.84375 0.6337962962962963 0.015625 0.03425925925925926
0 0.7346354166666667 0.2569444444444444 0.0036458333333333334 0.012037037037037037
0 0.82421875 0.2587962962962963 0.0036458333333333334 0.010185185185185186
0 0.9744791666666667 0.2773148148148148 0.005208333333333333 0.012037037037037037
0 0.9658854166666667 0.2726851851851852 0.0046875 0.010185185185185186
0 0.8903645833333333 0.29583333333333334 0.0046875 0.013888888888888888