0 0.49505208333333334 0.6912037037037037 0.0078125 0.03796296296296296
0 0.5127604166666667 0.6504629629629629 0.009895833333333333 0.03796296296296296
0 0.5182291666666666 0.5810185185185185 0.008333333333333333 0.03425925925925926
0 0.5838541666666667 0.4930555555555556 0.008333333333333333 0.032407407407407406
0 0.5651041666666666 0.44675925925925924 0.005208333333333333 0.025
0 0.5138020833333333 0.45925925925925926 0.0036458333333333334 0.024074074074074074
0 0.50234375 0.45601851851851855 0.005729166666666666 0.030555555555555555
0 0.50703125 0.4625 0.0036458333333333334 0.017592592592592594
0 0.47578125 0.45185185185185184 0.0046875 0.018518518518518517
0 0.475 0.4550925925925926 0.004166666666666667 0.017592592592592594
0 0.4903645833333333 0.46064814814814814 0.005729166666666666 0.019444444444444445
0 0.4908854166666667 0.4652777777777778 0.0046875 0.017592592592592594
0 0.49609375 0.4064814814814815 0.0046875 0.020370370370370372
0 0.49244791666666665 0.3990740740740741 0.0036458333333333334 0.016666666666666666
0 0.4786458333333333 0.40185185185185185 0.004166666666666667 0.018518518518518517
0 0.47213541666666664 0.3958333333333333 0.0036458333333333334 0.01574074074074074
0 0.46953125 0.3824074074074074 0.0046875 0.016666666666666666
0 0.4830729166666667 0.38657407407407407 0.0036458333333333334 0.01574074074074074
0 0.48984375 0.3768518518518518 0.0036458333333333334 0.014814814814814815
0 0.48515625 0.36203703703703705 0.0026041666666666665 0.011111111111111112
0 0.4765625 0.287962962962963 0.0020833333333333333 0.011111111111111112
0 0.4856770833333333 0.3111111111111111 0.0026041666666666665 0.012962962962962963
0 0.48046875 0.32083333333333336 0.0026041666666666665 0.010185185185185186
0 0.35572916666666665 0.8310185185185185 0.0125 0.062037037037037036
0 0.3578125 0.6282407407407408 0.010416666666666666 0.03425925925925926
0 0.34713541666666664 0.6939814814814815 0.011979166666666667 0.041666666666666664
0 0.33151041666666664 0.6939814814814815 0.013020833333333334 0.05648148148148148
0 0.3 0.500462962962963 0.00625 0.032407407407407406