0 0.45338541666666665 0.8819444444444444 0.008854166666666666 0.030555555555555555
0 0.4393229166666667 0.8050925925925926 0.008854166666666666 0.025
0 0.43828125 0.8175925925925925 0.0067708333333333336 0.016666666666666666
0 0.5098958333333333 0.2953703703703704 0.003125 0.014814814814814815
0 0.5013020833333334 0.2625 0.0015625 0.010185185185185186
0 0.5028645833333333 0.25925925925925924 0.0015625 0.009259259259259259
0 0.5044270833333333 0.2875 0.0026041666666666665 0.010185185185185186
0 0.4864583333333333 0.29953703703703705 0.003125 0.010185185185185186
0 0.5059895833333333 0.3175925925925926 0.0036458333333333334 0.011111111111111112
0 0.50625 0.31805555555555554 0.003125 0.008333333333333333
0 0.5127604166666667 0.3287037037037037 0.0026041666666666665 0.011111111111111112
0 0.5065104166666666 0.3287037037037037 0.0036458333333333334 0.009259259259259259
0 0.5044270833333333 0.35462962962962963 0.0036458333333333334 0.011111111111111112
0 0.5044270833333333 0.35462962962962963 0.0026041666666666665 0.007407407407407408
0 0.51171875 0.3541666666666667 0.0036458333333333334 0.012037037037037037
0 0.5083333333333333 0.36435185185185187 0.003125 0.013888888888888888
0 0.5135416666666667 0.38564814814814813 0.003125 0.01574074074074074
0 0.53046875 0.4740740740740741 0.0046875 0.022222222222222223
0 0.5166666666666667 0.4638888888888889 0.005208333333333333 0.020370370370370372
0 0.490625 0.4912037037037037 0.005208333333333333 0.021296296296296296
0 0.4739583333333333 0.4962962962962963 0.004166666666666667 0.018518518518518517
0 0.4747395833333333 0.5217592592592593 0.0046875 0.025
0 0.46119791666666665 0.5532407407407407 0.0067708333333333336 0.023148148148148147
0 0.46145833333333336 0.5569444444444445 0.005208333333333333 0.017592592592592594
0 0.47578125 0.6277777777777778 0.008854166666666666 0.02962962962962963
0 0.48802083333333335 0.6310185185185185 0.008333333333333333 0.030555555555555555
0 0.4979166666666667 0.6138888888888889 0.008333333333333333 0.02962962962962963
0 0.5260416666666666 0.6226851851851852 0.008333333333333333 0.028703703703703703
0 0.5166666666666667 0.663425925925926 0.010416666666666666 0.026851851851851852
0 0.5393229166666667 0.6652777777777777 0.008854166666666666 0.026851851851851852
0 0.5533854166666666 0.6722222222222223 0.0078125 0.024074074074074074
0 0.46510416666666665 0.7134259259259259 0.009375 0.03796296296296296
0 0.46484375 0.7180555555555556 0.005729166666666666 0.025
0 0.5291666666666667 0.7481481481481481 0.010416666666666666 0.03148148148148148
0 0.5299479166666666 0.7523148148148148 0.011979166666666667 0.030555555555555555
0 0.5609375 0.7773148148148148 0.011458333333333333 0.03796296296296296
0 0.9036458333333334 0.912962962962963 0.016666666666666666 0.04259259259259259
0 0.9002604166666667 0.9074074074074074 0.011979166666666667 0.03518518518518519
0 0.79296875 0.8171296296296297 0.0109375 0.04351851851851852
0 0.7973958333333333 0.8212962962962963 0.011458333333333333 0.046296296296296294
0 0.9703125 0.8435185185185186 0.0125 0.044444444444444446
0 0.953125 0.7550925925925925 0.010416666666666666 0.04537037037037037
0 0.9643229166666667 0.7523148148148148 0.011979166666666667 0.030555555555555555
0 0.96796875 0.7555555555555555 0.0078125 0.02962962962962963
0 0.9666666666666667 0.7541666666666667 0.013541666666666667 0.04537037037037037
0 0.97734375 0.7 0.009895833333333333 0.040740740740740744
0 0.9572916666666667 0.6574074074074074 0.015625 0.040740740740740744
0 0.9684895833333333 0.6680555555555555 0.0067708333333333336 0.023148148148148147
0 0.9442708333333333 0.5916666666666667 0.008333333333333333 0.025925925925925925
0 0.9580729166666667 0.5689814814814815 0.005729166666666666 0.021296296296296296
0 0.6390625 0.7069444444444445 0.007291666666666667 0.028703703703703703
0 0.6388020833333333 0.700462962962963 0.0067708333333333336 0.030555555555555555
0 0.778125 0.6351851851851852 0.009375 0.03518518518518519
0 0.76953125 0.6388888888888888 0.008854166666666666 0.024074074074074074
0 0.6895833333333333 0.5861111111111111 0.007291666666666667 0.03148148148148148
0 0.7067708333333333 0.5986111111111111 0.004166666666666667 0.026851851851851852
0 0.7020833333333333 0.6027777777777777 0.009375 0.03148148148148148
0 0.7854166666666667 0.6273148148148148 0.005208333333333333 0.025
0 0.7783854166666667 0.6018518518518519 0.0067708333333333336 0.024074074074074074
0 0.7731770833333333 0.5935185185185186 0.0046875 0.016666666666666666
0 0.7734375 0.5981481481481481 0.003125 0.016666666666666666
0 0.7473958333333334 0.5907407407407408 0.00625 0.024074074074074074
0 0.74921875 0.5555555555555556 0.0067708333333333336 0.03333333333333333
0 0.7677083333333333 0.5773148148148148 0.007291666666666667 0.028703703703703703
0 0.7565104166666666 0.5787037037037037 0.011979166666666667 0.016666666666666666
0 0.7372395833333333 0.5231481481481481 0.0067708333333333336 0.025925925925925925
0 0.7450520833333333 0.5212962962962963 0.0046875 0.025925925925925925
0 0.7354166666666667 0.5087962962962963 0.003125 0.023148148148148147
0 0.7950520833333333 0.5138888888888888 0.005729166666666666 0.027777777777777776
0 0.7950520833333333 0.5092592592592593 0.0036458333333333334 0.016666666666666666
0 0.8322916666666667 0.5875 0.010416666666666666 0.030555555555555555
0 0.8755208333333333 0.5675925925925925 0.011458333333333333 0.03148148148148148
0 0.85703125 0.5740740740740741 0.0078125 0.022222222222222223
0 0.8869791666666667 0.575925925925926 0.010416666666666666 0.014814814814814815
0 0.8596354166666667 0.549074074074074 0.005729166666666666 0.016666666666666666
0 0.8591145833333333 0.5351851851851852 0.0067708333333333336 0.025925925925925925
0 0.9895833333333334 0.5541666666666667 0.007291666666666667 0.026851851851851852
0 0.9932291666666667 0.5518518518518518 0.005208333333333333 0.027777777777777776
0 0.9799479166666667 0.5361111111111111 0.0078125 0.027777777777777776
0 0.9705729166666667 0.5310185185185186 0.0067708333333333336 0.028703703703703703
0 0.9231770833333334 0.5180555555555556 0.0078125 0.028703703703703703
0 0.946875 0.5208333333333334 0.005208333333333333 0.026851851851851852
0 0.9611979166666667 0.5236111111111111 0.0078125 0.028703703703703703
0 0.9278645833333333 0.5078703703703704 0.005729166666666666 0.028703703703703703
0 0.93671875 0.5037037037037037 0.0067708333333333336 0.025925925925925925
0 0.9356770833333333 0.5023148148148148 0.0046875 0.028703703703703703
0 0.8984375 0.5018518518518519 0.007291666666666667 0.027777777777777776
0 0.9091145833333333 0.4986111111111111 0.0067708333333333336 0.026851851851851852
0 0.871875 0.4736111111111111 0.005208333333333333 0.025
0 0.8809895833333333 0.475 0.0067708333333333336 0.024074074074074074
0 0.8890625 0.48009259259259257 0.00625 0.026851851851851852
0 0.9166666666666666 0.4986111111111111 0.00625 0.026851851851851852
0 0.9013020833333333 0.48935185185185187 0.0036458333333333334 0.026851851851851852
0 0.90546875 0.4925925925925926 0.0046875 0.027777777777777776
0 0.8471354166666667 0.48842592592592593 0.0067708333333333336 0.021296296296296296
0 0.83359375 0.4791666666666667 0.005729166666666666 0.023148148148148147
0 0.8234375 0.4736111111111111 0.005208333333333333 0.01574074074074074
0 0.825 0.47685185185185186 0.005208333333333333 0.020370370370370372
0 0.85390625 0.4597222222222222 0.0046875 0.019444444444444445
0 0.8440104166666667 0.4597222222222222 0.0067708333333333336 0.01574074074074074
0 0.8390625 0.4615740740740741 0.004166666666666667 0.010185185185185186
0 0.8427083333333333 0.4527777777777778 0.00625 0.018518518518518517
0 0.8127604166666667 0.43657407407407406 0.0046875 0.021296296296296296
0 0.8263020833333333 0.4310185185185185 0.005729166666666666 0.013888888888888888
0 0.8309895833333333 0.43287037037037035 0.005729166666666666 0.013888888888888888
0 0.796875 0.42824074074074076 0.003125 0.012037037037037037
0 0.8015625 0.43657407407407406 0.00625 0.023148148148148147
0 0.8072916666666666 0.43657407407407406 0.005208333333333333 0.021296296296296296
0 0.8080729166666667 0.4287037037037037 0.0026041666666666665 0.007407407407407408
0 0.8125 0.43148148148148147 0.003125 0.007407407407407408
0 0.7940104166666667 0.4060185185185185 0.005729166666666666 0.013888888888888888
0 0.7981770833333334 0.40555555555555556 0.0078125 0.020370370370370372
0 0.8216145833333334 0.4148148148148148 0.005729166666666666 0.012962962962962963
0 0.82578125 0.4185185185185185 0.0046875 0.012962962962962963
0 0.81484375 0.42453703703703705 0.0067708333333333336 0.01574074074074074
0 0.8166666666666667 0.42824074074074076 0.005208333333333333 0.01574074074074074
0 0.66328125 0.48148148148148145 0.0036458333333333334 0.024074074074074074
0 0.6890625 0.46296296296296297 0.00625 0.024074074074074074
0 0.7208333333333333 0.4625 0.00625 0.025
0 0.6880208333333333 0.4083333333333333 0.004166666666666667 0.022222222222222223
0 0.6169270833333333 0.39444444444444443 0.005729166666666666 0.016666666666666666
0 0.6203125 0.3962962962962963 0.005208333333333333 0.014814814814814815
0 0.75859375 0.4097222222222222 0.0046875 0.021296296296296296
0 0.7544270833333333 0.41388888888888886 0.0036458333333333334 0.012962962962962963
0 0.75 0.41203703703703703 0.005208333333333333 0.011111111111111112
0 0.75 0.425462962962963 0.007291666666666667 0.019444444444444445
0 0.7122395833333334 0.3851851851851852 0.0026041666666666665 0.018518518518518517
0 0.7200520833333334 0.39166666666666666 0.005729166666666666 0.016666666666666666
0 0.7143229166666667 0.39444444444444443 0.0036458333333333334 0.009259259259259259
0 0.7270833333333333 0.38055555555555554 0.005208333333333333 0.020370370370370372
0 0.72265625 0.3800925925925926 0.0036458333333333334 0.01574074074074074
0 0.721875 0.36944444444444446 0.003125 0.018518518518518517
0 0.7317708333333334 0.37222222222222223 0.003125 0.016666666666666666
0 0.72890625 0.3685185185185185 0.0026041666666666665 0.016666666666666666
0 0.74921875 0.40046296296296297 0.0036458333333333334 0.019444444444444445
0 0.7174479166666666 0.33425925925925926 0.0036458333333333334 0.011111111111111112
0 0.8177083333333334 0.8976851851851851 0.007291666666666667 0.04351851851851852