0 0.1547794117647059 0.3326797385620915 0.0125 0.050980392156862744
0 0.5286764705882353 0.8209150326797385 0.013235294117647059 0.04183006535947712
0 0.6316176470588235 0.8065359477124183 0.007352941176470588 0.03137254901960784
0 0.6286764705882353 0.7836601307189542 0.007352941176470588 0.030065359477124184
0 0.6577205882352941 0.7810457516339869 0.0125 0.050980392156862744
0 0.46176470588235297 0.6019607843137255 0.011764705882352941 0.0457516339869281
0 0.5514705882352942 0.4823529411764706 0.013235294117647059 0.04183006535947712
0 0.4297794117647059 0.4496732026143791 0.011029411764705883 0.047058823529411764
0 0.4963235294117647 0.49084967320261436 0.008823529411764706 0.032679738562091505
0 0.4227941176470588 0.23660130718954248 0.007352941176470588 0.03398692810457516
0 0.5650735294117647 0.2437908496732026 0.008088235294117648 0.043137254901960784
0 0.5779411764705882 0.25555555555555554 0.007352941176470588 0.03529411764705882
0 0.5231617647058824 0.2784313725490196 0.009558823529411765 0.02875816993464052
0 0.4573529411764706 0.12549019607843137 0.007352941176470588 0.026143790849673203
0 0.45441176470588235 0.07908496732026143 0.007352941176470588 0.022222222222222223
0 0.5389705882352941 0.11372549019607843 0.0058823529411764705 0.03398692810457516
0 0.8757352941176471 0.4065359477124183 0.010294117647058823 0.04183006535947712
0 0.99375 0.5183006535947713 0.0125 0.032679738562091505