0 0.26875 0.5518518518518518 0.010416666666666666 0.04814814814814815
0 0.2682291666666667 0.6231481481481481 0.017708333333333333 0.06111111111111111
0 0.19479166666666667 0.75 0.01875 0.06296296296296296
0 0.6072916666666667 0.8194444444444444 0.020833333333333332 0.06481481481481481
0 0.6427083333333333 0.8342592592592593 0.014583333333333334 0.05
0 0.6390625 0.8092592592592592 0.021875 0.06666666666666667
0 0.7057291666666666 0.7935185185185185 0.026041666666666668 0.07222222222222222
0 0.6744791666666666 0.7833333333333333 0.023958333333333335 0.07777777777777778
0 0.5135416666666667 0.6129629629629629 0.016666666666666666 0.04814814814814815
0 0.5760416666666667 0.6518518518518519 0.016666666666666666 0.04814814814814815
0 0.5927083333333333 0.65 0.014583333333333334 0.044444444444444446
0 0.9401041666666666 0.8657407407407407 0.028125 0.06481481481481481
0 0.9708333333333333 0.8657407407407407 0.016666666666666666 0.07222222222222222
0 0.9541666666666667 0.8435185185185186 0.01875 0.06111111111111111
0 0.3078125 0.4064814814814815 0.007291666666666667 0.024074074074074074
0 0.36041666666666666 0.3592592592592593 0.008333333333333333 0.018518518518518517
0 0.34479166666666666 0.3537037037037037 0.00625 0.022222222222222223
0 0.353125 0.2962962962962963 0.00625 0.014814814814814815
0 0.36041666666666666 0.30277777777777776 0.00625 0.016666666666666666
0 0.4270833333333333 0.31296296296296294 0.00625 0.018518518518518517
0 0.4713541666666667 0.26851851851851855 0.005208333333333333 0.011111111111111112
0 0.4791666666666667 0.32037037037037036 0.00625 0.018518518518518517
0 0.48072916666666665 0.2851851851851852 0.005208333333333333 0.014814814814814815
0 0.49895833333333334 0.33425925925925926 0.00625 0.020370370370370372
0 0.5145833333333333 0.3888888888888889 0.008333333333333333 0.018518518518518517