0 0.09963235294117648 0.3673202614379085 0.0125 0.04183006535947712
0 0.14522058823529413 0.36666666666666664 0.009558823529411765 0.043137254901960784
0 0.1698529411764706 0.3784313725490196 0.007352941176470588 0.040522875816993466
0 0.16875 0.36470588235294116 0.011029411764705883 0.044444444444444446
0 0.05514705882352941 0.9163398692810457 0.025 0.07581699346405228
0 0.2849264705882353 0.5411764705882353 0.0125 0.044444444444444446
0 0.11397058823529412 0.615686274509804 0.016176470588235296 0.06535947712418301
0 0.05661764705882353 0.6045751633986928 0.016176470588235296 0.040522875816993466
0 0.047058823529411764 0.6137254901960785 0.013235294117647059 0.03790849673202614
0 0.07904411764705882 0.4823529411764706 0.015441176470588236 0.054901960784313725
0 0.13933823529411765 0.2 0.011029411764705883 0.02091503267973856
0 0.3238970588235294 0.2875816993464052 0.009558823529411765 0.03398692810457516
0 0.3966911764705882 0.30718954248366015 0.009558823529411765 0.03398692810457516
0 0.38786764705882354 0.29869281045751633 0.008088235294117648 0.03790849673202614
0 0.3518382352941177 0.9745098039215686 0.025735294117647058 0.050980392156862744
0 0.5330882352941176 0.1437908496732026 0.0058823529411764705 0.023529411764705882
0 0.6551470588235294 0.30196078431372547 0.008823529411764706 0.03398692810457516
0 0.6988970588235294 0.3104575163398693 0.011029411764705883 0.03529411764705882
0 0.5845588235294118 0.4594771241830065 0.007352941176470588 0.040522875816993466
0 0.58125 0.4549019607843137 0.011029411764705883 0.036601307189542485
0 0.743014705882353 0.2758169934640523 0.011029411764705883 0.023529411764705882
0 0.7911764705882353 0.22549019607843138 0.0058823529411764705 0.032679738562091505
0 0.7808823529411765 0.22745098039215686 0.007352941176470588 0.02875816993464052
0 0.7852941176470588 0.21241830065359477 0.007352941176470588 0.032679738562091505
0 0.7474264705882353 0.1803921568627451 0.005147058823529412 0.026143790849673203
0 0.8665441176470589 0.3084967320261438 0.008088235294117648 0.03137254901960784
0 0.8735294117647059 0.3084967320261438 0.007352941176470588 0.02875816993464052
0 0.8547794117647058 0.28104575163398693 0.008088235294117648 0.03137254901960784
0 0.8404411764705882 0.3588235294117647 0.010294117647058823 0.030065359477124184
0 0.8264705882352941 0.47516339869281043 0.010294117647058823 0.050980392156862744
0 0.9091911764705882 0.5313725490196078 0.016911764705882352 0.05359477124183006
0 0.7610294117647058 0.43594771241830066 0.011764705882352941 0.043137254901960784
0 0.7816176470588235 0.4516339869281046 0.013235294117647059 0.0457516339869281
0 0.9408088235294118 0.2679738562091503 0.008088235294117648 0.03137254901960784