0 0.46536458333333336 0.9212962962962963 0.019270833333333334 0.08888888888888889
0 0.38958333333333334 0.7231481481481481 0.014583333333333334 0.04259259259259259
0 0.41041666666666665 0.6722222222222223 0.009375 0.03333333333333333
0 0.32005208333333335 0.6361111111111111 0.0067708333333333336 0.025925925925925925
0 0.5794270833333334 0.7421296296296296 0.0140625 0.04537037037037037
0 0.00859375 0.7814814814814814 0.0171875 0.06296296296296296
0 0.09557291666666666 0.7203703703703703 0.016145833333333335 0.04259259259259259
0 0.24375 0.6194444444444445 0.007291666666666667 0.018518518518518517
0 0.23984375 0.6134259259259259 0.005729166666666666 0.01574074074074074
0 0.2721354166666667 0.5893518518518519 0.0046875 0.010185185185185186
0 0.35208333333333336 0.5814814814814815 0.003125 0.011111111111111112
0 0.34921875 0.5782407407407407 0.0026041666666666665 0.008333333333333333
0 0.06979166666666667 0.6611111111111111 0.0125 0.03333333333333333
0 0.08854166666666667 0.6472222222222223 0.009375 0.027777777777777776
0 0.29296875 0.5851851851851851 0.0036458333333333334 0.014814814814814815
0 0.9575520833333333 0.9675925925925926 0.024479166666666666 0.06111111111111111
0 0.93203125 0.9726851851851852 0.0203125 0.05462962962962963