0 0.5147058823529411 0.041176470588235294 0.004411764705882353 0.01437908496732026
0 0.5205882352941177 0.06013071895424837 0.0058823529411764705 0.018300653594771243
0 0.4886029411764706 0.06405228758169934 0.005147058823529412 0.023529411764705882
0 0.48566176470588235 0.06535947712418301 0.005147058823529412 0.023529411764705882
0 0.48161764705882354 0.06339869281045751 0.004411764705882353 0.02483660130718954
0 0.5308823529411765 0.06405228758169934 0.0058823529411764705 0.023529411764705882
0 0.4209558823529412 0.31437908496732025 0.008088235294117648 0.030065359477124184
0 0.19448529411764706 0.3516339869281046 0.011029411764705883 0.05228758169934641
0 0.07647058823529412 0.3359477124183007 0.01911764705882353 0.047058823529411764
0 0.048161764705882355 0.5052287581699346 0.01838235294117647 0.05359477124183006
0 0.0974264705882353 0.5300653594771242 0.015441176470588236 0.043137254901960784
0 0.08419117647058824 0.5300653594771242 0.011029411764705883 0.043137254901960784
0 0.23345588235294118 0.6235294117647059 0.015441176470588236 0.054901960784313725
0 0.45955882352941174 0.6241830065359477 0.011764705882352941 0.05620915032679739
0 0.6536764705882353 0.5366013071895425 0.013235294117647059 0.040522875816993466
0 0.7246323529411764 0.803921568627451 0.013970588235294118 0.06274509803921569
0 0.7227941176470588 0.8176470588235294 0.014705882352941176 0.06928104575163399
0 0.9452205882352941 0.7405228758169935 0.01838235294117647 0.05620915032679739
0 0.8452205882352941 0.5751633986928104 0.0125 0.05751633986928104
0 0.8341911764705883 0.5673202614379085 0.0125 0.06013071895424837
0 0.8117647058823529 0.5300653594771242 0.016176470588235296 0.05359477124183006
0 0.8610294117647059 0.7947712418300653 0.016176470588235296 0.06013071895424837
0 0.7246323529411764 0.4300653594771242 0.009558823529411765 0.047058823529411764
0 0.70625 0.42549019607843136 0.0125 0.0457516339869281
0 0.7073529411764706 0.14575163398692811 0.007352941176470588 0.02483660130718954
0 0.6797794117647059 0.24052287581699347 0.0125 0.026143790849673203
0 0.6786764705882353 0.23529411764705882 0.011764705882352941 0.026143790849673203
0 0.6720588235294118 0.2150326797385621 0.007352941176470588 0.022222222222222223
0 0.7463235294117647 0.25947712418300656 0.007352941176470588 0.03529411764705882
0 0.6544117647058824 0.0915032679738562 0.007352941176470588 0.02091503267973856
0 0.6584558823529412 0.08758169934640522 0.005147058823529412 0.023529411764705882