0 0.4119791666666667 0.2518518518518518 0.005208333333333333 0.022222222222222223
0 0.40520833333333334 0.24537037037037038 0.004166666666666667 0.012962962962962963
0 0.43645833333333334 0.12407407407407407 0.00625 0.011111111111111112
0 0.5984375 0.2351851851851852 0.005208333333333333 0.025925925925925925
0 0.5994791666666667 0.2574074074074074 0.005208333333333333 0.014814814814814815
0 0.5015625 0.22037037037037038 0.005208333333333333 0.018518518518518517
0 0.5119791666666667 0.21944444444444444 0.007291666666666667 0.020370370370370372
0 0.5239583333333333 0.21388888888888888 0.00625 0.016666666666666666
0 0.5161458333333333 0.15833333333333333 0.005208333333333333 0.016666666666666666
0 0.5223958333333333 0.15555555555555556 0.005208333333333333 0.018518518518518517
0 0.5223958333333333 0.11574074074074074 0.005208333333333333 0.016666666666666666
0 0.31614583333333335 0.3101851851851852 0.007291666666666667 0.024074074074074074
0 0.3494791666666667 0.39814814814814814 0.009375 0.025925925925925925
0 0.078125 0.9564814814814815 0.0125 0.03888888888888889
0 0.2630208333333333 0.7768518518518519 0.011458333333333333 0.03148148148148148
0 0.2640625 0.7685185185185185 0.009375 0.02962962962962963
0 0.29375 0.6842592592592592 0.010416666666666666 0.03888888888888889
0 0.5208333333333334 0.7185185185185186 0.0125 0.037037037037037035
0 0.5838541666666667 0.8287037037037037 0.013541666666666667 0.03888888888888889
0 0.4119791666666667 0.1935185185185185 0.005208333333333333 0.020370370370370372
0 0.4005208333333333 0.1935185185185185 0.005208333333333333 0.016666666666666666
0 0.5208333333333334 0.0712962962962963 0.004166666666666667 0.009259259259259259
0 0.5140625 0.06574074074074074 0.003125 0.009259259259259259
0 0.44635416666666666 0.06481481481481481 0.003125 0.011111111111111112