0 0.49926470588235294 0.9575163398692811 0.014705882352941176 0.05359477124183006
0 0.5290441176470588 0.9052287581699346 0.027205882352941177 0.05359477124183006
0 0.5213235294117647 0.8379084967320262 0.010294117647058823 0.02875816993464052
0 0.5305147058823529 0.8241830065359477 0.0125 0.0457516339869281
0 0.5764705882352941 0.9209150326797385 0.01764705882352941 0.06143790849673202
0 0.6400735294117647 0.9483660130718954 0.021323529411764706 0.040522875816993466
0 0.7213235294117647 0.5705882352941176 0.013235294117647059 0.048366013071895426
0 0.8099264705882353 0.9313725490196079 0.021323529411764706 0.050980392156862744
0 0.8632352941176471 0.907843137254902 0.030882352941176472 0.0457516339869281
0 0.9488970588235294 0.6032679738562091 0.016911764705882352 0.040522875816993466
0 0.8040441176470589 0.44313725490196076 0.015441176470588236 0.03398692810457516
0 0.9411764705882353 0.4915032679738562 0.013235294117647059 0.054901960784313725
0 0.8772058823529412 0.35947712418300654 0.013235294117647059 0.03137254901960784
0 0.6371323529411764 0.13856209150326798 0.009558823529411765 0.0392156862745098
0 0.6761029411764706 0.05163398692810457 0.008088235294117648 0.03790849673202614
0 0.6169117647058824 0.08431372549019608 0.011764705882352941 0.03790849673202614
0 0.6253676470588235 0.0784313725490196 0.008088235294117648 0.036601307189542485
0 0.5452205882352941 0.1450980392156863 0.0125 0.044444444444444446
0 0.5768382352941176 0.056862745098039215 0.006617647058823529 0.03790849673202614
0 0.39889705882352944 0.4915032679738562 0.01838235294117647 0.044444444444444446
0 0.4389705882352941 0.22549019607843138 0.010294117647058823 0.043137254901960784
0 0.43125 0.2568627450980392 0.008088235294117648 0.032679738562091505
0 0.40551470588235294 0.2169934640522876 0.013970588235294118 0.0392156862745098
0 0.32426470588235295 0.3254901960784314 0.013235294117647059 0.0392156862745098
0 0.29558823529411765 0.3738562091503268 0.016176470588235296 0.04967320261437908
0 0.24338235294117647 0.22091503267973855 0.010294117647058823 0.04183006535947712
0 0.25698529411764703 0.20522875816993463 0.011029411764705883 0.04183006535947712
0 0.2952205882352941 0.19477124183006536 0.0125 0.036601307189542485
0 0.26580882352941176 0.2 0.009558823529411765 0.0392156862745098
0 0.2580882352941177 0.27712418300653596 0.010294117647058823 0.02875816993464052
0 0.23566176470588235 0.16862745098039217 0.0125 0.036601307189542485
0 0.22426470588235295 0.16339869281045752 0.014705882352941176 0.0392156862745098
0 0.21801470588235294 0.17254901960784313 0.013970588235294118 0.036601307189542485
0 0.11544117647058824 0.23202614379084968 0.013235294117647059 0.030065359477124184
0 0.24669117647058825 0.41568627450980394 0.013970588235294118 0.04183006535947712
0 0.225 0.4366013071895425 0.013235294117647059 0.044444444444444446
0 0.2551470588235294 0.40522875816993464 0.014705882352941176 0.04183006535947712
0 0.2474264705882353 0.3784313725490196 0.0125 0.0457516339869281
0 0.2584558823529412 0.3784313725490196 0.0125 0.040522875816993466
0 0.20183823529411765 0.40784313725490196 0.01838235294117647 0.044444444444444446
0 0.07757352941176471 0.47581699346405226 0.016911764705882352 0.04183006535947712
0 0.06286764705882353 0.5339869281045752 0.022794117647058822 0.048366013071895426