0 0.3411458333333333 0.9430555555555555 0.04375 0.11388888888888889
0 0.3658854166666667 0.8574074074074074 0.033854166666666664 0.14629629629629629
0 0.32734375 0.7782407407407408 0.027604166666666666 0.11944444444444445
0 0.35572916666666665 0.7754629629629629 0.028125 0.1175925925925926
0 0.3619791666666667 0.6601851851851852 0.020833333333333332 0.07037037037037037
0 0.28828125 0.5828703703703704 0.0078125 0.05277777777777778
0 0.2669270833333333 0.5884259259259259 0.013020833333333334 0.03611111111111111
0 0.37734375 0.5925925925925926 0.009895833333333333 0.044444444444444446
0 0.3848958333333333 0.5745370370370371 0.008333333333333333 0.03796296296296296
0 0.3768229166666667 0.5578703703703703 0.008854166666666666 0.03611111111111111
0 0.39375 0.5148148148148148 0.004166666666666667 0.018518518518518517
0 0.3841145833333333 0.5222222222222223 0.0046875 0.022222222222222223
0 0.3807291666666667 0.5120370370370371 0.004166666666666667 0.012962962962962963
0 0.39036458333333335 0.5041666666666667 0.0046875 0.01574074074074074
0 0.39609375 0.5097222222222222 0.0036458333333333334 0.021296296296296296