0 0.5856617647058824 0.8392156862745098 0.011029411764705883 0.054901960784313725
0 0.9345588235294118 0.6588235294117647 0.010294117647058823 0.047058823529411764
0 0.8904411764705882 0.6071895424836601 0.014705882352941176 0.030065359477124184
0 0.8558823529411764 0.5601307189542484 0.010294117647058823 0.040522875816993466
0 0.5904411764705882 0.8169934640522876 0.010294117647058823 0.04967320261437908
0 0.4430147058823529 0.6437908496732027 0.011029411764705883 0.03529411764705882
0 0.44227941176470587 0.6392156862745098 0.0125 0.03398692810457516
0 0.24632352941176472 0.5366013071895425 0.007352941176470588 0.03790849673202614
0 0.25588235294117645 0.5392156862745098 0.007352941176470588 0.032679738562091505
0 0.5654411764705882 0.5248366013071896 0.011764705882352941 0.03529411764705882
0 0.49963235294117647 0.4326797385620915 0.008088235294117648 0.026143790849673203
0 0.538235294117647 0.4300653594771242 0.008823529411764706 0.026143790849673203
0 0.5316176470588235 0.33725490196078434 0.007352941176470588 0.02875816993464052
0 0.43676470588235294 0.30980392156862746 0.004411764705882353 0.02091503267973856
0 0.5088235294117647 0.2568627450980392 0.0058823529411764705 0.022222222222222223
0 0.4922794117647059 0.2019607843137255 0.003676470588235294 0.01699346405228758
0 0.31875 0.3130718954248366 0.008088235294117648 0.02483660130718954
0 0.3224264705882353 0.3130718954248366 0.008088235294117648 0.022222222222222223
0 0.3316176470588235 0.2830065359477124 0.004411764705882353 0.027450980392156862
0 0.45441176470588235 0.1627450980392157 0.004411764705882353 0.01437908496732026
0 0.38529411764705884 0.11568627450980393 0.004411764705882353 0.01437908496732026
0 0.38529411764705884 0.1065359477124183 0.004411764705882353 0.01437908496732026