0 0.4459558823529412 0.9568627450980393 0.013970588235294118 0.06797385620915032
0 0.4198529411764706 0.9130718954248366 0.01764705882352941 0.050980392156862744
0 0.8735294117647059 0.8137254901960784 0.020588235294117647 0.05359477124183006
0 0.7301470588235294 0.838562091503268 0.027941176470588237 0.03790849673202614
0 0.9316176470588236 0.5294117647058824 0.011764705882352941 0.044444444444444446
0 0.9356617647058824 0.5124183006535947 0.011029411764705883 0.04183006535947712
0 0.9113970588235294 0.5 0.015441176470588236 0.040522875816993466
0 0.10588235294117647 0.21241830065359477 0.011764705882352941 0.027450980392156862
0 0.06691176470588235 0.10588235294117647 0.011764705882352941 0.036601307189542485
0 0.09669117647058824 0.11437908496732026 0.008088235294117648 0.022222222222222223
0 0.15625 0.11503267973856209 0.009558823529411765 0.01045751633986928
0 0.1588235294117647 0.11045751633986928 0.007352941176470588 0.032679738562091505
0 0.2963235294117647 0.1450980392156863 0.010294117647058823 0.023529411764705882
0 0.27095588235294116 0.18235294117647058 0.008088235294117648 0.03790849673202614
0 0.4202205882352941 0.2 0.005147058823529412 0.023529411764705882
0 0.6205882352941177 0.24509803921568626 0.010294117647058823 0.03790849673202614
0 0.6323529411764706 0.2235294117647059 0.011764705882352941 0.0392156862745098
0 0.6051470588235294 0.2457516339869281 0.011764705882352941 0.036601307189542485
0 0.6033088235294117 0.23921568627450981 0.008088235294117648 0.036601307189542485
0 0.6066176470588235 0.22941176470588234 0.004411764705882353 0.01699346405228758
0 0.5636029411764706 0.11372549019607843 0.006617647058823529 0.036601307189542485
0 0.5139705882352941 0.08758169934640522 0.007352941176470588 0.03137254901960784
0 0.5055147058823529 0.08366013071895424 0.006617647058823529 0.03398692810457516
0 0.41102941176470587 0.01045751633986928 0.007352941176470588 0.02091503267973856
0 0.4125 0.05163398692810457 0.0058823529411764705 0.02483660130718954