0 0.2349264705882353 0.8392156862745098 0.021323529411764706 0.08888888888888889
0 0.28345588235294117 0.6692810457516339 0.011029411764705883 0.06535947712418301
0 0.27242647058823527 0.6627450980392157 0.015441176470588236 0.07320261437908497
0 0.19705882352941176 0.6986928104575163 0.022058823529411766 0.06143790849673202
0 0.7113970588235294 0.6947712418300653 0.013970588235294118 0.040522875816993466
0 0.7139705882352941 0.6803921568627451 0.013235294117647059 0.050980392156862744
0 0.7022058823529411 0.5052287581699346 0.013235294117647059 0.06143790849673202
0 0.5448529411764705 0.3633986928104575 0.008823529411764706 0.047058823529411764
0 0.5838235294117647 0.2875816993464052 0.008823529411764706 0.036601307189542485
0 0.7386029411764706 0.2830065359477124 0.009558823529411765 0.0457516339869281
0 0.4863970588235294 0.3784313725490196 0.0125 0.048366013071895426
0 0.4900735294117647 0.3712418300653595 0.009558823529411765 0.036601307189542485
0 0.4011029411764706 0.2633986928104575 0.008088235294117648 0.043137254901960784
0 0.4011029411764706 0.2529411764705882 0.008088235294117648 0.043137254901960784
0 0.25477941176470587 0.2823529411764706 0.008088235294117648 0.0392156862745098
0 0.05477941176470588 0.3712418300653595 0.0125 0.0392156862745098
0 0.7165441176470588 0.169281045751634 0.005147058823529412 0.02483660130718954
0 0.18088235294117647 0.9607843137254902 0.030882352941176472 0.07320261437908497
0 0.8746323529411765 0.49673202614379086 0.0125 0.06013071895424837