0 0.2647058823529412 0.7686274509803922 0.025 0.07320261437908497
0 0.3360294117647059 0.565359477124183 0.01911764705882353 0.06143790849673202
0 0.02426470588235294 0.5372549019607843 0.014705882352941176 0.05751633986928104
0 0.04852941176470588 0.515032679738562 0.022058823529411766 0.06013071895424837
0 0.2727941176470588 0.4241830065359477 0.013235294117647059 0.05620915032679739
0 0.18125 0.44575163398692813 0.013970588235294118 0.02875816993464052
0 0.18676470588235294 0.44313725490196076 0.011764705882352941 0.03137254901960784
0 0.13198529411764706 0.4745098039215686 0.015441176470588236 0.036601307189542485
0 0.125 0.4542483660130719 0.014705882352941176 0.032679738562091505
0 0.10772058823529412 0.4718954248366013 0.013970588235294118 0.02875816993464052
0 0.09375 0.4738562091503268 0.013970588235294118 0.032679738562091505
0 0.08125 0.4718954248366013 0.013970588235294118 0.03398692810457516
0 0.06397058823529411 0.469281045751634 0.013235294117647059 0.03398692810457516
0 0.05110294117647059 0.46143790849673205 0.013970588235294118 0.0392156862745098
0 0.03786764705882353 0.5026143790849673 0.013970588235294118 0.03790849673202614
0 0.02536764705882353 0.4745098039215686 0.01838235294117647 0.036601307189542485
0 0.05808823529411765 0.37973856209150325 0.014705882352941176 0.027450980392156862
0 0.05588235294117647 0.3934640522875817 0.01764705882352941 0.03398692810457516
0 0.027941176470588237 0.4287581699346405 0.014705882352941176 0.03398692810457516
0 0.47205882352941175 0.5444444444444444 0.01764705882352941 0.06143790849673202
0 0.4985294117647059 0.3738562091503268 0.013235294117647059 0.03137254901960784
0 0.55 0.14313725490196078 0.007352941176470588 0.03529411764705882
0 0.6209558823529412 0.09215686274509804 0.008088235294117648 0.02483660130718954
0 0.4834558823529412 0.22549019607843138 0.009558823529411765 0.02483660130718954
0 0.5176470588235295 0.17777777777777778 0.008823529411764706 0.03398692810457516
0 0.5213235294117647 0.2084967320261438 0.010294117647058823 0.027450980392156862
0 0.9551470588235295 0.984313725490196 0.01911764705882353 0.03137254901960784
0 0.9334558823529412 0.9745098039215686 0.022794117647058822 0.050980392156862744
0 0.9121323529411764 0.9457516339869281 0.02426470588235294 0.06666666666666667
0 0.7636029411764705 0.873202614379085 0.021323529411764706 0.0784313725490196
0 0.8422794117647059 0.8673202614379085 0.02426470588235294 0.06928104575163399
0 0.7213235294117647 0.7627450980392156 0.01764705882352941 0.06666666666666667
0 0.7235294117647059 0.7215686274509804 0.01764705882352941 0.06013071895424837
0 0.7459558823529412 0.6843137254901961 0.0125 0.06666666666666667
0 0.7985294117647059 0.6843137254901961 0.016176470588235296 0.058823529411764705
0 0.8209558823529411 0.7124183006535948 0.015441176470588236 0.06274509803921569
0 0.8095588235294118 0.665359477124183 0.014705882352941176 0.06013071895424837
0 0.7286764705882353 0.6274509803921569 0.016176470588235296 0.06013071895424837
0 0.7533088235294118 0.6150326797385621 0.013970588235294118 0.06666666666666667
0 0.6849264705882353 0.5980392156862745 0.0125 0.06143790849673202
0 0.6977941176470588 0.5738562091503268 0.013235294117647059 0.07320261437908497
0 0.6878676470588235 0.5725490196078431 0.013970588235294118 0.07320261437908497
0 0.8915441176470589 0.7901960784313725 0.021323529411764706 0.09019607843137255
0 0.893014705882353 0.7816993464052288 0.016911764705882352 0.07320261437908497
0 0.9805147058823529 0.8130718954248366 0.021323529411764706 0.0784313725490196
0 0.9908088235294118 0.8026143790849674 0.01838235294117647 0.07320261437908497
0 0.8919117647058824 0.9830065359477124 0.022058823529411766 0.03398692810457516
0 0.8830882352941176 0.9686274509803922 0.022058823529411766 0.06013071895424837
0 0.8639705882352942 0.9418300653594771 0.022058823529411766 0.05359477124183006
0 0.8371323529411765 0.9313725490196079 0.019852941176470587 0.05359477124183006
0 0.7981617647058824 0.8333333333333334 0.030147058823529412 0.032679738562091505
0 0.7661764705882353 0.7555555555555555 0.022058823529411766 0.03398692810457516
0 0.7654411764705882 0.7366013071895425 0.01911764705882353 0.03790849673202614
0 0.7683823529411765 0.7045751633986929 0.022058823529411766 0.036601307189542485
0 0.9805147058823529 0.7529411764705882 0.021323529411764706 0.04183006535947712
0 0.9345588235294118 0.761437908496732 0.01764705882352941 0.050980392156862744
0 0.9198529411764705 0.7542483660130719 0.016176470588235296 0.047058823529411764
0 0.9033088235294118 0.7444444444444445 0.015441176470588236 0.050980392156862744
0 0.8941176470588236 0.7189542483660131 0.01911764705882353 0.047058823529411764
0 0.8875 0.7058823529411765 0.014705882352941176 0.04967320261437908
0 0.8606617647058824 0.6647058823529411 0.019852941176470587 0.0718954248366013
0 0.7819852941176471 0.6607843137254902 0.013970588235294118 0.07450980392156863
0 0.8066176470588236 0.592156862745098 0.016176470588235296 0.06013071895424837
0 0.7805147058823529 0.6549019607843137 0.011029411764705883 0.05228758169934641
0 0.8533088235294117 0.6594771241830065 0.015441176470588236 0.07450980392156863
0 0.8698529411764706 0.6581699346405229 0.016176470588235296 0.07450980392156863
0 0.8430147058823529 0.6581699346405229 0.015441176470588236 0.07712418300653595
0 0.8261029411764705 0.6457516339869281 0.016911764705882352 0.06013071895424837
0 0.8205882352941176 0.6366013071895424 0.016176470588235296 0.07320261437908497
0 0.7139705882352941 0.4797385620915033 0.010294117647058823 0.047058823529411764
0 0.8430147058823529 0.4326797385620915 0.0125 0.06013071895424837
0 0.836764705882353 0.396078431372549 0.011764705882352941 0.047058823529411764
0 0.8625 0.40522875816993464 0.011764705882352941 0.04967320261437908
0 0.8408088235294118 0.06274509803921569 0.006617647058823529 0.023529411764705882
0 0.8099264705882353 0.0673202614379085 0.006617647058823529 0.022222222222222223
0 0.7922794117647058 0.10065359477124183 0.006617647058823529 0.018300653594771243