0 0.5058823529411764 0.21568627450980393 0.007352941176470588 0.023529411764705882
0 0.47095588235294117 0.21372549019607842 0.006617647058823529 0.02483660130718954
0 0.649264705882353 0.134640522875817 0.0058823529411764705 0.02875816993464052
0 0.6275735294117647 0.19150326797385622 0.006617647058823529 0.03529411764705882
0 0.6323529411764706 0.19215686274509805 0.007352941176470588 0.03398692810457516
0 0.7180147058823529 0.14313725490196078 0.006617647058823529 0.030065359477124184
0 0.7128676470588236 0.1392156862745098 0.005147058823529412 0.027450980392156862
0 0.7080882352941177 0.13986928104575164 0.0058823529411764705 0.03137254901960784
0 0.7047794117647059 0.1411764705882353 0.005147058823529412 0.03137254901960784
0 0.7455882352941177 0.15359477124183007 0.0058823529411764705 0.030065359477124184
0 0.7647058823529411 0.14901960784313725 0.0058823529411764705 0.026143790849673203
0 0.7051470588235295 0.2549019607843137 0.007352941176470588 0.0392156862745098
0 0.6900735294117647 0.2568627450980392 0.006617647058823529 0.030065359477124184
0 0.675 0.265359477124183 0.007352941176470588 0.03398692810457516
0 0.6393382352941176 0.2542483660130719 0.008088235294117648 0.032679738562091505
0 0.6551470588235294 0.26209150326797387 0.007352941176470588 0.03790849673202614
0 0.6566176470588235 0.2581699346405229 0.007352941176470588 0.043137254901960784
0 0.6411764705882353 0.2111111111111111 0.0058823529411764705 0.032679738562091505
0 0.7360294117647059 0.16470588235294117 0.007352941176470588 0.02875816993464052
0 0.7080882352941177 0.1830065359477124 0.0058823529411764705 0.03137254901960784
0 0.6988970588235294 0.18235294117647058 0.005147058823529412 0.032679738562091505
0 0.7525735294117647 0.2196078431372549 0.006617647058823529 0.026143790849673203
0 0.9808823529411764 0.4130718954248366 0.013235294117647059 0.03398692810457516
0 0.9283088235294118 0.269281045751634 0.006617647058823529 0.023529411764705882
0 0.5172794117647059 0.42745098039215684 0.009558823529411765 0.0392156862745098
0 0.5066176470588235 0.4562091503267974 0.008823529411764706 0.0392156862745098
0 0.6974264705882353 0.7111111111111111 0.01838235294117647 0.054901960784313725
0 0.2099264705882353 0.3431372549019608 0.006617647058823529 0.02483660130718954
0 0.20294117647058824 0.3431372549019608 0.010294117647058823 0.03529411764705882
0 0.1761029411764706 0.23333333333333334 0.011029411764705883 0.040522875816993466
0 0.18455882352941178 0.21633986928104576 0.008823529411764706 0.040522875816993466
0 0.0058823529411764705 0.3326797385620915 0.011764705882352941 0.0457516339869281
0 0.015441176470588236 0.338562091503268 0.013235294117647059 0.04967320261437908
0 0.2025735294117647 0.9294117647058824 0.019852941176470587 0.08366013071895424
0 0.7727941176470589 0.21633986928104576 0.008823529411764706 0.030065359477124184
0 0.08235294117647059 0.16993464052287582 0.010294117647058823 0.026143790849673203