0 0.4270833333333333 0.6666666666666666 0.0125 0.02962962962962963
0 0.4239583333333333 0.6111111111111112 0.010416666666666666 0.02962962962962963
0 0.4375 0.5925925925925926 0.008333333333333333 0.02962962962962963
0 0.42552083333333335 0.5638888888888889 0.007291666666666667 0.024074074074074074
0 0.43697916666666664 0.5518518518518518 0.009375 0.025925925925925925
0 0.4234375 0.5194444444444445 0.007291666666666667 0.020370370370370372
0 0.43125 0.4777777777777778 0.00625 0.018518518518518517
0 0.48854166666666665 0.4777777777777778 0.00625 0.018518518518518517
0 0.5005208333333333 0.5416666666666666 0.005208333333333333 0.020370370370370372
0 0.5109375 0.5509259259259259 0.005208333333333333 0.016666666666666666
0 0.5151041666666667 0.5462962962962963 0.005208333333333333 0.02962962962962963
0 0.5619791666666667 0.812962962962963 0.015625 0.037037037037037035
0 0.5625 0.8212962962962963 0.020833333333333332 0.03518518518518519
0 0.6182291666666667 0.8518518518518519 0.009375 0.06296296296296296
0 0.6338541666666667 0.8407407407407408 0.009375 0.05555555555555555
0 0.4588541666666667 0.39444444444444443 0.005208333333333333 0.014814814814814815
0 0.4713541666666667 0.3962962962962963 0.003125 0.011111111111111112
0 0.45729166666666665 0.38333333333333336 0.004166666666666667 0.011111111111111112
0 0.459375 0.3731481481481482 0.004166666666666667 0.012962962962962963
0 0.43072916666666666 0.3925925925925926 0.003125 0.011111111111111112
0 0.4265625 0.3861111111111111 0.005208333333333333 0.012962962962962963
0 0.43020833333333336 0.3851851851851852 0.004166666666666667 0.011111111111111112
0 0.4546875 0.3472222222222222 0.005208333333333333 0.009259259259259259