0 0.17977941176470588 0.7568627450980392 0.01838235294117647 0.07320261437908497
0 0.2213235294117647 0.9352941176470588 0.023529411764705882 0.07450980392156863
0 0.22058823529411764 0.9339869281045752 0.023529411764705882 0.07450980392156863
0 0.31286764705882353 0.7339869281045751 0.016911764705882352 0.06405228758169934
0 0.513235294117647 0.5424836601307189 0.014705882352941176 0.047058823529411764
0 0.8176470588235294 0.4300653594771242 0.008823529411764706 0.0392156862745098
0 0.7636029411764705 0.4437908496732026 0.008088235294117648 0.03790849673202614
0 0.7702205882352942 0.4522875816993464 0.008088235294117648 0.03137254901960784
0 0.7779411764705882 0.4562091503267974 0.007352941176470588 0.023529411764705882
0 0.7878676470588235 0.44640522875816996 0.008088235294117648 0.032679738562091505
0 0.7702205882352942 0.4372549019607843 0.006617647058823529 0.030065359477124184
0 0.7933823529411764 0.44248366013071894 0.007352941176470588 0.032679738562091505
0 0.805514705882353 0.4444444444444444 0.009558823529411765 0.0392156862745098
0 0.7985294117647059 0.44313725490196076 0.007352941176470588 0.036601307189542485
0 0.7893382352941176 0.43856209150326797 0.006617647058823529 0.030065359477124184
0 0.7863970588235294 0.41830065359477125 0.006617647058823529 0.02091503267973856
0 0.7724264705882353 0.39738562091503266 0.009558823529411765 0.02875816993464052
0 0.8360294117647059 0.40261437908496733 0.008823529411764706 0.026143790849673203
0 0.08125 0.4366013071895425 0.008088235294117648 0.03398692810457516
0 0.06985294117647059 0.36993464052287583 0.007352941176470588 0.036601307189542485
0 0.23602941176470588 0.48366013071895425 0.007352941176470588 0.036601307189542485
0 0.25919117647058826 0.426797385620915 0.006617647058823529 0.03790849673202614
0 0.2536764705882353 0.42287581699346405 0.007352941176470588 0.040522875816993466
0 0.2676470588235294 0.4189542483660131 0.007352941176470588 0.03529411764705882
0 0.275 0.36797385620915035 0.008823529411764706 0.03529411764705882
0 0.28088235294117647 0.3673202614379085 0.0058823529411764705 0.03137254901960784
0 0.29044117647058826 0.36993464052287583 0.0058823529411764705 0.03137254901960784
0 0.2897058823529412 0.3686274509803922 0.0058823529411764705 0.03137254901960784
0 0.3165441176470588 0.30392156862745096 0.005147058823529412 0.02483660130718954
0 0.17463235294117646 0.33464052287581697 0.005147058823529412 0.023529411764705882
0 0.17830882352941177 0.3359477124183007 0.005147058823529412 0.02091503267973856
0 0.1875 0.32745098039215687 0.004411764705882353 0.022222222222222223
0 0.1827205882352941 0.32745098039215687 0.005147058823529412 0.022222222222222223
0 0.21801470588235294 0.33986928104575165 0.005147058823529412 0.026143790849673203
0 0.2172794117647059 0.33398692810457514 0.005147058823529412 0.02483660130718954
0 0.22389705882352942 0.338562091503268 0.005147058823529412 0.026143790849673203
0 0.2275735294117647 0.3359477124183007 0.005147058823529412 0.026143790849673203
0 0.24301470588235294 0.3359477124183007 0.005147058823529412 0.026143790849673203
0 0.28198529411764706 0.3464052287581699 0.003676470588235294 0.023529411764705882
0 0.2897058823529412 0.3457516339869281 0.0058823529411764705 0.027450980392156862
0 0.2948529411764706 0.3457516339869281 0.0058823529411764705 0.027450980392156862
0 0.28308823529411764 0.3176470588235294 0.0058823529411764705 0.02091503267973856
0 0.2897058823529412 0.31895424836601305 0.0058823529411764705 0.023529411764705882
0 0.2948529411764706 0.3241830065359477 0.004411764705882353 0.013071895424836602
0 0.28161764705882353 0.3287581699346405 0.0058823529411764705 0.011764705882352941
0 0.22169117647058822 0.3006535947712418 0.005147058823529412 0.023529411764705882
0 0.21470588235294116 0.3006535947712418 0.004411764705882353 0.023529411764705882
0 0.21764705882352942 0.30196078431372547 0.004411764705882353 0.023529411764705882
0 0.38125 0.4071895424836601 0.008088235294117648 0.03529411764705882
0 0.3779411764705882 0.4143790849673203 0.007352941176470588 0.026143790849673203
0 0.54375 0.5006535947712418 0.008088235294117648 0.05228758169934641
0 0.55625 0.515032679738562 0.006617647058823529 0.047058823529411764
0 0.5705882352941176 0.49411764705882355 0.007352941176470588 0.05228758169934641
0 0.555514705882353 0.44248366013071894 0.009558823529411765 0.040522875816993466
0 0.5238970588235294 0.4130718954248366 0.006617647058823529 0.04183006535947712
0 0.575 0.44313725490196076 0.0058823529411764705 0.03398692810457516
0 0.5709558823529411 0.43529411764705883 0.005147058823529412 0.03398692810457516
0 0.55 0.5058823529411764 0.007352941176470588 0.023529411764705882
0 0.5257352941176471 0.45098039215686275 0.010294117647058823 0.036601307189542485
0 0.5084558823529411 0.4084967320261438 0.006617647058823529 0.022222222222222223
0 0.5077205882352941 0.40261437908496733 0.006617647058823529 0.023529411764705882
0 0.47941176470588237 0.41568627450980394 0.007352941176470588 0.01568627450980392
0 0.47757352941176473 0.40980392156862744 0.008088235294117648 0.01699346405228758
0 0.44485294117647056 0.3509803921568627 0.007352941176470588 0.022222222222222223
0 0.47941176470588237 0.34248366013071896 0.004411764705882353 0.01045751633986928
0 0.4625 0.24705882352941178 0.004411764705882353 0.01045751633986928