0 0.14669117647058824 0.6620915032679738 0.0125 0.06143790849673202
0 0.19191176470588237 0.5124183006535947 0.008823529411764706 0.036601307189542485
0 0.2540441176470588 0.4196078431372549 0.016911764705882352 0.02875816993464052
0 0.27242647058823527 0.4189542483660131 0.008088235294117648 0.043137254901960784
0 0.2595588235294118 0.34901960784313724 0.0058823529411764705 0.02091503267973856
0 0.2665441176470588 0.330718954248366 0.009558823529411765 0.036601307189542485
0 0.41544117647058826 0.2797385620915033 0.008823529411764706 0.02091503267973856
0 0.4636029411764706 0.1830065359477124 0.005147058823529412 0.018300653594771243
0 0.5158088235294118 0.05163398692810457 0.0022058823529411764 0.011764705882352941
0 0.5125 0.054901960784313725 0.0029411764705882353 0.01045751633986928
0 0.5481617647058824 0.10392156862745099 0.003676470588235294 0.01437908496732026
0 0.6080882352941176 0.0934640522875817 0.0029411764705882353 0.01699346405228758
0 0.6102941176470589 0.09215686274509804 0.0029411764705882353 0.01699346405228758
0 0.6128676470588236 0.09281045751633987 0.003676470588235294 0.018300653594771243
0 0.5474264705882353 0.15751633986928104 0.003676470588235294 0.022222222222222223
0 0.5375 0.15751633986928104 0.004411764705882353 0.022222222222222223
0 0.5647058823529412 0.17973856209150327 0.016176470588235296 0.02483660130718954
0 0.5323529411764706 0.1895424836601307 0.004411764705882353 0.01568627450980392
0 0.5323529411764706 0.1843137254901961 0.004411764705882353 0.018300653594771243
0 0.5253676470588236 0.2019607843137255 0.005147058823529412 0.01699346405228758
0 0.5650735294117647 0.29477124183006537 0.006617647058823529 0.030065359477124184
0 0.5430147058823529 0.7529411764705882 0.016911764705882352 0.044444444444444446