0 0.6057291666666667 0.6203703703703703 0.009375 0.05185185185185185
0 0.521875 0.4666666666666667 0.010416666666666666 0.040740740740740744
0 0.4796875 0.27314814814814814 0.007291666666666667 0.027777777777777776
0 0.4109375 0.18796296296296297 0.007291666666666667 0.027777777777777776
0 0.2375 0.95 0.022916666666666665 0.06296296296296296
0 0.2109375 0.4666666666666667 0.015625 0.040740740740740744
0 0.005729166666666666 0.6925925925925925 0.011458333333333333 0.05185185185185185
0 0.009895833333333333 0.6611111111111111 0.019791666666666666 0.05555555555555555
0 0.009375 0.49444444444444446 0.01875 0.03333333333333333
0 0.009895833333333333 0.4703703703703704 0.015625 0.025925925925925925
0 0.05 0.3962962962962963 0.00625 0.025925925925925925
0 0.019791666666666666 0.4546296296296296 0.016666666666666666 0.027777777777777776
0 0.021354166666666667 0.44351851851851853 0.017708333333333333 0.027777777777777776
0 0.025520833333333333 0.4324074074074074 0.017708333333333333 0.03148148148148148
0 0.0328125 0.41388888888888886 0.009375 0.024074074074074074
0 0.034375 0.40555555555555556 0.0125 0.022222222222222223
0 0.11666666666666667 0.17962962962962964 0.00625 0.025925925925925925
0 0.12604166666666666 0.18055555555555555 0.008333333333333333 0.024074074074074074
0 0.1984375 0.2361111111111111 0.009375 0.027777777777777776
0 0.12447916666666667 0.10462962962962963 0.005208333333333333 0.024074074074074074
0 0.13020833333333334 0.10555555555555556 0.00625 0.022222222222222223
0 0.13333333333333333 0.06944444444444445 0.004166666666666667 0.016666666666666666
0 0.11770833333333333 0.1388888888888889 0.008333333333333333 0.022222222222222223
0 0.22447916666666667 0.23981481481481481 0.007291666666666667 0.024074074074074074
0 0.22135416666666666 0.1537037037037037 0.005208333333333333 0.018518518518518517
0 0.315625 0.15092592592592594 0.008333333333333333 0.016666666666666666
0 0.3177083333333333 0.05185185185185185 0.004166666666666667 0.014814814814814815
0 0.2869791666666667 0.028703703703703703 0.003125 0.020370370370370372
0 0.2755208333333333 0.11018518518518519 0.005208333333333333 0.016666666666666666
0 0.30052083333333335 0.09259259259259259 0.003125 0.014814814814814815