0 0.540625 0.8287037037037037 0.01875 0.06481481481481481
0 0.3046875 0.9546296296296296 0.013541666666666667 0.06851851851851852
0 0.3958333333333333 0.5425925925925926 0.00625 0.02962962962962963
0 0.4046875 0.5425925925925926 0.009375 0.03333333333333333
0 0.42083333333333334 0.5212962962962963 0.008333333333333333 0.03518518518518519
0 0.5239583333333333 0.32592592592592595 0.004166666666666667 0.018518518518518517
0 0.4791666666666667 0.3962962962962963 0.008333333333333333 0.018518518518518517
0 0.478125 0.3962962962962963 0.00625 0.014814814814814815
0 0.4588541666666667 0.42685185185185187 0.009375 0.027777777777777776
0 0.45260416666666664 0.4083333333333333 0.007291666666666667 0.024074074074074074
0 0.43697916666666664 0.362962962962963 0.005208333333333333 0.018518518518518517
0 0.5119791666666667 0.4564814814814815 0.007291666666666667 0.03148148148148148
0 0.5177083333333333 0.45092592592592595 0.00625 0.027777777777777776
0 0.5333333333333333 0.5268518518518519 0.014583333333333334 0.027777777777777776
0 0.5359375 0.524074074074074 0.009375 0.02962962962962963