0 0.5136029411764705 0.03398692810457516 0.005147058823529412 0.01568627450980392
0 0.5113970588235294 0.11568627450980393 0.005147058823529412 0.022222222222222223
0 0.48308823529411765 0.0915032679738562 0.0058823529411764705 0.02091503267973856
0 0.5566176470588236 0.17254901960784313 0.007352941176470588 0.026143790849673203
0 0.5099264705882353 0.3235294117647059 0.009558823529411765 0.030065359477124184
0 0.5911764705882353 0.19084967320261437 0.004411764705882353 0.03398692810457516
0 0.5768382352941176 0.1830065359477124 0.006617647058823529 0.03398692810457516
0 0.5761029411764705 0.14967320261437908 0.006617647058823529 0.022222222222222223
0 0.5827205882352942 0.14705882352941177 0.006617647058823529 0.030065359477124184
0 0.58125 0.09281045751633987 0.005147058823529412 0.02875816993464052
0 0.575735294117647 0.08888888888888889 0.004411764705882353 0.02875816993464052
0 0.46654411764705883 0.25163398692810457 0.008088235294117648 0.03529411764705882
0 0.45992647058823527 0.2529411764705882 0.006617647058823529 0.03790849673202614
0 0.41213235294117645 0.44509803921568625 0.011029411764705883 0.043137254901960784
0 0.3985294117647059 0.4398692810457516 0.010294117647058823 0.043137254901960784
0 0.3775735294117647 0.4627450980392157 0.0125 0.05228758169934641
0 0.5073529411764706 0.00849673202614379 0.0029411764705882353 0.01699346405228758
0 0.6308823529411764 0.09281045751633987 0.004411764705882353 0.02875816993464052
0 0.756985294117647 0.4620915032679739 0.008088235294117648 0.040522875816993466
0 0.7580882352941176 0.4888888888888889 0.010294117647058823 0.03398692810457516
0 0.7441176470588236 0.4803921568627451 0.011764705882352941 0.030065359477124184
0 0.7470588235294118 0.4993464052287582 0.014705882352941176 0.026143790849673203
0 0.7323529411764705 0.4934640522875817 0.010294117647058823 0.032679738562091505
0 0.3683823529411765 0.15490196078431373 0.007352941176470588 0.030065359477124184
0 0.3477941176470588 0.1503267973856209 0.0058823529411764705 0.03137254901960784