0 0.029166666666666667 0.8055555555555556 0.011458333333333333 0.05
0 0.021875 0.7555555555555555 0.0125 0.04814814814814815
0 0.76875 0.9652777777777778 0.015625 0.06574074074074074
0 0.7744791666666667 0.9435185185185185 0.0125 0.06296296296296296
0 0.8356770833333333 0.875 0.0140625 0.04814814814814815
0 0.8669270833333333 0.8518518518518519 0.0140625 0.06481481481481481
0 0.8791666666666667 0.8462962962962963 0.011458333333333333 0.06481481481481481
0 0.6744791666666666 0.7351851851851852 0.014583333333333334 0.046296296296296294
0 0.13333333333333333 0.5087962962962963 0.009375 0.026851851851851852
0 0.10416666666666667 0.5115740740740741 0.009375 0.021296296296296296
0 0.15130208333333334 0.44537037037037036 0.0078125 0.02962962962962963
0 0.17317708333333334 0.43657407407407406 0.005729166666666666 0.025
0 0.19244791666666666 0.43472222222222223 0.0067708333333333336 0.021296296296296296
0 0.21380208333333334 0.3685185185185185 0.005729166666666666 0.016666666666666666
0 0.21432291666666667 0.3587962962962963 0.0046875 0.019444444444444445
0 0.19348958333333333 0.29907407407407405 0.0036458333333333334 0.016666666666666666
0 0.18802083333333333 0.2972222222222222 0.004166666666666667 0.011111111111111112
0 0.21640625 0.2833333333333333 0.0036458333333333334 0.011111111111111112
0 0.28177083333333336 0.3226851851851852 0.005208333333333333 0.017592592592592594
0 0.27317708333333335 0.3148148148148148 0.0036458333333333334 0.018518518518518517
0 0.2989583333333333 0.31851851851851853 0.004166666666666667 0.016666666666666666
0 0.31145833333333334 0.32083333333333336 0.004166666666666667 0.01574074074074074
0 0.3140625 0.32037037037037036 0.003125 0.012962962962962963
0 0.33098958333333334 0.2912037037037037 0.0036458333333333334 0.012037037037037037
0 0.3546875 0.3175925925925926 0.005208333333333333 0.014814814814814815
0 0.42083333333333334 0.3106481481481482 0.004166666666666667 0.01574074074074074
0 0.42421875 0.30972222222222223 0.0046875 0.01574074074074074
0 0.44036458333333334 0.32546296296296295 0.005729166666666666 0.01574074074074074
0 0.26197916666666665 0.287962962962963 0.004166666666666667 0.012962962962962963