0 0.22552083333333334 0.7527777777777778 0.011458333333333333 0.027777777777777776
0 0.2916666666666667 0.6611111111111111 0.0125 0.025925925925925925
0 0.29635416666666664 0.6583333333333333 0.011458333333333333 0.027777777777777776
0 0.271875 0.7768518518518519 0.0125 0.03148148148148148
0 0.43072916666666666 0.5481481481481482 0.007291666666666667 0.022222222222222223
0 0.43385416666666665 0.5444444444444444 0.007291666666666667 0.022222222222222223
0 0.7557291666666667 0.38796296296296295 0.005208333333333333 0.016666666666666666
0 0.7864583333333334 0.37037037037037035 0.00625 0.018518518518518517
0 0.8104166666666667 0.26481481481481484 0.004166666666666667 0.011111111111111112
0 0.121875 0.925 0.014583333333333334 0.05
0 0.14947916666666666 0.8055555555555556 0.011458333333333333 0.040740740740740744
0 0.590625 0.33240740740740743 0.00625 0.016666666666666666
0 0.6515625 0.3212962962962963 0.005208333333333333 0.016666666666666666
0 0.5947916666666667 0.24166666666666667 0.004166666666666667 0.016666666666666666
0 0.3223958333333333 0.3111111111111111 0.003125 0.022222222222222223
0 0.32395833333333335 0.3138888888888889 0.004166666666666667 0.020370370370370372
0 0.3098958333333333 0.31574074074074077 0.005208333333333333 0.024074074074074074
0 0.3078125 0.3138888888888889 0.005208333333333333 0.024074074074074074
0 0.9411458333333333 0.28888888888888886 0.005208333333333333 0.014814814814814815
0 0.9869791666666666 0.21203703703703702 0.017708333333333333 0.012962962962962963