0 0.13333333333333333 0.899074074074074 0.014583333333333334 0.06111111111111111
0 0.140625 0.9055555555555556 0.010416666666666666 0.04814814814814815
0 0.07135416666666666 0.9138888888888889 0.017708333333333333 0.07222222222222222
0 0.025 0.9212962962962963 0.016666666666666666 0.07962962962962963
0 0.04479166666666667 0.8777777777777778 0.0125 0.044444444444444446
0 0.033854166666666664 0.8814814814814815 0.009375 0.05185185185185185
0 0.005208333333333333 0.8527777777777777 0.010416666666666666 0.06111111111111111
0 0.12552083333333333 0.6509259259259259 0.009375 0.05
0 0.09947916666666666 0.6509259259259259 0.007291666666666667 0.027777777777777776
0 0.25104166666666666 0.762962962962963 0.010416666666666666 0.04814814814814815
0 0.2484375 0.7379629629629629 0.009375 0.03518518518518519
0 0.42864583333333334 0.6129629629629629 0.009375 0.03333333333333333
0 0.4083333333333333 0.8175925925925925 0.01875 0.05740740740740741
0 0.3984375 0.9027777777777778 0.015625 0.06111111111111111
0 0.7036458333333333 0.937037037037037 0.017708333333333333 0.05185185185185185
0 0.8244791666666667 0.9657407407407408 0.013541666666666667 0.05740740740740741
0 0.8567708333333334 0.7342592592592593 0.009375 0.046296296296296294