0 0.6577205882352941 0.1738562091503268 0.006617647058823529 0.018300653594771243
0 0.649264705882353 0.11960784313725491 0.0058823529411764705 0.027450980392156862
0 0.6231617647058824 0.06993464052287582 0.006617647058823529 0.0196078431372549
0 0.5966911764705882 0.03137254901960784 0.005147058823529412 0.023529411764705882
0 0.4797794117647059 0.02875816993464052 0.005147058823529412 0.018300653594771243
0 0.48125 0.14052287581699346 0.005147058823529412 0.032679738562091505
0 0.4724264705882353 0.14183006535947712 0.005147058823529412 0.030065359477124184
0 0.4661764705882353 0.14248366013071895 0.004411764705882353 0.026143790849673203
0 0.45845588235294116 0.14640522875816994 0.005147058823529412 0.026143790849673203
0 0.45330882352941176 0.14313725490196078 0.005147058823529412 0.030065359477124184
0 0.4113970588235294 0.4084967320261438 0.009558823529411765 0.030065359477124184
0 0.5022058823529412 0.19019607843137254 0.008823529411764706 0.032679738562091505
0 0.49963235294117647 0.18758169934640523 0.008088235294117648 0.032679738562091505
0 0.48713235294117646 0.19215686274509805 0.009558823529411765 0.02875816993464052
0 0.48713235294117646 0.18627450980392157 0.008088235294117648 0.032679738562091505
0 0.46654411764705883 0.20065359477124184 0.008088235294117648 0.03529411764705882
0 0.46948529411764706 0.19411764705882353 0.006617647058823529 0.03529411764705882
0 0.08713235294117647 0.37450980392156863 0.011029411764705883 0.043137254901960784
0 0.10183823529411765 0.36666666666666664 0.011029411764705883 0.0457516339869281
0 0.1386029411764706 0.27647058823529413 0.008088235294117648 0.022222222222222223
0 0.11066176470588235 0.22745098039215686 0.008088235294117648 0.036601307189542485
0 0.042279411764705885 0.23333333333333334 0.009558823529411765 0.03790849673202614
0 0.06102941176470588 0.16666666666666666 0.010294117647058823 0.03790849673202614
0 0.05772058823529412 0.21045751633986928 0.015441176470588236 0.036601307189542485
0 0.10294117647058823 0.10261437908496732 0.004411764705882353 0.02483660130718954
0 0.10661764705882353 0.10392156862745099 0.004411764705882353 0.022222222222222223
0 0.14595588235294119 0.1261437908496732 0.006617647058823529 0.030065359477124184
0 0.1297794117647059 0.015032679738562092 0.006617647058823529 0.022222222222222223
0 0.22573529411764706 0.13856209150326798 0.007352941176470588 0.03137254901960784
0 0.22904411764705881 0.14444444444444443 0.005147058823529412 0.02483660130718954
0 0.16323529411764706 0.013725490196078431 0.004411764705882353 0.027450980392156862
0 0.2672794117647059 0.05751633986928104 0.005147058823529412 0.03137254901960784
0 0.2727941176470588 0.05555555555555555 0.004411764705882353 0.030065359477124184
0 0.33639705882352944 0.06405228758169934 0.005147058823529412 0.03137254901960784
0 0.6308823529411764 0.12810457516339868 0.008823529411764706 0.02091503267973856
0 0.8183823529411764 0.9712418300653595 0.07205882352941176 0.05751633986928104