0 0.3238970588235294 0.7418300653594772 0.019852941176470587 0.08235294117647059
0 0.29448529411764707 0.7620915032679738 0.022794117647058822 0.08888888888888889
0 0.3014705882352941 0.7281045751633987 0.016176470588235296 0.08104575163398693
0 0.3996323529411765 0.4320261437908497 0.016911764705882352 0.0718954248366013
0 0.3900735294117647 0.40326797385620916 0.013970588235294118 0.06143790849673202
0 0.4900735294117647 0.8660130718954249 0.025735294117647058 0.07712418300653595
0 0.45036764705882354 0.4320261437908497 0.0125 0.0718954248366013
0 0.5886029411764706 0.9287581699346406 0.019852941176470587 0.06143790849673202
0 0.6235294117647059 0.8816993464052287 0.023529411764705882 0.07973856209150326
0 0.5944852941176471 0.8555555555555555 0.019852941176470587 0.08496732026143791
0 0.6029411764705882 0.8973856209150327 0.011764705882352941 0.050980392156862744
0 0.7966911764705882 0.33986928104575165 0.013970588235294118 0.047058823529411764
0 0.7952205882352941 0.33725490196078434 0.009558823529411765 0.044444444444444446
0 0.7507352941176471 0.3915032679738562 0.011764705882352941 0.048366013071895426
0 0.6573529411764706 0.3366013071895425 0.011764705882352941 0.048366013071895426
0 0.6132352941176471 0.16732026143790849 0.008823529411764706 0.03137254901960784
0 0.6216911764705882 0.17058823529411765 0.008088235294117648 0.032679738562091505
0 0.6268382352941176 0.15555555555555556 0.008088235294117648 0.023529411764705882
0 0.6172794117647059 0.1542483660130719 0.008088235294117648 0.023529411764705882
0 0.5981617647058823 0.13790849673202615 0.011029411764705883 0.0457516339869281
0 0.6558823529411765 0.16601307189542483 0.010294117647058823 0.047058823529411764
0 0.9139705882352941 0.12745098039215685 0.010294117647058823 0.03529411764705882
0 0.76875 0.12287581699346405 0.009558823529411765 0.02875816993464052
0 0.7977941176470589 0.038562091503267976 0.007352941176470588 0.02483660130718954