0 0.13566176470588234 0.965359477124183 0.008088235294117648 0.01699346405228758
0 0.1889705882352941 0.39673202614379083 0.008823529411764706 0.01699346405228758
0 0.19558823529411765 0.3941176470588235 0.0058823529411764705 0.011764705882352941
0 0.2731617647058823 0.31241830065359477 0.009558823529411765 0.01568627450980392
0 0.25073529411764706 0.2084967320261438 0.0058823529411764705 0.011764705882352941
0 0.23897058823529413 0.21176470588235294 0.008823529411764706 0.01568627450980392
0 0.23308823529411765 0.22091503267973855 0.010294117647058823 0.013071895424836602
0 0.2349264705882353 0.21633986928104576 0.011029411764705883 0.01699346405228758
0 0.21985294117647058 0.19673202614379084 0.0058823529411764705 0.01437908496732026
0 0.31948529411764703 0.06993464052287582 0.006617647058823529 0.0196078431372549
0 0.3069852941176471 0.06862745098039216 0.006617647058823529 0.0196078431372549
0 0.3125 0.07450980392156863 0.007352941176470588 0.013071895424836602
0 0.37720588235294117 0.10718954248366012 0.007352941176470588 0.018300653594771243
0 0.38933823529411765 0.10261437908496732 0.008088235294117648 0.01699346405228758
0 0.5768382352941176 0.12679738562091503 0.006617647058823529 0.018300653594771243
0 0.5948529411764706 0.09019607843137255 0.007352941176470588 0.018300653594771243
0 0.7643382352941176 0.5352941176470588 0.009558823529411765 0.01699346405228758
0 0.7775735294117647 0.7241830065359477 0.011029411764705883 0.01568627450980392
0 0.9165441176470588 0.8202614379084967 0.013970588235294118 0.011764705882352941
0 0.7474264705882353 0.3908496732026144 0.011029411764705883 0.01568627450980392
0 0.7834558823529412 0.3888888888888889 0.011029411764705883 0.01437908496732026
0 0.8647058823529412 0.46601307189542485 0.0058823529411764705 0.011764705882352941
0 0.8672794117647059 0.4666666666666667 0.008088235294117648 0.01568627450980392
0 0.9591911764705883 0.31699346405228757 0.011029411764705883 0.01437908496732026