0 0.3651041666666667 0.16527777777777777 0.003125 0.012037037037037037
0 0.35182291666666665 0.1685185185185185 0.0026041666666666665 0.011111111111111112
0 0.3580729166666667 0.16898148148148148 0.0036458333333333334 0.012037037037037037
0 0.3614583333333333 0.1736111111111111 0.003125 0.012037037037037037
0 0.3658854166666667 0.18101851851851852 0.0026041666666666665 0.012037037037037037
0 0.40520833333333334 0.225 0.004166666666666667 0.020370370370370372
0 0.3026041666666667 0.19027777777777777 0.005208333333333333 0.017592592592592594
0 0.49557291666666664 0.2962962962962963 0.0046875 0.022222222222222223
0 0.4666666666666667 0.2689814814814815 0.003125 0.017592592592592594
0 0.56328125 0.3592592592592593 0.0046875 0.020370370370370372
0 0.5580729166666667 0.37037037037037035 0.0046875 0.024074074074074074
0 0.37786458333333334 0.1865740740740741 0.0026041666666666665 0.013888888888888888
0 0.3888020833333333 0.19490740740740742 0.0026041666666666665 0.01574074074074074
0 0.3854166666666667 0.19722222222222222 0.003125 0.016666666666666666
0 0.38359375 0.17916666666666667 0.0036458333333333334 0.017592592592592594
0 0.375 0.1685185185185185 0.004166666666666667 0.014814814814814815
0 0.41432291666666665 0.1425925925925926 0.0026041666666666665 0.012962962962962963
0 0.42578125 0.14444444444444443 0.0026041666666666665 0.012962962962962963
0 0.4322916666666667 0.14722222222222223 0.003125 0.012962962962962963
0 0.42083333333333334 0.15 0.0020833333333333333 0.014814814814814815
0 0.5752604166666667 0.3888888888888889 0.005729166666666666 0.025925925925925925
0 0.5731770833333333 0.38842592592592595 0.0036458333333333334 0.025
0 0.5859375 0.4152777777777778 0.00625 0.026851851851851852
0 0.92265625 0.7319444444444444 0.0140625 0.049074074074074076
0 0.8453125 0.6773148148148148 0.015625 0.041666666666666664
0 0.86484375 0.6620370370370371 0.018229166666666668 0.040740740740740744
0 0.78828125 0.6027777777777777 0.011979166666666667 0.046296296296296294
0 0.7408854166666666 0.5717592592592593 0.011979166666666667 0.03425925925925926
0 0.7197916666666667 0.5342592592592592 0.013541666666666667 0.03333333333333333
0 0.7010416666666667 0.5333333333333333 0.008333333333333333 0.022222222222222223
0 0.6890625 0.49953703703703706 0.008333333333333333 0.032407407407407406