0 0.9621323529411765 0.21176470588235294 0.009558823529411765 0.026143790849673203
0 0.7599264705882353 0.1411764705882353 0.009558823529411765 0.02875816993464052
0 0.8150735294117647 0.20915032679738563 0.009558823529411765 0.02875816993464052
0 0.8198529411764706 0.19150326797385622 0.008823529411764706 0.022222222222222223
0 0.7154411764705882 0.2607843137254902 0.010294117647058823 0.02483660130718954
0 0.7213235294117647 0.2627450980392157 0.008823529411764706 0.023529411764705882
0 0.6507352941176471 0.01699346405228758 0.007352941176470588 0.02875816993464052
0 0.5801470588235295 0.052941176470588235 0.007352941176470588 0.030065359477124184
0 0.5827205882352942 0.10784313725490197 0.005147058823529412 0.030065359477124184
0 0.6150735294117647 0.12091503267973856 0.005147058823529412 0.022222222222222223
0 0.6511029411764706 0.20065359477124184 0.008088235294117648 0.02483660130718954
0 0.6183823529411765 0.1738562091503268 0.008823529411764706 0.026143790849673203
0 0.6349264705882353 0.1843137254901961 0.006617647058823529 0.02875816993464052
0 0.6235294117647059 0.2019607843137255 0.007352941176470588 0.027450980392156862
0 0.5904411764705882 0.20326797385620915 0.0058823529411764705 0.027450980392156862
0 0.59375 0.19281045751633988 0.006617647058823529 0.027450980392156862
0 0.6036764705882353 0.20261437908496732 0.0058823529411764705 0.02875816993464052
0 0.6051470588235294 0.19281045751633988 0.007352941176470588 0.030065359477124184
0 0.575735294117647 0.22941176470588234 0.0058823529411764705 0.027450980392156862
0 0.5705882352941176 0.22287581699346407 0.007352941176470588 0.030065359477124184
0 0.4904411764705882 0.2503267973856209 0.008823529411764706 0.030065359477124184
0 0.4904411764705882 0.24313725490196078 0.010294117647058823 0.02875816993464052
0 0.34301470588235294 0.396078431372549 0.009558823529411765 0.026143790849673203
0 0.33933823529411766 0.40065359477124185 0.009558823529411765 0.022222222222222223
0 0.34375 0.30980392156862746 0.005147058823529412 0.026143790849673203
0 0.3518382352941177 0.3045751633986928 0.008088235294117648 0.026143790849673203
0 0.4202205882352941 0.047058823529411764 0.006617647058823529 0.023529411764705882
0 0.3356617647058823 0.07581699346405228 0.008088235294117648 0.03137254901960784
0 0.3290441176470588 0.06928104575163399 0.005147058823529412 0.03137254901960784
0 0.3341911764705882 0.01241830065359477 0.005147058823529412 0.02483660130718954
0 0.34595588235294117 0.011111111111111112 0.009558823529411765 0.022222222222222223
0 0.31470588235294117 0.06862745098039216 0.007352941176470588 0.027450980392156862
0 0.3176470588235294 0.06862745098039216 0.004411764705882353 0.022222222222222223
0 0.07977941176470588 0.4516339869281046 0.015441176470588236 0.03529411764705882
0 0.07830882352941176 0.4398692810457516 0.016911764705882352 0.030065359477124184
0 0.1297794117647059 0.32679738562091504 0.011029411764705883 0.03137254901960784
0 0.13676470588235295 0.3281045751633987 0.008823529411764706 0.026143790849673203
0 0.26433823529411765 0.027450980392156862 0.008088235294117648 0.02091503267973856
0 0.25073529411764706 0.052941176470588235 0.0058823529411764705 0.032679738562091505
0 0.009558823529411765 0.14052287581699346 0.013235294117647059 0.030065359477124184
0 0.00625 0.1130718954248366 0.008088235294117648 0.032679738562091505
0 0.07536764705882353 0.12810457516339868 0.011029411764705883 0.03137254901960784
0 0.07389705882352941 0.14444444444444443 0.009558823529411765 0.027450980392156862
0 0.2301470588235294 0.08300653594771241 0.0058823529411764705 0.0196078431372549
0 0.23602941176470588 0.01241830065359477 0.004411764705882353 0.02483660130718954
0 0.22647058823529412 0.013071895424836602 0.0058823529411764705 0.02091503267973856
0 0.24926470588235294 0.10980392156862745 0.004411764705882353 0.02875816993464052
0 0.1036764705882353 0.23202614379084968 0.008823529411764706 0.03529411764705882