0 0.00625 0.4212962962962963 0.00625 0.024074074074074074
0 0.0609375 0.41203703703703703 0.005208333333333333 0.016666666666666666
0 0.06770833333333333 0.40925925925925927 0.004166666666666667 0.011111111111111112
0 0.07760416666666667 0.4064814814814815 0.007291666666666667 0.016666666666666666
0 0.10572916666666667 0.41759259259259257 0.007291666666666667 0.024074074074074074
0 0.12135416666666667 0.42962962962962964 0.005208333333333333 0.011111111111111112
0 0.12708333333333333 0.4777777777777778 0.008333333333333333 0.022222222222222223
0 0.005208333333333333 0.44537037037037036 0.00625 0.016666666666666666
0 0.050520833333333334 0.41388888888888886 0.005208333333333333 0.016666666666666666
0 0.052083333333333336 0.41203703703703703 0.004166666666666667 0.024074074074074074
0 0.2109375 0.3907407407407407 0.003125 0.014814814814814815
0 0.5234375 0.8740740740740741 0.011458333333333333 0.03333333333333333
0 0.5244791666666667 0.8629629629629629 0.015625 0.040740740740740744
0 0.5520833333333334 0.7138888888888889 0.00625 0.024074074074074074
0 0.5578125 0.7157407407407408 0.009375 0.020370370370370372
0 0.5536458333333333 0.7018518518518518 0.013541666666666667 0.025925925925925925
0 0.5890625 0.4546296296296296 0.005208333333333333 0.020370370370370372
0 0.59375 0.45740740740740743 0.00625 0.018518518518518517
0 0.5328125 0.3648148148148148 0.003125 0.011111111111111112
0 0.56875 0.32592592592592595 0.004166666666666667 0.011111111111111112
0 0.5729166666666666 0.35648148148148145 0.004166666666666667 0.012962962962962963
0 0.5802083333333333 0.362962962962963 0.004166666666666667 0.011111111111111112
0 0.5651041666666666 0.38055555555555554 0.003125 0.009259259259259259
0 0.5416666666666666 0.4064814814814815 0.004166666666666667 0.016666666666666666
0 0.5484375 0.4083333333333333 0.005208333333333333 0.012962962962962963
0 0.5479166666666667 0.4324074074074074 0.004166666666666667 0.020370370370370372
0 0.5447916666666667 0.43333333333333335 0.004166666666666667 0.022222222222222223
0 0.540625 0.42962962962962964 0.00625 0.014814814814814815
0 0.5416666666666666 0.44074074074074077 0.004166666666666667 0.018518518518518517
0 0.5390625 0.45 0.005208333333333333 0.011111111111111112
0 0.5223958333333333 0.43333333333333335 0.005208333333333333 0.022222222222222223
0 0.5744791666666667 0.39814814814814814 0.003125 0.014814814814814815
0 0.575 0.39444444444444443 0.004166666666666667 0.018518518518518517
0 0.5817708333333333 0.40370370370370373 0.005208333333333333 0.018518518518518517
0 0.5796875 0.4027777777777778 0.005208333333333333 0.016666666666666666
0 0.5796875 0.3962962962962963 0.005208333333333333 0.018518518518518517