0 0.9145833333333333 0.9055555555555556 0.014583333333333334 0.040740740740740744
0 0.6536458333333334 0.7777777777777778 0.009375 0.044444444444444446
0 0.3958333333333333 0.9361111111111111 0.014583333333333334 0.05
0 0.4822916666666667 0.7444444444444445 0.008333333333333333 0.037037037037037035
0 0.4828125 0.7361111111111112 0.009375 0.03148148148148148
0 0.053125 0.6694444444444444 0.010416666666666666 0.03148148148148148
0 0.044270833333333336 0.6555555555555556 0.011458333333333333 0.03333333333333333
0 0.008854166666666666 0.6287037037037037 0.009375 0.03148148148148148
0 0.6385416666666667 0.6537037037037037 0.008333333333333333 0.03333333333333333
0 0.5270833333333333 0.5768518518518518 0.004166666666666667 0.020370370370370372
0 0.6677083333333333 0.612037037037037 0.00625 0.027777777777777776
0 0.7348958333333333 0.6 0.007291666666666667 0.03333333333333333
0 0.73125 0.5879629629629629 0.00625 0.03148148148148148
0 0.7432291666666667 0.5796296296296296 0.005208333333333333 0.02962962962962963
0 0.7369791666666666 0.5768518518518518 0.005208333333333333 0.027777777777777776
0 0.7578125 0.5833333333333334 0.007291666666666667 0.025925925925925925
0 0.7432291666666667 0.5555555555555556 0.005208333333333333 0.02962962962962963
0 0.7494791666666667 0.5407407407407407 0.007291666666666667 0.011111111111111112
0 0.46041666666666664 0.5833333333333334 0.010416666666666666 0.022222222222222223
0 0.6229166666666667 0.5092592592592593 0.004166666666666667 0.018518518518518517
0 0.7161458333333334 0.4638888888888889 0.005208333333333333 0.020370370370370372
0 0.7197916666666667 0.4648148148148148 0.004166666666666667 0.018518518518518517
0 0.5692708333333333 0.42685185185185187 0.003125 0.012962962962962963
0 0.6197916666666666 0.3814814814814815 0.0020833333333333333 0.007407407407407408
0 0.5921875 0.35648148148148145 0.003125 0.009259259259259259