0 0.6823529411764706 0.7947712418300653 0.013235294117647059 0.07320261437908497
0 0.711764705882353 0.7006535947712418 0.008823529411764706 0.036601307189542485
0 0.7147058823529412 0.7013071895424836 0.013235294117647059 0.06405228758169934
0 0.7716911764705883 0.39869281045751637 0.006617647058823529 0.02875816993464052
0 0.4202205882352941 0.25555555555555554 0.006617647058823529 0.032679738562091505
0 0.43970588235294117 0.19607843137254902 0.0058823529411764705 0.03137254901960784
0 0.43014705882352944 0.19477124183006536 0.0058823529411764705 0.02875816993464052
0 0.5654411764705882 0.4496732026143791 0.008823529411764706 0.026143790849673203
0 0.5654411764705882 0.43856209150326797 0.011764705882352941 0.030065359477124184
0 0.5683823529411764 0.35751633986928105 0.011764705882352941 0.03529411764705882
0 0.4511029411764706 0.24052287581699347 0.008088235294117648 0.02875816993464052
0 0.4415441176470588 0.10915032679738562 0.003676470588235294 0.02483660130718954
0 0.4459558823529412 0.11176470588235295 0.003676470588235294 0.02483660130718954
0 0.44632352941176473 0.09869281045751634 0.004411764705882353 0.022222222222222223
0 0.45073529411764707 0.17908496732026144 0.0058823529411764705 0.02875816993464052
0 0.5522058823529412 0.14248366013071895 0.004411764705882353 0.02875816993464052
0 0.5591911764705882 0.14444444444444443 0.003676470588235294 0.02483660130718954
0 0.555514705882353 0.1477124183006536 0.0022058823529411764 0.018300653594771243
0 0.5569852941176471 0.14444444444444443 0.003676470588235294 0.02483660130718954
0 0.45036764705882354 0.04379084967320261 0.006617647058823529 0.01699346405228758
0 0.5463235294117647 0.07450980392156863 0.004411764705882353 0.02091503267973856
0 0.5154411764705882 0.048366013071895426 0.004411764705882353 0.01568627450980392
0 0.48419117647058824 0.06601307189542484 0.003676470588235294 0.0196078431372549
0 0.45330882352941176 0.06535947712418301 0.003676470588235294 0.023529411764705882
0 0.2676470588235294 0.01568627450980392 0.004411764705882353 0.02091503267973856
0 0.25735294117647056 0.01437908496732026 0.004411764705882353 0.018300653594771243
0 0.14191176470588235 0.01699346405228758 0.0058823529411764705 0.018300653594771243
0 0.14595588235294119 0.01764705882352941 0.003676470588235294 0.01699346405228758
0 0.09154411764705882 0.07124183006535947 0.006617647058823529 0.02483660130718954
0 0.07536764705882353 0.0718954248366013 0.011029411764705883 0.026143790849673203
0 0.08345588235294117 0.07581699346405228 0.003676470588235294 0.013071895424836602