0 0.9903645833333333 0.7046296296296296 0.015104166666666667 0.053703703703703705
0 0.940625 0.7393518518518518 0.013541666666666667 0.05462962962962963
0 0.9200520833333333 0.7111111111111111 0.0109375 0.04814814814814815
0 0.9380208333333333 0.6606481481481481 0.011458333333333333 0.04537037037037037
0 0.9682291666666667 0.6467592592592593 0.011458333333333333 0.03796296296296296
0 0.9747395833333333 0.6231481481481481 0.009895833333333333 0.040740740740740744
0 0.9544270833333334 0.6041666666666666 0.008854166666666666 0.041666666666666664
0 0.9109375 0.6240740740740741 0.007291666666666667 0.04259259259259259
0 0.9059895833333333 0.6268518518518519 0.008854166666666666 0.04259259259259259
0 0.8791666666666667 0.638425925925926 0.008333333333333333 0.041666666666666664
0 0.8859375 0.6393518518518518 0.008333333333333333 0.041666666666666664
0 0.8515625 0.5856481481481481 0.010416666666666666 0.03796296296296296
0 0.8348958333333333 0.5740740740740741 0.008333333333333333 0.03518518518518519
0 0.7106770833333333 0.6148148148148148 0.009895833333333333 0.040740740740740744
0 0.7002604166666667 0.5972222222222222 0.009895833333333333 0.024074074074074074
0 0.7291666666666666 0.5023148148148148 0.008333333333333333 0.03425925925925926
0 0.7427083333333333 0.5087962962962963 0.007291666666666667 0.032407407407407406
0 0.6427083333333333 0.4111111111111111 0.005208333333333333 0.022222222222222223
0 0.7315104166666667 0.7351851851851852 0.013020833333333334 0.04259259259259259
0 0.70703125 0.6958333333333333 0.0109375 0.03611111111111111
0 0.6625 0.6476851851851851 0.008333333333333333 0.04351851851851852
0 0.6567708333333333 0.638425925925926 0.009375 0.03796296296296296
0 0.6619791666666667 0.624537037037037 0.008333333333333333 0.041666666666666664
0 0.6541666666666667 0.6166666666666667 0.008333333333333333 0.03518518518518519
0 0.6401041666666667 0.6175925925925926 0.007291666666666667 0.046296296296296294
0 0.62109375 0.6125 0.008854166666666666 0.041666666666666664
0 0.6377604166666667 0.6134259259259259 0.008854166666666666 0.03796296296296296
0 0.39114583333333336 0.6481481481481481 0.010416666666666666 0.04259259259259259
0 0.4044270833333333 0.6356481481481482 0.009895833333333333 0.03611111111111111
0 0.2786458333333333 0.29907407407407405 0.003125 0.014814814814814815
0 0.30052083333333335 0.3388888888888889 0.004166666666666667 0.016666666666666666
0 0.32265625 0.35324074074074074 0.0046875 0.017592592592592594
0 0.28177083333333336 0.3060185185185185 0.003125 0.013888888888888888
0 0.27291666666666664 0.3125 0.003125 0.01574074074074074
0 0.26119791666666664 0.3199074074074074 0.0036458333333333334 0.01574074074074074
0 0.25833333333333336 0.32546296296296295 0.004166666666666667 0.017592592592592594
0 0.2515625 0.33425925925925926 0.004166666666666667 0.016666666666666666
0 0.2484375 0.33425925925925926 0.004166666666666667 0.020370370370370372
0 0.2674479166666667 0.3476851851851852 0.0036458333333333334 0.01574074074074074
0 0.27109375 0.3611111111111111 0.0046875 0.020370370370370372
0 0.26640625 0.36157407407407405 0.0046875 0.021296296296296296
0 0.28229166666666666 0.3699074074074074 0.004166666666666667 0.012037037037037037
0 0.25833333333333336 0.36527777777777776 0.004166666666666667 0.019444444444444445
0 0.24583333333333332 0.3888888888888889 0.005208333333333333 0.020370370370370372
0 0.24609375 0.3712962962962963 0.0046875 0.022222222222222223
0 0.23723958333333334 0.37777777777777777 0.0046875 0.020370370370370372
0 0.22604166666666667 0.3851851851851852 0.004166666666666667 0.022222222222222223
0 0.2140625 0.5027777777777778 0.00625 0.03148148148148148
0 0.20416666666666666 0.5314814814814814 0.008333333333333333 0.02962962962962963
0 0.20807291666666666 0.4023148148148148 0.0046875 0.023148148148148147
0 0.196875 0.4166666666666667 0.00625 0.024074074074074074
0 0.20598958333333334 0.4115740740740741 0.005729166666666666 0.026851851851851852
0 0.16458333333333333 0.3824074074074074 0.005208333333333333 0.022222222222222223
0 0.16302083333333334 0.4078703703703704 0.00625 0.023148148148148147
0 0.1890625 0.43796296296296294 0.00625 0.025925925925925925
0 0.16927083333333334 0.4527777777777778 0.005208333333333333 0.025925925925925925
0 0.17213541666666668 0.43148148148148147 0.005729166666666666 0.022222222222222223
0 0.1671875 0.4439814814814815 0.00625 0.026851851851851852
0 0.17760416666666667 0.45046296296296295 0.005208333333333333 0.019444444444444445
0 0.17760416666666667 0.43333333333333335 0.005208333333333333 0.022222222222222223
0 0.18151041666666667 0.43472222222222223 0.005729166666666666 0.025
0 0.15598958333333332 0.46574074074074073 0.0067708333333333336 0.02962962962962963
0 0.14114583333333333 0.44074074074074077 0.00625 0.024074074074074074
0 0.13151041666666666 0.4398148148148148 0.0067708333333333336 0.016666666666666666
0 0.10755208333333334 0.4912037037037037 0.0067708333333333336 0.032407407407407406
0 0.11536458333333334 0.4842592592592593 0.0067708333333333336 0.03333333333333333
0 0.128125 0.4722222222222222 0.005208333333333333 0.027777777777777776
0 0.13854166666666667 0.4828703703703704 0.005208333333333333 0.028703703703703703
0 0.13255208333333332 0.4842592592592593 0.0078125 0.03148148148148148
0 0.14192708333333334 0.5027777777777778 0.005729166666666666 0.03148148148148148
0 0.146875 0.5074074074074074 0.007291666666666667 0.03148148148148148
0 0.07734375 0.48564814814814816 0.0067708333333333336 0.019444444444444445
0 0.08515625 0.48518518518518516 0.009895833333333333 0.020370370370370372
0 0.0609375 0.5481481481481482 0.010416666666666666 0.03333333333333333
0 0.03697916666666667 0.5458333333333333 0.009375 0.03796296296296296
0 0.007552083333333333 0.537962962962963 0.0078125 0.03148148148148148
0 0.007552083333333333 0.5601851851851852 0.011979166666666667 0.027777777777777776
0 0.029166666666666667 0.575 0.010416666666666666 0.040740740740740744
0 0.03802083333333333 0.5768518518518518 0.009375 0.03888888888888889
0 0.04635416666666667 0.5736111111111111 0.008333333333333333 0.03981481481481482
0 0.05078125 0.5851851851851851 0.009895833333333333 0.040740740740740744
0 0.05911458333333333 0.5856481481481481 0.0078125 0.03796296296296296
0 0.06458333333333334 0.5898148148148148 0.009375 0.03888888888888889
0 0.09010416666666667 0.6050925925925926 0.007291666666666667 0.03981481481481482
0 0.17916666666666667 0.5347222222222222 0.008333333333333333 0.025
0 0.17083333333333334 0.5231481481481481 0.00625 0.022222222222222223
0 0.02578125 0.6041666666666666 0.011979166666666667 0.030555555555555555
0 0.00546875 0.6361111111111111 0.0109375 0.046296296296296294
0 0.03307291666666667 0.6365740740740741 0.009895833333333333 0.041666666666666664
0 0.04479166666666667 0.6282407407407408 0.009375 0.04537037037037037
0 0.11510416666666666 0.575462962962963 0.007291666666666667 0.03611111111111111
0 0.052083333333333336 0.6194444444444445 0.010416666666666666 0.025925925925925925
0 0.058333333333333334 0.6240740740740741 0.008333333333333333 0.040740740740740744
0 0.06171875 0.6601851851851852 0.0109375 0.04259259259259259
0 0.06822916666666666 0.6476851851851851 0.008333333333333333 0.04351851851851852
0 0.06614583333333333 0.6319444444444444 0.007291666666666667 0.03611111111111111
0 0.06979166666666667 0.6240740740740741 0.005208333333333333 0.03333333333333333
0 0.07395833333333333 0.674074074074074 0.010416666666666666 0.02962962962962963
0 0.045572916666666664 0.6824074074074075 0.0140625 0.044444444444444446
0 0.03854166666666667 0.7041666666666667 0.014583333333333334 0.03796296296296296
0 0.11276041666666667 0.611574074074074 0.009895833333333333 0.03425925925925926
0 0.09817708333333333 0.625 0.009895833333333333 0.025925925925925925
0 0.11067708333333333 0.6578703703703703 0.009895833333333333 0.026851851851851852
0 0.12838541666666667 0.6430555555555556 0.0109375 0.04351851851851852
0 0.12005208333333334 0.5888888888888889 0.009895833333333333 0.03888888888888889
0 0.17317708333333334 0.5902777777777778 0.0067708333333333336 0.03796296296296296
0 0.16171875 0.5800925925925926 0.008854166666666666 0.03611111111111111
0 0.165625 0.5861111111111111 0.007291666666666667 0.03333333333333333
0 0.13515625 0.5828703703703704 0.0109375 0.025
0 0.1609375 0.6361111111111111 0.00625 0.040740740740740744
0 0.1703125 0.6305555555555555 0.00625 0.040740740740740744
0 0.16484375 0.6398148148148148 0.0078125 0.03888888888888889
0 0.16380208333333332 0.6212962962962963 0.0067708333333333336 0.03148148148148148
0 0.1484375 0.6092592592592593 0.008333333333333333 0.027777777777777776
0 0.14921875 0.5916666666666667 0.0067708333333333336 0.027777777777777776
0 0.159375 0.6087962962962963 0.008333333333333333 0.03425925925925926
0 0.15416666666666667 0.6268518518518519 0.008333333333333333 0.040740740740740744
0 0.14947916666666666 0.6226851851851852 0.008333333333333333 0.03981481481481482
0 0.14192708333333334 0.6319444444444444 0.0067708333333333336 0.030555555555555555
0 0.14322916666666666 0.6527777777777778 0.011458333333333333 0.03518518518518519
0 0.1328125 0.625 0.008333333333333333 0.03518518518518519
0 0.13671875 0.6101851851851852 0.008854166666666666 0.02962962962962963
0 0.13932291666666666 0.6273148148148148 0.0067708333333333336 0.032407407407407406
0 0.10989583333333333 0.4703703703703704 0.00625 0.027777777777777776