0 0.7941176470588235 0.626797385620915 0.01911764705882353 0.05620915032679739
0 0.2474264705882353 0.3333333333333333 0.005147058823529412 0.026143790849673203
0 0.2411764705882353 0.3215686274509804 0.011764705882352941 0.05228758169934641
0 0.17941176470588235 0.2869281045751634 0.010294117647058823 0.05620915032679739
0 0.18823529411764706 0.29411764705882354 0.011764705882352941 0.05228758169934641
0 0.4827205882352941 0.22091503267973855 0.009558823529411765 0.03398692810457516
0 0.5970588235294118 0.5287581699346405 0.016176470588235296 0.05620915032679739
0 0.46397058823529413 0.307843137254902 0.013235294117647059 0.050980392156862744
0 0.4264705882352941 0.25555555555555554 0.010294117647058823 0.040522875816993466
0 0.3573529411764706 0.2045751633986928 0.008823529411764706 0.03529411764705882
0 0.36066176470588235 0.2084967320261438 0.011029411764705883 0.027450980392156862
0 0.40698529411764706 0.054901960784313725 0.006617647058823529 0.023529411764705882
0 0.3886029411764706 0.02287581699346405 0.006617647058823529 0.027450980392156862
0 0.6389705882352941 0.365359477124183 0.010294117647058823 0.05359477124183006
0 0.6161764705882353 0.34509803921568627 0.007352941176470588 0.05751633986928104
0 0.6073529411764705 0.35294117647058826 0.008823529411764706 0.05751633986928104
0 0.6025735294117647 0.33790849673202616 0.008088235294117648 0.05620915032679739
0 0.5849264705882353 0.3104575163398693 0.009558823529411765 0.05359477124183006
0 0.5966911764705882 0.296078431372549 0.008088235294117648 0.048366013071895426
0 0.6036764705882353 0.30392156862745096 0.007352941176470588 0.03790849673202614
0 0.5080882352941176 0.14640522875816994 0.007352941176470588 0.04183006535947712
0 0.5441176470588235 0.16470588235294117 0.007352941176470588 0.044444444444444446
0 0.5577205882352941 0.16666666666666666 0.006617647058823529 0.048366013071895426
0 0.569485294117647 0.19411764705882353 0.008088235294117648 0.048366013071895426
0 0.575 0.11045751633986928 0.004411764705882353 0.03790849673202614
0 0.5808823529411765 0.11045751633986928 0.0058823529411764705 0.040522875816993466
0 0.5514705882352942 0.032679738562091505 0.0058823529411764705 0.03398692810457516
0 0.5580882352941177 0.038562091503267976 0.007352941176470588 0.032679738562091505
0 0.7194852941176471 0.28823529411764703 0.009558823529411765 0.05620915032679739
0 0.7275735294117647 0.27712418300653596 0.011029411764705883 0.05228758169934641
0 0.7375 0.2849673202614379 0.008823529411764706 0.04967320261437908
0 0.7356617647058824 0.29673202614379085 0.009558823529411765 0.04967320261437908
0 0.7452205882352941 0.25947712418300656 0.009558823529411765 0.048366013071895426
0 0.7621323529411764 0.2856209150326797 0.008088235294117648 0.043137254901960784
0 0.6698529411764705 0.3084967320261438 0.010294117647058823 0.05751633986928104
0 0.6768382352941177 0.3156862745098039 0.009558823529411765 0.05620915032679739
0 0.6808823529411765 0.3111111111111111 0.007352941176470588 0.06013071895424837
0 0.6863970588235294 0.3183006535947712 0.0125 0.048366013071895426
0 0.6882352941176471 0.3104575163398693 0.008823529411764706 0.05359477124183006
0 0.6477941176470589 0.2718954248366013 0.010294117647058823 0.04967320261437908
0 0.6283088235294118 0.14967320261437908 0.009558823529411765 0.040522875816993466
0 0.6305147058823529 0.11176470588235295 0.006617647058823529 0.03790849673202614
0 0.2974264705882353 0.1 0.006617647058823529 0.03529411764705882
0 0.2963235294117647 0.1111111111111111 0.004411764705882353 0.01568627450980392
0 0.5897058823529412 0.20915032679738563 0.007352941176470588 0.0392156862745098