0 0.20147058823529412 0.9686274509803922 0.039705882352941174 0.06274509803921569
0 0.2235294117647059 0.9071895424836601 0.03823529411764706 0.18562091503267975
0 0.22647058823529412 0.8816993464052287 0.022058823529411766 0.08758169934640522
0 0.36911764705882355 0.6215686274509804 0.027941176470588237 0.09019607843137255
0 0.6411764705882353 0.6006535947712418 0.03529411764705882 0.1111111111111111
0 0.7926470588235294 0.6189542483660131 0.039705882352941174 0.12941176470588237
0 0.48676470588235293 0.46797385620915033 0.022058823529411766 0.10718954248366012
0 0.4404411764705882 0.3941176470588235 0.025 0.09019607843137255
0 0.4963235294117647 0.27124183006535946 0.013235294117647059 0.07712418300653595
0 0.5125 0.4562091503267974 0.01764705882352941 0.09673202614379085
0 0.5860294117647059 0.4764705882352941 0.026470588235294117 0.05359477124183006
0 0.6411764705882353 0.44509803921568625 0.025 0.09281045751633987
0 0.5386029411764706 0.24444444444444444 0.015441176470588236 0.06535947712418301
0 0.53125 0.1718954248366013 0.009558823529411765 0.06143790849673202
0 0.34448529411764706 0.2196078431372549 0.013970588235294118 0.03398692810457516
0 0.3636029411764706 0.20392156862745098 0.016911764705882352 0.04967320261437908
0 0.3790441176470588 0.2019607843137255 0.0125 0.048366013071895426
0 0.37536764705882353 0.23921568627450981 0.008088235294117648 0.04967320261437908
0 0.6220588235294118 0.13333333333333333 0.007352941176470588 0.04183006535947712
0 0.6121323529411765 0.22549019607843138 0.015441176470588236 0.027450980392156862
0 0.6220588235294118 0.21895424836601307 0.011764705882352941 0.048366013071895426
0 0.6360294117647058 0.21372549019607842 0.014705882352941176 0.03790849673202614
0 0.7283088235294117 0.4111111111111111 0.0375 0.10326797385620914
0 0.73125 0.37450980392156863 0.013970588235294118 0.032679738562091505
0 0.71875 0.3784313725490196 0.01838235294117647 0.09281045751633987
0 0.7066176470588236 0.37450980392156863 0.022058823529411766 0.09281045751633987
0 0.7522058823529412 0.3607843137254902 0.026470588235294117 0.08627450980392157
0 0.75 0.35294117647058826 0.01764705882352941 0.08366013071895424
0 0.7625 0.3516339869281046 0.01764705882352941 0.08366013071895424
0 0.8128676470588235 0.31241830065359477 0.019852941176470587 0.0784313725490196
0 0.7845588235294118 0.27320261437908494 0.01764705882352941 0.054901960784313725
0 0.8058823529411765 0.257516339869281 0.020588235294117647 0.06535947712418301
0 0.7533088235294118 0.2477124183006536 0.019852941176470587 0.0718954248366013
0 0.7452205882352941 0.22026143790849673 0.0125 0.058823529411764705
0 0.2584558823529412 0.10457516339869281 0.015441176470588236 0.03398692810457516
0 0.3238970588235294 0.0869281045751634 0.011029411764705883 0.030065359477124184
0 0.4386029411764706 0.026143790849673203 0.008088235294117648 0.0392156862745098
0 0.6113970588235295 0.28627450980392155 0.0125 0.0784313725490196
0 0.8511029411764706 0.18562091503267975 0.015441176470588236 0.05751633986928104
0 0.9897058823529412 0.1111111111111111 0.008823529411764706 0.044444444444444446
0 0.8286764705882353 0.03071895424836601 0.0058823529411764705 0.02483660130718954
0 0.8216911764705882 0.027450980392156862 0.003676470588235294 0.026143790849673203
0 0.8158088235294118 0.024183006535947713 0.006617647058823529 0.032679738562091505
0 0.7235294117647059 0.13071895424836602 0.008823529411764706 0.054901960784313725
0 0.5176470588235295 0.4117647058823529 0.016176470588235296 0.08888888888888889
0 0.5334558823529412 0.05163398692810457 0.005147058823529412 0.03529411764705882