0 0.5614583333333333 0.12407407407407407 0.004166666666666667 0.018518518518518517
0 0.575 0.19537037037037036 0.004166666666666667 0.016666666666666666
0 0.5786458333333333 0.35648148148148145 0.005208333333333333 0.016666666666666666
0 0.5598958333333334 0.462037037037037 0.005208333333333333 0.024074074074074074
0 0.5645833333333333 0.7342592592592593 0.00625 0.027777777777777776
0 0.6109375 0.9638888888888889 0.005208333333333333 0.027777777777777776
0 0.6411458333333333 0.0712962962962963 0.003125 0.012962962962962963
0 0.6515625 0.21574074074074073 0.005208333333333333 0.012962962962962963
0 0.775 0.8027777777777778 0.008333333333333333 0.020370370370370372
0 0.7776041666666667 0.45555555555555555 0.007291666666666667 0.018518518518518517
0 0.79375 0.5 0.00625 0.018518518518518517
0 0.09375 0.45925925925925926 0.00625 0.022222222222222223