0 0.05036764705882353 0.74640522875817 0.019852941176470587 0.07058823529411765
0 0.06360294117647058 0.7352941176470589 0.021323529411764706 0.06405228758169934
0 0.1213235294117647 0.7379084967320262 0.026470588235294117 0.06143790849673202
0 0.14852941176470588 0.7176470588235294 0.020588235294117647 0.06535947712418301
0 0.13933823529411765 0.7248366013071895 0.019852941176470587 0.06405228758169934
0 0.12536764705882353 0.7274509803921568 0.019852941176470587 0.07450980392156863
0 0.34154411764705883 0.515032679738562 0.013970588235294118 0.06013071895424837
0 0.3338235294117647 0.7248366013071895 0.01911764705882353 0.0718954248366013
0 0.32316176470588237 0.7169934640522876 0.013970588235294118 0.06405228758169934
0 0.3275735294117647 0.6699346405228758 0.01838235294117647 0.050980392156862744
0 0.33933823529411766 0.2627450980392157 0.008088235294117648 0.03398692810457516
0 0.3341911764705882 0.25555555555555554 0.006617647058823529 0.032679738562091505
0 0.32941176470588235 0.25359477124183005 0.007352941176470588 0.0392156862745098
0 0.6371323529411764 0.46013071895424834 0.011029411764705883 0.04967320261437908
0 0.6441176470588236 0.4620915032679739 0.008823529411764706 0.02483660130718954
0 0.4933823529411765 0.09738562091503268 0.004411764705882353 0.022222222222222223
0 0.49779411764705883 0.09542483660130718 0.0058823529411764705 0.026143790849673203
0 0.3477941176470588 0.12418300653594772 0.007352941176470588 0.018300653594771243
0 0.375 0.0718954248366013 0.004411764705882353 0.01568627450980392
0 0.32279411764705884 0.14967320261437908 0.007352941176470588 0.0196078431372549