0 0.4747395833333333 0.4601851851851852 0.005729166666666666 0.016666666666666666
0 0.4596354166666667 0.43842592592592594 0.005729166666666666 0.017592592592592594
0 0.45807291666666666 0.45740740740740743 0.005729166666666666 0.024074074074074074
0 0.453125 0.4791666666666667 0.007291666666666667 0.023148148148148147
0 0.48541666666666666 0.4740740740740741 0.00625 0.022222222222222223
0 0.47604166666666664 0.5296296296296297 0.007291666666666667 0.024074074074074074
0 0.4901041666666667 0.5203703703703704 0.00625 0.02962962962962963
0 0.49557291666666664 0.5208333333333334 0.005729166666666666 0.026851851851851852
0 0.49583333333333335 0.5083333333333333 0.004166666666666667 0.024074074074074074
0 0.49296875 0.475 0.005729166666666666 0.025925925925925925
0 0.4981770833333333 0.4546296296296296 0.0046875 0.022222222222222223
0 0.51015625 0.6199074074074075 0.011979166666666667 0.032407407407407406
0 0.5296875 0.6976851851851852 0.010416666666666666 0.03611111111111111
0 0.5236979166666667 0.7111111111111111 0.013020833333333334 0.040740740740740744
0 0.41692708333333334 0.6587962962962963 0.009895833333333333 0.04722222222222222
0 0.42421875 0.674537037037037 0.0109375 0.03796296296296296
0 0.42630208333333336 0.7203703703703703 0.0109375 0.04259259259259259
0 0.3653645833333333 0.7282407407407407 0.0078125 0.04351851851851852
0 0.44895833333333335 0.8333333333333334 0.013541666666666667 0.044444444444444446
0 0.4473958333333333 0.9689814814814814 0.014583333333333334 0.058333333333333334
0 0.44869791666666664 0.9800925925925926 0.009895833333333333 0.03425925925925926
0 0.25338541666666664 0.8444444444444444 0.015104166666666667 0.03148148148148148
0 0.29635416666666664 0.9703703703703703 0.015625 0.040740740740740744
0 0.2864583333333333 0.987037037037037 0.020833333333333332 0.025925925925925925
0 0.5252604166666667 0.3453703703703704 0.0036458333333333334 0.014814814814814815
0 0.33359375 0.9472222222222222 0.009895833333333333 0.05555555555555555