0 0.7444852941176471 0.6679738562091503 0.013970588235294118 0.0392156862745098
0 0.6341911764705882 0.4673202614379085 0.011029411764705883 0.03529411764705882
0 0.5911764705882353 0.4928104575163399 0.011764705882352941 0.036601307189542485
0 0.5713235294117647 0.5117647058823529 0.011764705882352941 0.032679738562091505
0 0.5595588235294118 0.5372549019607843 0.010294117647058823 0.0392156862745098
0 0.6242647058823529 0.29934640522875816 0.007352941176470588 0.03137254901960784
0 0.5577205882352941 0.3058823529411765 0.008088235294117648 0.036601307189542485
0 0.5632352941176471 0.307843137254902 0.0058823529411764705 0.032679738562091505
0 0.3786764705882353 0.4418300653594771 0.010294117647058823 0.03398692810457516
0 0.32794117647058824 0.3738562091503268 0.008823529411764706 0.03137254901960784
0 0.33345588235294116 0.3738562091503268 0.005147058823529412 0.02875816993464052
0 0.24816176470588236 0.361437908496732 0.008088235294117648 0.043137254901960784
0 0.2525735294117647 0.36666666666666664 0.008088235294117648 0.040522875816993466
0 0.2363970588235294 0.4542483660130719 0.0125 0.043137254901960784
0 0.20955882352941177 0.35555555555555557 0.010294117647058823 0.0392156862745098
0 0.1974264705882353 0.3738562091503268 0.013970588235294118 0.04183006535947712
0 0.24485294117647058 0.4516339869281046 0.010294117647058823 0.030065359477124184
0 0.03602941176470588 0.5313725490196078 0.014705882352941176 0.05359477124183006
0 0.11066176470588235 0.4294117647058823 0.013970588235294118 0.040522875816993466
0 0.11985294117647059 0.4261437908496732 0.007352941176470588 0.02875816993464052
0 0.1349264705882353 0.4 0.013970588235294118 0.044444444444444446
0 0.13161764705882353 0.39673202614379083 0.013235294117647059 0.040522875816993466
0 0.15919117647058822 0.39738562091503266 0.009558823529411765 0.0392156862745098
0 0.15073529411764705 0.3934640522875817 0.008823529411764706 0.044444444444444446
0 0.14779411764705883 0.3895424836601307 0.011764705882352941 0.04183006535947712