0 0.42426470588235293 0.03333333333333333 0.004411764705882353 0.01437908496732026
0 0.4922794117647059 0.08627450980392157 0.005147058823529412 0.01568627450980392
0 0.5375 0.17450980392156862 0.007352941176470588 0.0196078431372549
0 0.8808823529411764 0.7287581699346405 0.01911764705882353 0.05359477124183006
0 0.6948529411764706 0.20522875816993463 0.007352941176470588 0.01568627450980392
0 0.5680147058823529 0.24248366013071895 0.008088235294117648 0.022222222222222223
0 0.6518382352941177 0.16601307189542483 0.006617647058823529 0.02091503267973856
0 0.5547794117647059 0.18104575163398692 0.006617647058823529 0.027450980392156862
0 0.6613970588235294 0.1287581699346405 0.005147058823529412 0.01699346405228758
0 0.6022058823529411 0.11895424836601307 0.007352941176470588 0.018300653594771243
0 0.5294117647058824 0.12483660130718954 0.004411764705882353 0.01437908496732026