0 0.48713235294117646 0.056862745098039215 0.005147058823529412 0.01437908496732026
0 0.5297794117647059 0.05228758169934641 0.005147058823529412 0.013071895424836602
0 0.3058823529411765 0.22418300653594772 0.004411764705882353 0.01699346405228758
0 0.5386029411764706 0.8150326797385621 0.003676470588235294 0.01699346405228758
0 0.4724264705882353 0.7686274509803922 0.003676470588235294 0.013071895424836602
0 0.5316176470588235 0.526797385620915 0.0058823529411764705 0.013071895424836602
0 0.48676470588235293 0.48366013071895425 0.0058823529411764705 0.013071895424836602
0 0.29448529411764707 0.7071895424836602 0.005147058823529412 0.01045751633986928
0 0.2599264705882353 0.7261437908496732 0.005147058823529412 0.011764705882352941
0 0.8183823529411764 0.9464052287581699 0.013235294117647059 0.013071895424836602
0 0.24558823529411763 0.7640522875816993 0.0058823529411764705 0.01437908496732026