0 0.6772058823529412 0.9830065359477124 0.010294117647058823 0.026143790849673203
0 0.6875 0.9823529411764705 0.010294117647058823 0.030065359477124184
0 0.6948529411764706 0.9764705882352941 0.007352941176470588 0.03137254901960784
0 0.39301470588235293 0.9856209150326798 0.0125 0.02875816993464052
0 0.6283088235294118 0.7522875816993464 0.009558823529411765 0.043137254901960784
0 0.5904411764705882 0.6313725490196078 0.010294117647058823 0.023529411764705882
0 0.3963235294117647 0.7483660130718954 0.008823529411764706 0.02483660130718954
0 0.4161764705882353 0.7300653594771241 0.008823529411764706 0.02483660130718954
0 0.425 0.707843137254902 0.008823529411764706 0.02483660130718954
0 0.40147058823529413 0.703921568627451 0.008823529411764706 0.0196078431372549
0 0.38419117647058826 0.6908496732026144 0.008088235294117648 0.027450980392156862
0 0.16580882352941176 0.6679738562091503 0.008088235294117648 0.03398692810457516
0 0.5797794117647059 0.6934640522875817 0.006617647058823529 0.02483660130718954
0 0.43786764705882353 0.47581699346405226 0.005147058823529412 0.013071895424836602
0 0.4345588235294118 0.45098039215686275 0.004411764705882353 0.013071895424836602
0 0.3084558823529412 0.4803921568627451 0.006617647058823529 0.022222222222222223
0 0.4386029411764706 0.37450980392156863 0.003676470588235294 0.009150326797385621
0 0.40441176470588236 0.3915032679738562 0.004411764705882353 0.009150326797385621