0 0.25546875 0.30277777777777776 0.0046875 0.024074074074074074
0 0.26015625 0.30277777777777776 0.0046875 0.024074074074074074
0 0.28984375 0.2662037037037037 0.0046875 0.01574074074074074
0 0.2828125 0.2574074074074074 0.004166666666666667 0.016666666666666666
0 0.25338541666666664 0.3611111111111111 0.0067708333333333336 0.040740740740740744
0 0.26197916666666665 0.35694444444444445 0.005208333333333333 0.03796296296296296
0 0.3033854166666667 0.3458333333333333 0.0046875 0.03611111111111111
0 0.30390625 0.34305555555555556 0.0046875 0.03796296296296296
0 0.14270833333333333 0.30324074074074076 0.005208333333333333 0.019444444444444445
0 0.15572916666666667 0.28425925925925927 0.005208333333333333 0.016666666666666666
0 0.15989583333333332 0.25833333333333336 0.005208333333333333 0.022222222222222223
0 0.15598958333333332 0.25833333333333336 0.0046875 0.020370370370370372
0 0.10807291666666667 0.300462962962963 0.0067708333333333336 0.023148148148148147
0 0.09609375 0.29305555555555557 0.005729166666666666 0.023148148148148147
0 0.09114583333333333 0.29212962962962963 0.005208333333333333 0.025
0 0.0890625 0.3194444444444444 0.007291666666666667 0.024074074074074074
0 0.08385416666666666 0.32314814814814813 0.007291666666666667 0.018518518518518517
0 0.07864583333333333 0.32037037037037036 0.005208333333333333 0.024074074074074074
0 0.0828125 0.3060185185185185 0.00625 0.025
0 0.0765625 0.30787037037037035 0.00625 0.025
0 0.07083333333333333 0.337037037037037 0.00625 0.024074074074074074
0 0.0625 0.33796296296296297 0.008333333333333333 0.025925925925925925
0 0.05755208333333333 0.325 0.0067708333333333336 0.02962962962962963
0 0.050520833333333334 0.32731481481481484 0.00625 0.028703703703703703
0 0.04791666666666667 0.2902777777777778 0.007291666666666667 0.025
0 0.12864583333333332 0.262037037037037 0.005208333333333333 0.018518518518518517
0 0.07239583333333334 0.28194444444444444 0.004166666666666667 0.01574074074074074
0 0.06822916666666666 0.27870370370370373 0.005208333333333333 0.020370370370370372
0 0.061197916666666664 0.2791666666666667 0.0046875 0.021296296296296296
0 0.34661458333333334 0.33564814814814814 0.008854166666666666 0.03425925925925926
0 0.7408854166666666 0.4513888888888889 0.0078125 0.03796296296296296
0 0.7330729166666666 0.44814814814814813 0.008854166666666666 0.04814814814814815
0 0.603125 0.3337962962962963 0.011458333333333333 0.03611111111111111
0 0.6244791666666667 0.32731481481481484 0.007291666666666667 0.03796296296296296
0 0.6309895833333333 0.32731481481481484 0.005729166666666666 0.03425925925925926
0 0.6625 0.3333333333333333 0.00625 0.03333333333333333
0 0.6658854166666667 0.3416666666666667 0.005729166666666666 0.022222222222222223
0 0.66796875 0.3263888888888889 0.0067708333333333336 0.03611111111111111
0 0.7091145833333333 0.3435185185185185 0.0067708333333333336 0.037037037037037035
0 0.6966145833333334 0.3375 0.0067708333333333336 0.03611111111111111
0 0.6927083333333334 0.3439814814814815 0.008333333333333333 0.032407407407407406
0 0.6518229166666667 0.3347222222222222 0.0078125 0.03796296296296296
0 0.64609375 0.33287037037037037 0.0067708333333333336 0.03425925925925926
0 0.6432291666666666 0.3287037037037037 0.00625 0.03333333333333333
0 0.56484375 0.34444444444444444 0.005729166666666666 0.03148148148148148
0 0.56015625 0.3435185185185185 0.0078125 0.03333333333333333
0 0.54921875 0.3523148148148148 0.0109375 0.03611111111111111
0 0.5263020833333333 0.3388888888888889 0.0067708333333333336 0.03333333333333333
0 0.5223958333333333 0.33425925925925926 0.007291666666666667 0.037037037037037035
0 0.5505208333333333 0.31712962962962965 0.00625 0.023148148148148147
0 0.53359375 0.29305555555555557 0.0046875 0.023148148148148147
0 0.52890625 0.29259259259259257 0.0036458333333333334 0.022222222222222223
0 0.52734375 0.31157407407407406 0.005729166666666666 0.017592592592592594
0 0.48776041666666664 0.30185185185185187 0.005729166666666666 0.020370370370370372
0 0.47578125 0.2833333333333333 0.0046875 0.020370370370370372
0 0.4861979166666667 0.2708333333333333 0.0036458333333333334 0.013888888888888888
0 0.4703125 0.26805555555555555 0.005208333333333333 0.021296296296296296
0 0.5356770833333333 0.262037037037037 0.0046875 0.020370370370370372
0 0.515625 0.2726851851851852 0.004166666666666667 0.019444444444444445
0 0.5125 0.2712962962962963 0.003125 0.016666666666666666
0 0.5098958333333333 0.2712962962962963 0.003125 0.018518518518518517
0 0.5440104166666667 0.2601851851851852 0.0026041666666666665 0.016666666666666666
0 0.5489583333333333 0.25925925925925924 0.004166666666666667 0.014814814814814815
0 0.61796875 0.41712962962962963 0.0067708333333333336 0.026851851851851852
0 0.5002604166666667 0.29583333333333334 0.005729166666666666 0.019444444444444445
0 0.48359375 0.23287037037037037 0.0046875 0.017592592592592594
0 0.49296875 0.2263888888888889 0.0036458333333333334 0.017592592592592594
0 0.39739583333333334 0.34814814814814815 0.008333333333333333 0.037037037037037035
0 0.2484375 0.29074074074074074 0.004166666666666667 0.022222222222222223
0 0.4549479166666667 0.23425925925925925 0.0046875 0.016666666666666666
0 0.4510416666666667 0.24166666666666667 0.004166666666666667 0.016666666666666666
0 0.45755208333333336 0.18472222222222223 0.0036458333333333334 0.013888888888888888
0 0.46041666666666664 0.1787037037037037 0.003125 0.018518518518518517
0 0.46432291666666664 0.17916666666666667 0.0036458333333333334 0.017592592592592594
0 0.78515625 0.5879629629629629 0.009895833333333333 0.05555555555555555
0 0.775 0.5800925925925926 0.009375 0.05648148148148148
0 0.7934895833333333 0.5412037037037037 0.0078125 0.049074074074074076
0 0.78515625 0.5402777777777777 0.009895833333333333 0.05092592592592592
0 0.8604166666666667 0.5365740740740741 0.008333333333333333 0.041666666666666664
0 0.8677083333333333 0.5342592592592592 0.00625 0.04814814814814815
0 0.8736979166666666 0.5300925925925926 0.0067708333333333336 0.03981481481481482
0 0.8802083333333334 0.5296296296296297 0.005208333333333333 0.037037037037037035
0 0.8427083333333333 0.5912037037037037 0.013541666666666667 0.021296296296296296
0 0.83984375 0.6111111111111112 0.0140625 0.024074074074074074
0 0.90546875 0.8101851851851852 0.0140625 0.05740740740740741
0 0.14166666666666666 0.612037037037037 0.010416666666666666 0.046296296296296294
0 0.12421875 0.612037037037037 0.009895833333333333 0.046296296296296294
0 0.12135416666666667 0.6078703703703704 0.007291666666666667 0.04722222222222222
0 0.13854166666666667 0.5699074074074074 0.009375 0.04722222222222222
0 0.12239583333333333 0.5782407407407407 0.010416666666666666 0.03981481481481482
0 0.15625 0.5638888888888889 0.010416666666666666 0.046296296296296294
0 0.10182291666666667 0.6143518518518518 0.013020833333333334 0.05092592592592592
0 0.16380208333333332 0.5268518518518519 0.0078125 0.03148148148148148
0 0.18072916666666666 0.47685185185185186 0.00625 0.03333333333333333
0 0.18671875 0.475462962962963 0.0046875 0.030555555555555555
0 0.13385416666666666 0.5203703703703704 0.008333333333333333 0.03888888888888889
0 0.13671875 0.5115740740740741 0.008854166666666666 0.032407407407407406
0 0.03203125 0.7143518518518519 0.0140625 0.058333333333333334
0 0.12421875 0.3435185185185185 0.008854166666666666 0.03888888888888889
0 0.11614583333333334 0.3421296296296296 0.007291666666666667 0.03796296296296296
0 0.146875 0.25601851851851853 0.004166666666666667 0.019444444444444445
0 0.14427083333333332 0.26064814814814813 0.003125 0.019444444444444445
0 0.11770833333333333 0.26481481481481484 0.004166666666666667 0.024074074074074074
0 0.12317708333333334 0.26990740740740743 0.005729166666666666 0.021296296296296296
0 0.09947916666666666 0.26157407407407407 0.004166666666666667 0.019444444444444445
0 0.096875 0.2601851851851852 0.004166666666666667 0.018518518518518517
0 0.07760416666666667 0.25972222222222224 0.005208333333333333 0.019444444444444445
0 0.09583333333333334 0.6166666666666667 0.011458333333333333 0.05