0 0.09117647058823529 0.4411764705882353 0.01911764705882353 0.0718954248366013
0 0.3816176470588235 0.4398692810457516 0.025 0.07712418300653595
0 0.43272058823529413 0.45294117647058824 0.021323529411764706 0.07450980392156863
0 0.07904411764705882 0.3281045751633987 0.011029411764705883 0.04183006535947712
0 0.10625 0.3483660130718954 0.021323529411764706 0.050980392156862744
0 0.10735294117647058 0.32483660130718955 0.016176470588235296 0.043137254901960784
0 0.13455882352941176 0.32745098039215687 0.01764705882352941 0.058823529411764705
0 0.9908088235294118 0.40522875816993464 0.016911764705882352 0.06797385620915032
0 0.5764705882352941 0.6215686274509804 0.01764705882352941 0.040522875816993466
0 0.5893382352941177 0.6228758169934641 0.01838235294117647 0.0457516339869281
0 0.7088235294117647 0.6261437908496732 0.01764705882352941 0.0392156862745098