0 0.4661764705882353 0.6993464052287581 0.014705882352941176 0.05228758169934641
0 0.54375 0.742483660130719 0.011029411764705883 0.047058823529411764
0 0.506985294117647 0.6967320261437908 0.008088235294117648 0.044444444444444446
0 0.5158088235294118 0.6692810457516339 0.009558823529411765 0.04183006535947712
0 0.07977941176470588 0.25163398692810457 0.006617647058823529 0.027450980392156862
0 0.07757352941176471 0.2627450980392157 0.008088235294117648 0.01568627450980392
0 0.02536764705882353 0.19869281045751633 0.006617647058823529 0.018300653594771243
0 0.11102941176470588 0.19215686274509805 0.0058823529411764705 0.02091503267973856
0 0.09264705882352942 0.18627450980392157 0.0058823529411764705 0.022222222222222223
0 0.49669117647058825 0.1326797385620915 0.003676470588235294 0.01437908496732026
0 0.05625 0.2496732026143791 0.006617647058823529 0.023529411764705882
0 0.03419117647058824 0.26143790849673204 0.006617647058823529 0.01568627450980392
0 0.04522058823529412 0.2581699346405229 0.006617647058823529 0.01437908496732026
0 0.051470588235294115 0.2568627450980392 0.0058823529411764705 0.01699346405228758
0 0.06323529411764706 0.2568627450980392 0.0058823529411764705 0.01699346405228758
0 0.057352941176470586 0.257516339869281 0.007352941176470588 0.018300653594771243
0 0.003676470588235294 0.26666666666666666 0.0058823529411764705 0.026143790849673203
0 0.014705882352941176 0.2542483660130719 0.0058823529411764705 0.022222222222222223
0 0.07426470588235294 0.1627450980392157 0.007352941176470588 0.0196078431372549
0 0.08713235294117647 0.16470588235294117 0.006617647058823529 0.01568627450980392
0 0.09485294117647058 0.16209150326797386 0.0058823529411764705 0.02091503267973856
0 0.1025735294117647 0.15751633986928104 0.005147058823529412 0.022222222222222223
0 0.10110294117647059 0.16601307189542483 0.006617647058823529 0.02875816993464052
0 0.11029411764705882 0.16013071895424835 0.0058823529411764705 0.01437908496732026
0 0.06102941176470588 0.26666666666666666 0.007352941176470588 0.018300653594771243