0 0.6897058823529412 0.49019607843137253 0.01764705882352941 0.08888888888888889
0 0.6154411764705883 0.2 0.014705882352941176 0.05228758169934641
0 0.26066176470588237 0.20522875816993463 0.009558823529411765 0.06013071895424837
0 0.009558823529411765 0.3333333333333333 0.01911764705882353 0.0784313725490196
0 0.3382352941176471 0.20980392156862746 0.014705882352941176 0.05620915032679739
0 0.3448529411764706 0.21176470588235294 0.008823529411764706 0.0392156862745098
0 0.3492647058823529 0.20980392156862746 0.011764705882352941 0.06143790849673202
0 0.42205882352941176 0.14901960784313725 0.013235294117647059 0.054901960784313725
0 0.28051470588235294 0.050980392156862744 0.008088235294117648 0.044444444444444446
0 0.3551470588235294 0.08104575163398693 0.014705882352941176 0.02875816993464052
0 0.7338235294117647 0.16666666666666666 0.008823529411764706 0.0457516339869281
0 0.7286764705882353 0.16013071895424835 0.010294117647058823 0.040522875816993466
0 0.6860294117647059 0.10980392156862745 0.008823529411764706 0.04967320261437908
0 0.5025735294117647 0.2045751633986928 0.013970588235294118 0.06405228758169934
0 0.49669117647058825 0.19934640522875818 0.0125 0.05620915032679739
0 0.41507352941176473 0.09542483660130718 0.009558823529411765 0.03398692810457516
0 0.3981617647058823 0.03529411764705882 0.009558823529411765 0.04183006535947712
0 0.3573529411764706 0.03202614379084967 0.010294117647058823 0.03529411764705882