0 0.2989583333333333 0.8643518518518518 0.017708333333333333 0.07314814814814814
0 0.6752604166666667 0.7018518518518518 0.013020833333333334 0.05740740740740741
0 0.8731770833333333 0.862037037037037 0.024479166666666666 0.08703703703703704
0 0.7763020833333333 0.8907407407407407 0.027604166666666666 0.08148148148148149
0 0.6221354166666667 0.9236111111111112 0.016145833333333335 0.08611111111111111
0 0.6190104166666667 0.8643518518518518 0.0140625 0.058333333333333334
0 0.5981770833333333 0.8194444444444444 0.015104166666666667 0.06111111111111111
0 0.559375 0.8347222222222223 0.015625 0.06944444444444445
0 0.5338541666666666 0.7939814814814815 0.0125 0.049074074074074076
0 0.55234375 0.7597222222222222 0.0109375 0.04537037037037037
0 0.5830729166666667 0.7597222222222222 0.0109375 0.05462962962962963
0 0.6015625 0.7481481481481481 0.0125 0.05740740740740741
0 0.5205729166666667 0.687962962962963 0.011979166666666667 0.037037037037037035
0 0.5252604166666667 0.6435185185185185 0.0067708333333333336 0.037037037037037035
0 0.515625 0.6643518518518519 0.010416666666666666 0.03796296296296296
0 0.49635416666666665 0.6888888888888889 0.010416666666666666 0.046296296296296294
0 0.5177083333333333 0.612037037037037 0.009375 0.03518518518518519
0 0.5018229166666667 0.6125 0.009895833333333333 0.032407407407407406
0 0.48515625 0.6037037037037037 0.0078125 0.037037037037037035
0 0.51328125 0.5671296296296297 0.0067708333333333336 0.025
0 0.4630208333333333 0.5800925925925926 0.007291666666666667 0.028703703703703703
0 0.4747395833333333 0.5481481481481482 0.0078125 0.025925925925925925
0 0.49244791666666665 0.5523148148148148 0.0067708333333333336 0.028703703703703703
0 0.48723958333333334 0.5375 0.0067708333333333336 0.026851851851851852
0 0.4791666666666667 0.5162037037037037 0.005208333333333333 0.025
0 0.49973958333333335 0.49722222222222223 0.0036458333333333334 0.025925925925925925
0 0.46588541666666666 0.4837962962962963 0.0036458333333333334 0.023148148148148147
0 0.08229166666666667 0.5615740740740741 0.00625 0.032407407407407406
0 0.09713541666666667 0.5504629629629629 0.0067708333333333336 0.028703703703703703
0 0.16171875 0.4828703703703704 0.005729166666666666 0.017592592592592594
0 0.73203125 0.6935185185185185 0.0078125 0.03888888888888889
0 0.4080729166666667 0.4726851851851852 0.0046875 0.023148148148148147
0 0.40208333333333335 0.4726851851851852 0.005208333333333333 0.021296296296296296
0 0.45234375 0.46944444444444444 0.0046875 0.018518518518518517
0 0.4434895833333333 0.45231481481481484 0.0046875 0.01574074074074074
0 0.2 0.5157407407407407 0.005208333333333333 0.024074074074074074
0 0.19895833333333332 0.5078703703703704 0.00625 0.026851851851851852