0 0.02389705882352941 0.12810457516339868 0.011029411764705883 0.0392156862745098
0 0.23823529411764705 0.06993464052287582 0.007352941176470588 0.030065359477124184
0 0.6911764705882353 0.13790849673202615 0.010294117647058823 0.040522875816993466
0 0.7345588235294118 0.10261437908496732 0.0058823529411764705 0.03790849673202614
0 0.7617647058823529 0.11176470588235295 0.008823529411764706 0.027450980392156862
0 0.888235294117647 0.08235294117647059 0.007352941176470588 0.03398692810457516
0 0.4213235294117647 0.14640522875816994 0.007352941176470588 0.04183006535947712
0 0.5511029411764706 0.18562091503267975 0.011029411764705883 0.04183006535947712
0 0.8492647058823529 0.12091503267973856 0.007352941176470588 0.03790849673202614
0 0.861764705882353 0.11895424836601307 0.008823529411764706 0.03398692810457516
0 0.8591911764705882 0.12549019607843137 0.005147058823529412 0.02875816993464052
0 0.9422794117647059 0.14444444444444443 0.008088235294117648 0.040522875816993466
0 0.9466911764705882 0.14901960784313725 0.009558823529411765 0.03137254901960784
0 0.9540441176470589 0.1450980392156863 0.013970588235294118 0.03398692810457516
0 0.8904411764705882 0.2627450980392157 0.014705882352941176 0.06013071895424837
0 0.9308823529411765 0.26862745098039215 0.016176470588235296 0.058823529411764705
0 0.643014705882353 0.38169934640522873 0.015441176470588236 0.07320261437908497
0 0.6205882352941177 0.3718954248366013 0.020588235294117647 0.0718954248366013
0 0.6209558823529412 0.35751633986928105 0.013970588235294118 0.06666666666666667
0 0.5952205882352941 0.37973856209150325 0.015441176470588236 0.0718954248366013
0 0.600735294117647 0.3542483660130719 0.01764705882352941 0.06535947712418301
0 0.5911764705882353 0.36405228758169933 0.013235294117647059 0.0718954248366013
0 0.5599264705882353 0.3712418300653595 0.013970588235294118 0.07320261437908497
0 0.5683823529411764 0.35294117647058826 0.014705882352941176 0.06535947712418301
0 0.49264705882352944 0.42091503267973857 0.011764705882352941 0.07581699346405228
0 0.4632352941176471 0.27320261437908494 0.020588235294117647 0.03398692810457516
0 0.3463235294117647 0.369281045751634 0.01911764705882353 0.043137254901960784
0 0.45441176470588235 0.3790849673202614 0.016176470588235296 0.07320261437908497
0 0.4658088235294118 0.35947712418300654 0.016911764705882352 0.07581699346405228
0 0.475 0.38169934640522873 0.01764705882352941 0.06797385620915032
0 0.02022058823529412 0.24836601307189543 0.0125 0.04967320261437908
0 0.02426470588235294 0.33398692810457514 0.022058823529411766 0.048366013071895426
0 0.11066176470588235 0.36666666666666664 0.01838235294117647 0.0718954248366013
0 0.1922794117647059 0.36209150326797385 0.019852941176470587 0.07320261437908497
0 0.015073529411764706 0.6130718954248366 0.025735294117647058 0.10718954248366012
0 0.225 0.5803921568627451 0.023529411764705882 0.09934640522875816
0 0.3191176470588235 0.5189542483660131 0.025 0.09411764705882353
0 0.2775735294117647 0.8117647058823529 0.0375 0.11241830065359477
0 0.24558823529411763 0.7973856209150327 0.041176470588235294 0.10457516339869281
0 0.49963235294117647 0.6816993464052288 0.030147058823529412 0.09281045751633987