0 0.03177083333333333 0.02175925925925926 0.00625 0.019444444444444445
0 0.021875 0.3101851851851852 0.015625 0.027777777777777776
0 0.00625 0.24537037037037038 0.011458333333333333 0.02962962962962963
0 0.04739583333333333 0.21805555555555556 0.0125 0.026851851851851852
0 0.03958333333333333 0.20833333333333334 0.0125 0.020370370370370372
0 0.0390625 0.5833333333333334 0.0125 0.02962962962962963
0 0.17526041666666667 0.5361111111111111 0.044270833333333336 0.11851851851851852
0 0.20286458333333332 0.3800925925925926 0.04114583333333333 0.11574074074074074
0 0.11484375 0.3439814814814815 0.011979166666666667 0.032407407407407406
0 0.22604166666666667 0.2587962962962963 0.03854166666666667 0.11203703703703703
0 0.14010416666666667 0.14907407407407408 0.0125 0.027777777777777776
0 0.15598958333333332 0.12407407407407407 0.0109375 0.027777777777777776
0 0.2552083333333333 0.1087962962962963 0.03854166666666667 0.10277777777777777
0 0.41744791666666664 0.26851851851851855 0.009895833333333333 0.027777777777777776
0 0.4705729166666667 0.7541666666666667 0.0078125 0.019444444444444445
0 0.4622395833333333 0.7930555555555555 0.0109375 0.017592592592592594
0 0.34453125 0.9574074074074074 0.0109375 0.020370370370370372
0 0.21015625 0.9217592592592593 0.011979166666666667 0.019444444444444445
0 0.9848958333333333 0.49166666666666664 0.01875 0.020370370370370372
0 0.9208333333333333 0.28194444444444444 0.013541666666666667 0.026851851851851852