0 0.3176470588235294 0.661437908496732 0.0058823529411764705 0.013071895424836602
0 0.3341911764705882 0.565359477124183 0.008088235294117648 0.011764705882352941
0 0.38676470588235295 0.8183006535947712 0.008823529411764706 0.02091503267973856
0 0.2665441176470588 0.4366013071895425 0.006617647058823529 0.018300653594771243
0 0.060294117647058824 0.403921568627451 0.007352941176470588 0.00784313725490196
0 0.03786764705882353 0.4169934640522876 0.008088235294117648 0.00784313725490196
0 0.03602941176470588 0.41045751633986927 0.008823529411764706 0.00784313725490196
0 0.03860294117647059 0.40065359477124185 0.009558823529411765 0.009150326797385621
0 0.040808823529411765 0.3915032679738562 0.009558823529411765 0.009150326797385621
0 0.04889705882352941 0.3954248366013072 0.008088235294117648 0.009150326797385621
0 0.4323529411764706 0.8215686274509804 0.008823529411764706 0.01437908496732026
0 0.5569852941176471 0.6274509803921569 0.006617647058823529 0.01568627450980392
0 0.3264705882352941 0.19084967320261437 0.004411764705882353 0.01568627450980392
0 0.38823529411764707 0.06339869281045751 0.0058823529411764705 0.01699346405228758
0 0.38235294117647056 0.060784313725490195 0.004411764705882353 0.01437908496732026
0 0.6088235294117647 0.016339869281045753 0.0058823529411764705 0.030065359477124184
0 0.6150735294117647 0.03202614379084967 0.005147058823529412 0.0196078431372549