0 0.6735294117647059 0.9679738562091503 0.051470588235294115 0.06143790849673202
0 0.7044117647058824 0.973202614379085 0.022058823529411766 0.05359477124183006
0 0.8915441176470589 0.4130718954248366 0.03308823529411765 0.10718954248366012
0 0.8463235294117647 0.4013071895424837 0.027941176470588237 0.09934640522875816
0 0.7268382352941176 0.38562091503267976 0.028676470588235293 0.09411764705882353
0 0.3886029411764706 0.25163398692810457 0.01838235294117647 0.06928104575163399
0 0.35551470588235295 0.2111111111111111 0.015441176470588236 0.06666666666666667
0 0.33933823529411766 0.25620915032679736 0.019852941176470587 0.08104575163398693
0 0.32426470588235295 0.296078431372549 0.020588235294117647 0.08496732026143791
0 0.19705882352941176 0.2477124183006536 0.022058823529411766 0.07973856209150326
0 0.18051470588235294 0.26143790849673204 0.01838235294117647 0.06535947712418301
0 0.16397058823529412 0.24901960784313726 0.013235294117647059 0.0718954248366013
0 0.2786764705882353 0.025490196078431372 0.010294117647058823 0.03790849673202614