0 0.7338235294117647 0.9228758169934641 0.007352941176470588 0.047058823529411764
0 0.7470588235294118 0.9529411764705882 0.007352941176470588 0.03398692810457516
0 0.5007352941176471 0.6888888888888889 0.004411764705882353 0.023529411764705882
0 0.5022058823529412 0.6823529411764706 0.007352941176470588 0.02875816993464052
0 0.4577205882352941 0.6143790849673203 0.005147058823529412 0.023529411764705882
0 0.4540441176470588 0.6372549019607843 0.005147058823529412 0.022222222222222223
0 0.4713235294117647 0.5699346405228758 0.004411764705882353 0.01045751633986928
0 0.46286764705882355 0.5535947712418301 0.005147058823529412 0.011764705882352941
0 0.5319852941176471 0.5379084967320261 0.005147058823529412 0.01437908496732026
0 0.5033088235294118 0.4594771241830065 0.003676470588235294 0.011764705882352941
0 0.4650735294117647 0.4666666666666667 0.003676470588235294 0.013071895424836602