0 0.48072916666666665 0.21851851851851853 0.003125 0.011111111111111112
0 0.4744791666666667 0.2175925925925926 0.003125 0.012962962962962963
0 0.49166666666666664 0.26296296296296295 0.004166666666666667 0.014814814814814815
0 0.5104166666666666 0.2898148148148148 0.00625 0.027777777777777776
0 0.49947916666666664 0.2916666666666667 0.005208333333333333 0.020370370370370372
0 0.49114583333333334 0.29074074074074074 0.005208333333333333 0.018518518518518517
0 0.4828125 0.2861111111111111 0.005208333333333333 0.020370370370370372
0 0.509375 0.3111111111111111 0.00625 0.02962962962962963
0 0.5036458333333333 0.32407407407407407 0.007291666666666667 0.022222222222222223
0 0.5479166666666667 0.33611111111111114 0.00625 0.03148148148148148
0 0.3880208333333333 0.2175925925925926 0.003125 0.012962962962962963
0 0.4140625 0.23703703703703705 0.005208333333333333 0.014814814814814815
0 0.40520833333333334 0.2490740740740741 0.00625 0.016666666666666666
0 0.38958333333333334 0.24722222222222223 0.004166666666666667 0.016666666666666666
0 0.3723958333333333 0.2537037037037037 0.005208333333333333 0.018518518518518517
0 0.36041666666666666 0.2935185185185185 0.00625 0.024074074074074074
0 0.42135416666666664 0.3148148148148148 0.007291666666666667 0.025925925925925925
0 0.42239583333333336 0.31296296296296294 0.007291666666666667 0.018518518518518517
0 0.415625 0.34074074074074073 0.00625 0.022222222222222223
0 0.4161458333333333 0.33796296296296297 0.005208333333333333 0.024074074074074074
0 0.4395833333333333 0.3648148148148148 0.008333333333333333 0.03333333333333333
0 0.43645833333333334 0.40185185185185185 0.010416666666666666 0.02962962962962963
0 0.4359375 0.3990740740740741 0.009375 0.03148148148148148
0 0.42916666666666664 0.42592592592592593 0.008333333333333333 0.040740740740740744
0 0.4328125 0.425 0.005208333333333333 0.027777777777777776
0 0.4239583333333333 0.42962962962962964 0.00625 0.02962962962962963
0 0.5947916666666667 0.4166666666666667 0.010416666666666666 0.040740740740740744
0 0.5942708333333333 0.31203703703703706 0.005208333333333333 0.03148148148148148
0 0.65625 0.4027777777777778 0.00625 0.03888888888888889
0 0.6270833333333333 0.42314814814814816 0.00625 0.03518518518518519
0 0.6322916666666667 0.42407407407407405 0.008333333333333333 0.037037037037037035
0 0.6375 0.43333333333333335 0.010416666666666666 0.040740740740740744
0 0.7109375 0.44722222222222224 0.009375 0.03148148148148148
0 0.7265625 0.45185185185185184 0.009375 0.04814814814814815
0 0.7333333333333333 0.4583333333333333 0.00625 0.027777777777777776
0 0.7395833333333334 0.44814814814814813 0.00625 0.03333333333333333
0 0.7348958333333333 0.4444444444444444 0.007291666666666667 0.037037037037037035
0 0.7401041666666667 0.43333333333333335 0.009375 0.03333333333333333
0 0.8713541666666667 0.4675925925925926 0.011458333333333333 0.046296296296296294
0 0.7614583333333333 0.5092592592592593 0.016666666666666666 0.037037037037037035
0 0.7510416666666667 0.5092592592592593 0.014583333333333334 0.03333333333333333
0 0.796875 0.5259259259259259 0.014583333333333334 0.05185185185185185
0 0.8234375 0.5361111111111111 0.013541666666666667 0.04259259259259259
0 0.8229166666666666 0.575925925925926 0.010416666666666666 0.040740740740740744
0 0.7635416666666667 0.5842592592592593 0.014583333333333334 0.05
0 0.740625 0.5444444444444444 0.0125 0.044444444444444446
0 0.7348958333333333 0.5453703703703704 0.019791666666666666 0.04259259259259259
0 0.7364583333333333 0.8407407407407408 0.025 0.05925925925925926
0 0.7104166666666667 0.9564814814814815 0.029166666666666667 0.07962962962962963
0 0.5239583333333333 0.9657407407407408 0.029166666666666667 0.06851851851851852
0 0.4265625 0.9731481481481481 0.019791666666666666 0.053703703703703705
0 0.2760416666666667 0.8490740740740741 0.027083333333333334 0.10925925925925926
0 0.1859375 0.9185185185185185 0.030208333333333334 0.09259259259259259
0 0.014583333333333334 0.8351851851851851 0.027083333333333334 0.08888888888888889
0 0.07083333333333333 0.6314814814814815 0.020833333333333332 0.05555555555555555
0 0.23020833333333332 0.5546296296296296 0.014583333333333334 0.046296296296296294
0 0.22083333333333333 0.5009259259259259 0.010416666666666666 0.03888888888888889
0 0.23229166666666667 0.5055555555555555 0.0125 0.02962962962962963
0 0.23125 0.49722222222222223 0.010416666666666666 0.03148148148148148
0 0.06875 0.40925925925925927 0.008333333333333333 0.040740740740740744
0 0.05625 0.4111111111111111 0.008333333333333333 0.040740740740740744
0 0.25052083333333336 0.3435185185185185 0.007291666666666667 0.03148148148148148
0 0.23333333333333334 0.42407407407407405 0.010416666666666666 0.03333333333333333
0 0.2671875 0.4046296296296296 0.005208333333333333 0.027777777777777776
0 0.26875 0.39166666666666666 0.008333333333333333 0.03888888888888889
0 0.42083333333333334 0.6277777777777778 0.022916666666666665 0.06666666666666667
0 0.4244791666666667 0.6361111111111111 0.011458333333333333 0.03518518518518519
0 0.425 0.6185185185185185 0.0125 0.05555555555555555
0 0.64375 0.7018518518518518 0.016666666666666666 0.05555555555555555
0 0.5979166666666667 0.649074074074074 0.020833333333333332 0.06851851851851852
0 0.5989583333333334 0.6462962962962963 0.010416666666666666 0.04814814814814815
0 0.6505208333333333 0.4648148148148148 0.013541666666666667 0.044444444444444446
0 0.6661458333333333 0.46944444444444444 0.013541666666666667 0.04259259259259259
0 0.6770833333333334 0.4638888888888889 0.010416666666666666 0.03888888888888889
0 0.49583333333333335 0.3768518518518518 0.00625 0.024074074074074074
0 0.4942708333333333 0.37222222222222223 0.009375 0.02962962962962963
0 0.5140625 0.36203703703703705 0.007291666666666667 0.024074074074074074
0 0.5208333333333334 0.3814814814814815 0.008333333333333333 0.02962962962962963
0 0.49947916666666664 0.5009259259259259 0.013541666666666667 0.04259259259259259
0 0.5354166666666667 0.4861111111111111 0.014583333333333334 0.05
0 0.584375 0.4361111111111111 0.0125 0.03518518518518519
0 0.58125 0.48518518518518516 0.010416666666666666 0.04814814814814815
0 0.5770833333333333 0.5101851851851852 0.014583333333333334 0.04259259259259259
0 0.5109375 0.5787037037037037 0.015625 0.05
0 0.5114583333333333 0.5814814814814815 0.008333333333333333 0.040740740740740744
0 0.5145833333333333 0.5861111111111111 0.014583333333333334 0.046296296296296294
0 0.5479166666666667 0.5638888888888889 0.016666666666666666 0.04259259259259259
0 0.5927083333333333 0.587037037037037 0.016666666666666666 0.040740740740740744
0 0.5921875 0.5833333333333334 0.017708333333333333 0.05555555555555555
0 0.6041666666666666 0.5518518518518518 0.014583333333333334 0.04814814814814815
0 0.6046875 0.5518518518518518 0.007291666666666667 0.03333333333333333
0 0.3489583333333333 0.33611111111111114 0.00625 0.027777777777777776
0 0.340625 0.3592592592592593 0.008333333333333333 0.025925925925925925
0 0.34739583333333335 0.37222222222222223 0.007291666666666667 0.022222222222222223
0 0.3458333333333333 0.3731481481481482 0.010416666666666666 0.03148148148148148
0 0.3578125 0.3851851851851852 0.009375 0.02962962962962963
0 0.365625 0.4324074074074074 0.010416666666666666 0.03888888888888889
0 0.3494791666666667 0.46111111111111114 0.011458333333333333 0.037037037037037035
0 0.33541666666666664 0.46944444444444444 0.0125 0.03518518518518519
0 0.33958333333333335 0.5009259259259259 0.014583333333333334 0.03888888888888889
0 0.34270833333333334 0.49537037037037035 0.0125 0.03888888888888889
0 0.3296875 0.3907407407407407 0.009375 0.02962962962962963
0 0.3359375 0.39166666666666666 0.007291666666666667 0.03148148148148148
0 0.3140625 0.41759259259259257 0.007291666666666667 0.024074074074074074
0 0.3151041666666667 0.41388888888888886 0.009375 0.03518518518518519
0 0.3307291666666667 0.41759259259259257 0.009375 0.03148148148148148
0 0.325 0.4388888888888889 0.008333333333333333 0.03333333333333333
0 0.309375 0.43425925925925923 0.010416666666666666 0.03148148148148148
0 0.3067708333333333 0.4583333333333333 0.013541666666666667 0.03888888888888889
0 0.3109375 0.487962962962963 0.013541666666666667 0.04259259259259259
0 0.2713541666666667 0.47962962962962963 0.015625 0.037037037037037035
0 0.2875 0.47962962962962963 0.0125 0.04814814814814815
0 0.271875 0.45092592592592595 0.010416666666666666 0.03518518518518519
0 0.2734375 0.44722222222222224 0.009375 0.03518518518518519
0 0.7192708333333333 0.38796296296296295 0.009375 0.03888888888888889
0 0.7244791666666667 0.39166666666666666 0.005208333333333333 0.027777777777777776
0 0.7317708333333334 0.3907407407407407 0.007291666666666667 0.040740740740740744