0 0.33645833333333336 0.9694444444444444 0.019791666666666666 0.05925925925925926
0 0.42864583333333334 0.8189814814814815 0.015625 0.05277777777777778
0 0.48020833333333335 0.5819444444444445 0.0125 0.028703703703703703
0 0.4669270833333333 0.562037037037037 0.0078125 0.03333333333333333
0 0.4783854166666667 0.5222222222222223 0.009895833333333333 0.025925925925925925
0 0.4942708333333333 0.4736111111111111 0.00625 0.026851851851851852
0 0.525 0.5046296296296297 0.008333333333333333 0.02962962962962963
0 0.5072916666666667 0.42685185185185187 0.00625 0.020370370370370372
0 0.5213541666666667 0.4212962962962963 0.00625 0.022222222222222223
0 0.55390625 0.3675925925925926 0.005729166666666666 0.018518518518518517
0 0.7036458333333333 0.47638888888888886 0.00625 0.026851851851851852
0 0.5921875 0.2712962962962963 0.003125 0.011111111111111112
0 0.60078125 0.21666666666666667 0.0026041666666666665 0.007407407407407408
0 0.63359375 0.2152777777777778 0.0026041666666666665 0.006481481481481481
0 0.58671875 0.23935185185185184 0.0026041666666666665 0.008333333333333333
0 0.640625 0.24583333333333332 0.003125 0.010185185185185186
0 0.64921875 0.2912037037037037 0.0036458333333333334 0.012037037037037037
0 0.6640625 0.29583333333333334 0.003125 0.012037037037037037
0 0.65546875 0.275 0.0036458333333333334 0.011111111111111112
0 0.64765625 0.2625 0.0026041666666666665 0.010185185185185186
0 0.6481770833333333 0.24814814814814815 0.0026041666666666665 0.009259259259259259
0 0.6453125 0.23703703703703705 0.0020833333333333333 0.009259259259259259
0 0.6401041666666667 0.21481481481481482 0.0020833333333333333 0.007407407407407408
0 0.6372395833333333 0.20046296296296295 0.0015625 0.006481481481481481