0 0.060294117647058824 0.21830065359477124 0.014705882352941176 0.06535947712418301
0 0.19963235294117648 0.19019607843137254 0.008088235294117648 0.06143790849673202
0 0.21507352941176472 0.19411764705882353 0.016911764705882352 0.06143790849673202
0 0.20477941176470588 0.20392156862745098 0.013970588235294118 0.06274509803921569
0 0.20073529411764707 0.19607843137254902 0.007352941176470588 0.05228758169934641
0 0.25882352941176473 0.18823529411764706 0.011764705882352941 0.06274509803921569
0 0.28308823529411764 0.20392156862745098 0.011764705882352941 0.05751633986928104
0 0.29375 0.18627450980392157 0.009558823529411765 0.050980392156862744
0 0.2974264705882353 0.2045751633986928 0.011029411764705883 0.03790849673202614
0 0.30661764705882355 0.19084967320261437 0.008823529411764706 0.05751633986928104
0 0.33198529411764705 0.1934640522875817 0.006617647058823529 0.05228758169934641
0 0.3452205882352941 0.19084967320261437 0.009558823529411765 0.05751633986928104
0 0.3613970588235294 0.1954248366013072 0.0125 0.05620915032679739
0 0.36764705882352944 0.18627450980392157 0.008823529411764706 0.050980392156862744
0 0.3830882352941177 0.1843137254901961 0.008823529411764706 0.05228758169934641
0 0.3915441176470588 0.17124183006535948 0.009558823529411765 0.04967320261437908
0 0.39044117647058824 0.18888888888888888 0.010294117647058823 0.048366013071895426
0 0.4 0.21633986928104576 0.010294117647058823 0.05620915032679739
0 0.4011029411764706 0.17973856209150327 0.009558823529411765 0.0457516339869281
0 0.4073529411764706 0.19084967320261437 0.007352941176470588 0.04183006535947712
0 0.4213235294117647 0.17777777777777778 0.007352941176470588 0.04967320261437908
0 0.4275735294117647 0.19607843137254902 0.009558823529411765 0.02875816993464052
0 0.4338235294117647 0.1830065359477124 0.008823529411764706 0.0392156862745098
0 0.4297794117647059 0.17254901960784313 0.008088235294117648 0.044444444444444446
0 0.43419117647058825 0.16209150326797386 0.009558823529411765 0.04967320261437908
0 0.4386029411764706 0.17058823529411765 0.009558823529411765 0.05359477124183006
0 0.48125 0.2019607843137255 0.013970588235294118 0.043137254901960784
0 0.48455882352941176 0.18235294117647058 0.010294117647058823 0.050980392156862744
0 0.4536764705882353 0.31633986928104574 0.01764705882352941 0.07058823529411765
0 0.4514705882352941 0.3111111111111111 0.013235294117647059 0.06535947712418301
0 0.46544117647058825 0.32222222222222224 0.011764705882352941 0.05359477124183006
0 0.4658088235294118 0.31241830065359477 0.0125 0.06274509803921569
0 0.19301470588235295 0.47516339869281043 0.01838235294117647 0.08758169934640522
0 0.19669117647058823 0.4496732026143791 0.011029411764705883 0.02875816993464052
0 0.18566176470588236 0.46797385620915033 0.027205882352941177 0.03398692810457516
0 0.17205882352941176 0.4470588235294118 0.020588235294117647 0.06535947712418301
0 0.16139705882352942 0.44836601307189544 0.021323529411764706 0.08627450980392157
0 0.16029411764705884 0.45751633986928103 0.020588235294117647 0.0915032679738562
0 0.15257352941176472 0.48366013071895425 0.013970588235294118 0.05228758169934641
0 0.14338235294117646 0.4797385620915033 0.01911764705882353 0.08888888888888889
0 0.11323529411764706 0.469281045751634 0.023529411764705882 0.08888888888888889
0 0.12279411764705882 0.46143790849673205 0.022058823529411766 0.07581699346405228
0 0.6713235294117647 0.5444444444444444 0.022058823529411766 0.10065359477124183
0 0.49779411764705883 0.2607843137254902 0.013235294117647059 0.06143790849673202
0 0.5084558823529411 0.257516339869281 0.0125 0.06274509803921569
0 0.5775735294117647 0.2725490196078431 0.011029411764705883 0.06405228758169934
0 0.5683823529411764 0.32679738562091504 0.014705882352941176 0.06535947712418301
0 0.5871323529411765 0.2607843137254902 0.013970588235294118 0.05359477124183006
0 0.586764705882353 0.28431372549019607 0.011764705882352941 0.043137254901960784
0 0.5952205882352941 0.265359477124183 0.0125 0.06274509803921569
0 0.5345588235294118 0.42026143790849674 0.014705882352941176 0.05620915032679739
0 0.5466911764705882 0.41830065359477125 0.022794117647058822 0.08104575163398693
0 0.5768382352941176 0.4522875816993464 0.027205882352941177 0.08366013071895424
0 0.580514705882353 0.45359477124183006 0.011029411764705883 0.05228758169934641
0 0.6051470588235294 0.4973856209150327 0.025 0.08496732026143791
0 0.6235294117647059 0.49084967320261436 0.026470588235294117 0.08496732026143791
0 0.6386029411764705 0.4470588235294118 0.022794117647058822 0.07581699346405228
0 0.6419117647058824 0.43333333333333335 0.01764705882352941 0.08235294117647059
0 0.6426470588235295 0.31241830065359477 0.01764705882352941 0.05751633986928104
0 0.7191176470588235 0.2784313725490196 0.013235294117647059 0.06274509803921569
0 0.7797794117647059 0.3026143790849673 0.02426470588235294 0.043137254901960784
0 0.75625 0.2973856209150327 0.013970588235294118 0.05359477124183006
0 0.7702205882352942 0.2751633986928105 0.015441176470588236 0.03790849673202614
0 0.6654411764705882 0.27450980392156865 0.020588235294117647 0.06274509803921569
0 0.7058823529411765 0.24836601307189543 0.011764705882352941 0.0392156862745098
0 0.7099264705882353 0.24052287581699347 0.0125 0.05228758169934641
0 0.638235294117647 0.23071895424836603 0.011764705882352941 0.048366013071895426
0 0.6452205882352942 0.046405228758169936 0.005147058823529412 0.027450980392156862
0 0.6466911764705883 0.044444444444444446 0.006617647058823529 0.03137254901960784
0 0.6602941176470588 0.05947712418300653 0.004411764705882353 0.030065359477124184
0 0.7330882352941176 0.09019607843137255 0.007352941176470588 0.03398692810457516
0 0.7110294117647059 0.08235294117647059 0.007352941176470588 0.03398692810457516
0 0.70625 0.06470588235294118 0.005147058823529412 0.027450980392156862
0 0.7444852941176471 0.06797385620915032 0.005147058823529412 0.02875816993464052
0 0.7360294117647059 0.06470588235294118 0.004411764705882353 0.030065359477124184
0 0.7338235294117647 0.06470588235294118 0.0029411764705882353 0.030065359477124184
0 0.7283088235294117 0.06601307189542484 0.005147058823529412 0.02483660130718954
0 0.7238970588235294 0.06405228758169934 0.005147058823529412 0.02875816993464052
0 0.8102941176470588 0.2411764705882353 0.010294117647058823 0.05620915032679739
0 0.819485294117647 0.25882352941176473 0.019852941176470587 0.04967320261437908
0 0.8496323529411764 0.06797385620915032 0.005147058823529412 0.026143790849673203
0 0.8555147058823529 0.0673202614379085 0.006617647058823529 0.027450980392156862
0 0.8694852941176471 0.10784313725490197 0.006617647058823529 0.032679738562091505
0 0.8738970588235294 0.10457516339869281 0.006617647058823529 0.023529411764705882
0 0.8694852941176471 0.09215686274509804 0.008088235294117648 0.027450980392156862
0 0.8683823529411765 0.15163398692810456 0.008823529411764706 0.0392156862745098
0 0.8996323529411765 0.19411764705882353 0.0125 0.043137254901960784
0 0.8492647058823529 0.265359477124183 0.014705882352941176 0.044444444444444446
0 0.8419117647058824 0.31176470588235294 0.01911764705882353 0.03790849673202614
0 0.8455882352941176 0.3457516339869281 0.01911764705882353 0.0718954248366013
0 0.8345588235294118 0.34705882352941175 0.016176470588235296 0.06928104575163399
0 0.8334558823529412 0.34509803921568627 0.022794117647058822 0.04183006535947712
0 0.8518382352941176 0.369281045751634 0.011029411764705883 0.02483660130718954
0 0.9268382352941177 0.5581699346405229 0.027205882352941177 0.08627450980392157
0 0.07977941176470588 0.2045751633986928 0.01838235294117647 0.06405228758169934
0 0.3775735294117647 0.25947712418300656 0.011029411764705883 0.050980392156862744
0 0.36764705882352944 0.25620915032679736 0.011764705882352941 0.054901960784313725
0 0.40625 0.2529411764705882 0.011029411764705883 0.06143790849673202