0 0.03823529411764706 0.43529411764705883 0.020588235294117647 0.06797385620915032
0 0.4727941176470588 0.11633986928104575 0.0058823529411764705 0.013071895424836602
0 0.51875 0.14901960784313725 0.003676470588235294 0.01045751633986928
0 0.5150735294117647 0.2647058823529412 0.005147058823529412 0.01437908496732026
0 0.30625 0.330718954248366 0.006617647058823529 0.013071895424836602
0 0.3139705882352941 0.33986928104575165 0.0058823529411764705 0.013071895424836602
0 0.3238970588235294 0.3300653594771242 0.005147058823529412 0.01437908496732026
0 0.31985294117647056 0.361437908496732 0.004411764705882353 0.011764705882352941
0 0.3492647058823529 0.3908496732026144 0.0058823529411764705 0.01045751633986928
0 0.22904411764705881 0.8196078431372549 0.006617647058823529 0.01045751633986928
0 0.2363970588235294 0.8307189542483661 0.003676470588235294 0.009150326797385621
0 0.25 0.6352941176470588 0.0058823529411764705 0.01045751633986928
0 0.5253676470588236 0.8104575163398693 0.005147058823529412 0.013071895424836602
0 0.5202205882352942 0.8156862745098039 0.005147058823529412 0.00784313725490196
0 0.5143382352941176 0.8104575163398693 0.005147058823529412 0.013071895424836602
0 0.46286764705882355 0.826797385620915 0.006617647058823529 0.01437908496732026
0 0.4636029411764706 0.7784313725490196 0.006617647058823529 0.01437908496732026
0 0.44632352941176473 0.7496732026143791 0.007352941176470588 0.011764705882352941