0 0.028676470588235293 0.818954248366013 0.01764705882352941 0.03790849673202614
0 0.04632352941176471 0.7810457516339869 0.014705882352941176 0.027450980392156862
0 0.05514705882352941 0.7764705882352941 0.020588235294117647 0.036601307189542485
0 0.10735294117647058 0.9450980392156862 0.01764705882352941 0.02875816993464052
0 0.30808823529411766 0.9274509803921569 0.01764705882352941 0.027450980392156862
0 0.4261029411764706 0.938562091503268 0.0125 0.02875816993464052
0 0.15845588235294117 0.5359477124183006 0.013970588235294118 0.02875816993464052
0 0.2 0.5856209150326798 0.013235294117647059 0.03398692810457516
0 0.8371323529411765 0.7287581699346405 0.016911764705882352 0.030065359477124184
0 0.8661764705882353 0.661437908496732 0.016176470588235296 0.03137254901960784
0 0.9180147058823529 0.6947712418300653 0.01838235294117647 0.027450980392156862
0 0.9080882352941176 0.6895424836601307 0.01911764705882353 0.032679738562091505
0 0.8904411764705882 0.6941176470588235 0.014705882352941176 0.026143790849673203
0 0.8790441176470588 0.6941176470588235 0.0125 0.023529411764705882
0 0.7875 0.38169934640522873 0.011764705882352941 0.02875816993464052
0 0.4849264705882353 0.21176470588235294 0.009558823529411765 0.036601307189542485
0 0.41544117647058826 0.16470588235294117 0.011764705882352941 0.023529411764705882
0 0.39558823529411763 0.04771241830065359 0.004411764705882353 0.027450980392156862
0 0.3426470588235294 0.21764705882352942 0.010294117647058823 0.03529411764705882
0 0.30367647058823527 0.12810457516339868 0.008823529411764706 0.036601307189542485
0 0.31691176470588234 0.09934640522875816 0.011764705882352941 0.026143790849673203
0 0.17683823529411766 0.0718954248366013 0.005147058823529412 0.01045751633986928
0 0.18345588235294116 0.04771241830065359 0.005147058823529412 0.022222222222222223
0 0.18970588235294117 0.03790849673202614 0.008823529411764706 0.03137254901960784
0 0.1948529411764706 0.046405228758169936 0.008823529411764706 0.027450980392156862
0 0.13566176470588234 0.04183006535947712 0.005147058823529412 0.018300653594771243
0 0.13419117647058823 0.19607843137254902 0.011029411764705883 0.023529411764705882
0 0.13161764705882353 0.2699346405228758 0.011764705882352941 0.03529411764705882
0 0.12169117647058823 0.3130718954248366 0.015441176470588236 0.040522875816993466
0 0.026470588235294117 0.37254901960784315 0.01764705882352941 0.036601307189542485
0 0.02977941176470588 0.3993464052287582 0.015441176470588236 0.03529411764705882
0 0.016176470588235296 0.4398692810457516 0.016176470588235296 0.03790849673202614
0 0.6136029411764706 0.26209150326797387 0.0125 0.03790849673202614
0 0.6150735294117647 0.24901960784313726 0.0125 0.040522875816993466