0 0.9485294117647058 0.5084967320261438 0.010294117647058823 0.05228758169934641
0 0.7279411764705882 0.7679738562091504 0.014705882352941176 0.06405228758169934
0 0.8058823529411765 0.9529411764705882 0.01764705882352941 0.06274509803921569
0 0.8231617647058823 0.9673202614379085 0.015441176470588236 0.04967320261437908
0 0.16838235294117648 0.5751633986928104 0.016176470588235296 0.06274509803921569
0 0.1 0.5686274509803921 0.014705882352941176 0.07058823529411765
0 0.12389705882352942 0.5732026143790849 0.013970588235294118 0.06666666666666667
0 0.18455882352941178 0.5339869281045752 0.011764705882352941 0.0457516339869281
0 0.16875 0.5261437908496732 0.009558823529411765 0.0457516339869281
0 0.5720588235294117 0.35228758169934643 0.007352941176470588 0.03790849673202614
0 0.6628676470588235 0.42810457516339867 0.015441176470588236 0.0196078431372549
0 0.6797794117647059 0.41830065359477125 0.005147058823529412 0.0392156862745098
0 0.6830882352941177 0.4320261437908497 0.010294117647058823 0.05359477124183006
0 0.6930147058823529 0.4137254901960784 0.008088235294117648 0.0457516339869281
0 0.7709558823529412 0.46013071895424834 0.008088235294117648 0.02875816993464052
0 0.788235294117647 0.38300653594771245 0.008823529411764706 0.04183006535947712
0 0.16691176470588234 0.34183006535947713 0.007352941176470588 0.043137254901960784
0 0.15735294117647058 0.33725490196078434 0.007352941176470588 0.04183006535947712
0 0.4577205882352941 0.2830065359477124 0.005147058823529412 0.01699346405228758
0 0.46654411764705883 0.25359477124183005 0.0022058823529411764 0.013071895424836602
0 0.7448529411764706 0.43333333333333335 0.007352941176470588 0.03790849673202614
0 0.6356617647058823 0.3215686274509804 0.011029411764705883 0.023529411764705882
0 0.6448529411764706 0.34444444444444444 0.007352941176470588 0.03790849673202614
0 0.6735294117647059 0.3660130718954248 0.0029411764705882353 0.02875816993464052
0 0.6757352941176471 0.33790849673202616 0.004411764705882353 0.027450980392156862
0 0.6569852941176471 0.3392156862745098 0.006617647058823529 0.03790849673202614
0 0.6643382352941176 0.3366013071895425 0.005147058823529412 0.040522875816993466
0 0.8238970588235294 0.5104575163398692 0.008088235294117648 0.03790849673202614
0 0.8547794117647058 0.5516339869281046 0.013970588235294118 0.05228758169934641
0 0.8863970588235294 0.5607843137254902 0.013970588235294118 0.06274509803921569
0 0.8709558823529412 0.5215686274509804 0.009558823529411765 0.047058823529411764
0 0.8547794117647058 0.492156862745098 0.008088235294117648 0.05620915032679739
0 0.8694852941176471 0.49084967320261436 0.015441176470588236 0.06143790849673202
0 0.7268382352941176 0.5104575163398692 0.006617647058823529 0.03790849673202614
0 0.7448529411764706 0.5398692810457516 0.013235294117647059 0.06797385620915032