0 0.6864583333333333 0.7314814814814815 0.00625 0.022222222222222223
0 0.6911458333333333 0.8759259259259259 0.009375 0.037037037037037035
0 0.7083333333333334 0.8731481481481481 0.00625 0.03518518518518519
0 0.7197916666666667 0.9277777777777778 0.014583333333333334 0.040740740740740744
0 0.7244791666666667 0.912962962962963 0.009375 0.037037037037037035
0 0.73125 0.9453703703703704 0.010416666666666666 0.03518518518518519
0 0.8395833333333333 0.9537037037037037 0.008333333333333333 0.03333333333333333
0 0.9036458333333334 0.9092592592592592 0.009375 0.044444444444444446
0 0.9458333333333333 0.9138888888888889 0.010416666666666666 0.03888888888888889
0 0.9286458333333333 0.9361111111111111 0.011458333333333333 0.03888888888888889
0 0.590625 0.8046296296296296 0.00625 0.03148148148148148
0 0.5885416666666666 0.7481481481481481 0.00625 0.02962962962962963
0 0.6953125 0.6361111111111111 0.005208333333333333 0.024074074074074074
0 0.5442708333333334 0.737037037037037 0.007291666666666667 0.025925925925925925
0 0.5036458333333333 0.6138888888888889 0.007291666666666667 0.024074074074074074
0 0.49166666666666664 0.7101851851851851 0.00625 0.020370370370370372
0 0.4942708333333333 0.7666666666666667 0.009375 0.02962962962962963
0 0.49270833333333336 0.9185185185185185 0.0125 0.040740740740740744
0 0.5041666666666667 0.9277777777777778 0.008333333333333333 0.040740740740740744