0 0.09765625 0.2712962962962963 0.0067708333333333336 0.020370370370370372
0 0.1203125 0.28194444444444444 0.00625 0.028703703703703703
0 0.12578125 0.2824074074074074 0.0067708333333333336 0.027777777777777776
0 0.13046875 0.2865740740740741 0.005729166666666666 0.019444444444444445
0 0.13463541666666667 0.28703703703703703 0.0067708333333333336 0.022222222222222223
0 0.15729166666666666 0.3106481481481482 0.005208333333333333 0.028703703703703703
0 0.16927083333333334 0.3106481481481482 0.00625 0.026851851851851852
0 0.3033854166666667 0.2814814814814815 0.005729166666666666 0.016666666666666666
0 0.3234375 0.16111111111111112 0.004166666666666667 0.016666666666666666
0 0.3260416666666667 0.21851851851851853 0.004166666666666667 0.020370370370370372
0 0.32109375 0.24074074074074073 0.0046875 0.020370370370370372
0 0.3143229166666667 0.2199074074074074 0.0036458333333333334 0.017592592592592594
0 0.3140625 0.1962962962962963 0.004166666666666667 0.014814814814814815
0 0.32421875 0.19722222222222222 0.0036458333333333334 0.018518518518518517
0 0.33229166666666665 0.30833333333333335 0.005208333333333333 0.022222222222222223
0 0.43645833333333334 0.27870370370370373 0.005208333333333333 0.022222222222222223
0 0.44869791666666664 0.3347222222222222 0.0046875 0.025
0 0.4578125 0.34120370370370373 0.00625 0.025
0 0.42604166666666665 0.3685185185185185 0.007291666666666667 0.024074074074074074
0 0.4109375 0.38101851851851853 0.008333333333333333 0.025
0 0.41848958333333336 0.3962962962962963 0.0067708333333333336 0.03148148148148148
0 0.45677083333333335 0.3699074074074074 0.008333333333333333 0.023148148148148147
0 0.4361979166666667 0.42268518518518516 0.0078125 0.032407407407407406
0 0.0421875 0.5013888888888889 0.0125 0.03611111111111111
0 0.04401041666666667 0.4898148148148148 0.011979166666666667 0.03333333333333333
0 0.057291666666666664 0.4888888888888889 0.0125 0.03518518518518519
0 0.02421875 0.4439814814814815 0.008854166666666666 0.03425925925925926
0 0.03671875 0.4361111111111111 0.0109375 0.03518518518518519
0 0.04114583333333333 0.4166666666666667 0.009375 0.022222222222222223
0 0.05416666666666667 0.40694444444444444 0.008333333333333333 0.021296296296296296
0 0.40651041666666665 0.46111111111111114 0.008854166666666666 0.03888888888888889
0 0.41484375 0.4638888888888889 0.0078125 0.03888888888888889
0 0.42604166666666665 0.46435185185185185 0.007291666666666667 0.03611111111111111
0 0.37421875 0.4671296296296296 0.0067708333333333336 0.03611111111111111
0 0.36692708333333335 0.48703703703703705 0.005729166666666666 0.03148148148148148
0 0.3736979166666667 0.5013888888888889 0.0078125 0.03981481481481482
0 0.4861979166666667 0.38657407407407407 0.0067708333333333336 0.028703703703703703
0 0.48880208333333336 0.3726851851851852 0.0067708333333333336 0.023148148148148147
0 0.6231770833333333 0.3375 0.005729166666666666 0.021296296296296296
0 0.53671875 0.40555555555555556 0.0067708333333333336 0.025925925925925925
0 0.44036458333333334 0.5 0.0067708333333333336 0.025925925925925925
0 0.47213541666666664 0.5347222222222222 0.0109375 0.03796296296296296
0 0.4315104166666667 0.5537037037037037 0.0067708333333333336 0.04259259259259259
0 0.50625 0.5564814814814815 0.008333333333333333 0.046296296296296294
0 0.6296875 0.6606481481481481 0.009375 0.049074074074074076
0 0.6236979166666666 0.6092592592592593 0.0067708333333333336 0.037037037037037035
0 0.634375 0.6078703703703704 0.008333333333333333 0.04351851851851852
0 0.62734375 0.6305555555555555 0.009895833333333333 0.03518518518518519
0 0.6450520833333333 0.7398148148148148 0.011979166666666667 0.06111111111111111
0 0.6479166666666667 0.7800925925925926 0.008333333333333333 0.03611111111111111
0 0.35598958333333336 0.5055555555555555 0.008854166666666666 0.024074074074074074
0 0.3854166666666667 0.5532407407407407 0.0125 0.03981481481481482
0 0.34375 0.5777777777777777 0.007291666666666667 0.037037037037037035
0 0.3268229166666667 0.7939814814814815 0.0109375 0.05092592592592592
0 0.33958333333333335 0.7898148148148149 0.010416666666666666 0.053703703703703705
0 0.34739583333333335 0.8337962962962963 0.010416666666666666 0.058333333333333334
0 0.36822916666666666 0.8273148148148148 0.011458333333333333 0.03425925925925926
0 0.3671875 0.9689814814814814 0.010416666666666666 0.062037037037037036
0 0.33151041666666664 0.9888888888888889 0.018229166666666668 0.022222222222222223
0 0.4622395833333333 0.6462962962962963 0.009895833333333333 0.04259259259259259
0 0.47239583333333335 0.649074074074074 0.007291666666666667 0.05
0 0.4661458333333333 0.7916666666666666 0.010416666666666666 0.06481481481481481
0 0.4583333333333333 0.774074074074074 0.009375 0.06111111111111111
0 0.47213541666666664 0.7560185185185185 0.011979166666666667 0.05277777777777778
0 0.4591145833333333 0.7324074074074074 0.013020833333333334 0.046296296296296294
0 0.4627604166666667 0.7055555555555556 0.009895833333333333 0.04259259259259259
0 0.07005208333333333 0.6097222222222223 0.013020833333333334 0.03981481481481482
0 0.04895833333333333 0.5712962962962963 0.011458333333333333 0.02962962962962963
0 0.05364583333333333 0.5685185185185185 0.01875 0.04259259259259259
0 0.15494791666666666 0.5189814814814815 0.009895833333333333 0.03425925925925926
0 0.153125 0.3736111111111111 0.009375 0.032407407407407406
0 0.18723958333333332 0.4305555555555556 0.0078125 0.025925925925925925
0 0.16744791666666667 0.4125 0.013020833333333334 0.03425925925925926
0 0.16171875 0.3972222222222222 0.0067708333333333336 0.022222222222222223
0 0.18203125 0.3888888888888889 0.0067708333333333336 0.024074074074074074
0 0.23958333333333334 0.3314814814814815 0.00625 0.024074074074074074
0 0.23229166666666667 0.3685185185185185 0.00625 0.020370370370370372
0 0.21927083333333333 0.4101851851851852 0.008333333333333333 0.025925925925925925
0 0.20208333333333334 0.40694444444444444 0.009375 0.025
0 0.24895833333333334 0.3814814814814815 0.008333333333333333 0.024074074074074074
0 0.22369791666666666 0.31203703703703706 0.005729166666666666 0.022222222222222223
0 0.26145833333333335 0.29305555555555557 0.005208333333333333 0.023148148148148147
0 0.2643229166666667 0.3384259259259259 0.005729166666666666 0.026851851851851852
0 0.27317708333333335 0.33935185185185185 0.0067708333333333336 0.021296296296296296
0 0.35 0.40925925925925927 0.008333333333333333 0.03148148148148148
0 0.35989583333333336 0.48935185185185187 0.00625 0.028703703703703703
0 0.1875 0.3458333333333333 0.009375 0.026851851851851852