0 0.4764705882352941 0.058823529411764705 0.008823529411764706 0.05228758169934641
0 0.48308823529411765 0.06470588235294118 0.008823529411764706 0.03529411764705882
0 0.39742647058823527 0.1111111111111111 0.015441176470588236 0.054901960784313725
0 0.42169117647058824 0.1287581699346405 0.0125 0.05620915032679739
0 0.43014705882352944 0.13790849673202615 0.011764705882352941 0.03529411764705882
0 0.43161764705882355 0.17450980392156862 0.010294117647058823 0.05620915032679739
0 0.5007352941176471 0.2496732026143791 0.014705882352941176 0.06535947712418301
0 0.3297794117647059 0.5320261437908497 0.016911764705882352 0.07058823529411765
0 0.34816176470588234 0.515032679738562 0.022794117647058822 0.06274509803921569
0 0.34411764705882353 0.5588235294117647 0.01764705882352941 0.06928104575163399
0 0.35625 0.5581699346405229 0.016911764705882352 0.07058823529411765
0 0.23125 0.7137254901960784 0.025735294117647058 0.07581699346405228
0 0.2580882352941177 0.7248366013071895 0.020588235294117647 0.08758169934640522
0 0.24705882352941178 0.9738562091503268 0.025 0.05228758169934641
0 0.2213235294117647 0.9810457516339869 0.01764705882352941 0.03790849673202614
0 0.26948529411764705 0.9803921568627451 0.016911764705882352 0.0392156862745098
0 0.31838235294117645 0.954248366013072 0.026470588235294117 0.0915032679738562
0 0.3584558823529412 0.9509803921568627 0.027205882352941177 0.09803921568627451
0 0.4 0.9607843137254902 0.013235294117647059 0.05751633986928104
0 0.4375 0.9398692810457516 0.01911764705882353 0.05228758169934641
0 0.4488970588235294 0.969281045751634 0.02426470588235294 0.06143790849673202
0 0.5375 0.9137254901960784 0.014705882352941176 0.06797385620915032
0 0.5573529411764706 0.8973856209150327 0.01911764705882353 0.07450980392156863
0 0.5746323529411764 0.9241830065359478 0.016911764705882352 0.07581699346405228
0 0.47095588235294117 0.7254901960784313 0.019852941176470587 0.0784313725490196
0 0.9709558823529412 0.25359477124183005 0.021323529411764706 0.05228758169934641
0 0.8779411764705882 0.296078431372549 0.03235294117647059 0.05620915032679739
0 0.6922794117647059 0.9771241830065359 0.019852941176470587 0.0457516339869281
0 0.10845588235294118 0.02483660130718954 0.0125 0.04183006535947712
0 0.5404411764705882 0.0392156862745098 0.011764705882352941 0.047058823529411764
0 0.5595588235294118 0.027450980392156862 0.008823529411764706 0.04967320261437908
0 0.5507352941176471 0.03333333333333333 0.008823529411764706 0.032679738562091505
0 0.5702205882352941 0.06405228758169934 0.011029411764705883 0.05228758169934641
0 0.5705882352941176 0.03071895424836601 0.007352941176470588 0.043137254901960784
0 0.5669117647058823 0.01895424836601307 0.0058823529411764705 0.03529411764705882
0 0.49301470588235297 0.044444444444444446 0.009558823529411765 0.047058823529411764
0 0.4915441176470588 0.018300653594771243 0.006617647058823529 0.03398692810457516
0 0.4970588235294118 0.02091503267973856 0.010294117647058823 0.04183006535947712
0 0.5275735294117647 0.02091503267973856 0.009558823529411765 0.0392156862745098