0 0.3025735294117647 0.35751633986928105 0.013970588235294118 0.06666666666666667
0 0.4297794117647059 0.3869281045751634 0.011029411764705883 0.02875816993464052
0 0.4404411764705882 0.3934640522875817 0.013235294117647059 0.02875816993464052
0 0.5257352941176471 0.3869281045751634 0.01764705882352941 0.02875816993464052
0 0.5518382352941177 0.5326797385620915 0.015441176470588236 0.0718954248366013
0 0.5606617647058824 0.5241830065359477 0.008088235294117648 0.04967320261437908
0 0.705514705882353 0.777124183006536 0.027205882352941177 0.07973856209150326
0 0.799264705882353 0.6039215686274509 0.029411764705882353 0.07320261437908497
0 0.9628676470588236 0.1895424836601307 0.009558823529411765 0.03398692810457516
0 0.9283088235294118 0.4647058823529412 0.015441176470588236 0.050980392156862744
0 0.36801470588235297 0.8464052287581699 0.025735294117647058 0.06928104575163399