0 0.13125 0.07124183006535947 0.008088235294117648 0.02483660130718954
0 0.4007352941176471 0.4392156862745098 0.008823529411764706 0.026143790849673203
0 0.5077205882352941 0.43137254901960786 0.008088235294117648 0.02875816993464052
0 0.84375 0.7601307189542483 0.009558823529411765 0.030065359477124184
0 0.4488970588235294 0.1522875816993464 0.006617647058823529 0.022222222222222223
0 0.46875 0.06797385620915032 0.005147058823529412 0.023529411764705882
0 0.46948529411764706 0.12745098039215685 0.005147058823529412 0.02483660130718954
0 0.47352941176470587 0.1287581699346405 0.004411764705882353 0.02483660130718954
0 0.4647058823529412 0.06797385620915032 0.004411764705882353 0.023529411764705882
0 0.4823529411764706 0.1261437908496732 0.0058823529411764705 0.02483660130718954
0 0.6558823529411765 0.30392156862745096 0.008823529411764706 0.027450980392156862