0 0.58125 0.20046296296296295 0.0020833333333333333 0.010185185185185186
0 0.5916666666666667 0.2037037037037037 0.0020833333333333333 0.009259259259259259
0 0.5934895833333333 0.20416666666666666 0.0015625 0.010185185185185186
0 0.5411458333333333 0.19074074074074074 0.0020833333333333333 0.005555555555555556
0 0.5692708333333333 0.20925925925925926 0.0020833333333333333 0.005555555555555556
0 0.5666666666666667 0.2212962962962963 0.0020833333333333333 0.007407407407407408
0 0.5638020833333334 0.24953703703703703 0.0026041666666666665 0.012037037037037037
0 0.56640625 0.2537037037037037 0.0026041666666666665 0.011111111111111112
0 0.5692708333333333 0.24722222222222223 0.0020833333333333333 0.009259259259259259
0 0.5684895833333333 0.2412037037037037 0.0026041666666666665 0.010185185185185186
0 0.5658854166666667 0.26666666666666666 0.0026041666666666665 0.012962962962962963
0 0.5416666666666666 0.2523148148148148 0.003125 0.006481481481481481
0 0.540625 0.25972222222222224 0.003125 0.006481481481481481
0 0.553125 0.2791666666666667 0.003125 0.013888888888888888
0 0.5583333333333333 0.2740740740740741 0.003125 0.007407407407407408
0 0.5575520833333333 0.2861111111111111 0.0026041666666666665 0.012962962962962963
0 0.5625 0.29583333333333334 0.0020833333333333333 0.012037037037037037
0 0.5627604166666667 0.2912037037037037 0.0036458333333333334 0.013888888888888888
0 0.5278645833333333 0.26342592592592595 0.0026041666666666665 0.012037037037037037
0 0.5255208333333333 0.2777777777777778 0.0020833333333333333 0.012962962962962963
0 0.53671875 0.2689814814814815 0.0026041666666666665 0.008333333333333333
0 0.5359375 0.2791666666666667 0.0020833333333333333 0.008333333333333333
0 0.5510416666666667 0.3597222222222222 0.004166666666666667 0.010185185185185186
0 0.54140625 0.337037037037037 0.0036458333333333334 0.009259259259259259
0 0.5375 0.34814814814814815 0.003125 0.009259259259259259
0 0.5341145833333333 0.3351851851851852 0.0036458333333333334 0.009259259259259259
0 0.53359375 0.3388888888888889 0.0046875 0.011111111111111112
0 0.5247395833333334 0.32546296296296295 0.0026041666666666665 0.008333333333333333
0 0.5028645833333333 0.34074074074074073 0.0036458333333333334 0.014814814814814815
0 0.5013020833333334 0.3439814814814815 0.0026041666666666665 0.008333333333333333
0 0.5151041666666667 0.35462962962962963 0.003125 0.009259259259259259
0 0.5166666666666667 0.3625 0.003125 0.012037037037037037
0 0.50546875 0.3662037037037037 0.0036458333333333334 0.017592592592592594
0 0.56171875 0.37777777777777777 0.0036458333333333334 0.018518518518518517
0 0.53359375 0.40324074074074073 0.0036458333333333334 0.010185185185185186
0 0.5330729166666667 0.40879629629629627 0.0026041666666666665 0.010185185185185186
0 0.5393229166666667 0.42916666666666664 0.0036458333333333334 0.010185185185185186
0 0.5393229166666667 0.425462962962963 0.0036458333333333334 0.012037037037037037
0 0.5434895833333333 0.4476851851851852 0.0036458333333333334 0.012037037037037037
0 0.5427083333333333 0.4444444444444444 0.004166666666666667 0.012962962962962963
0 0.53984375 0.48148148148148145 0.005729166666666666 0.025925925925925925
0 0.53203125 0.45555555555555555 0.0046875 0.014814814814814815
0 0.52734375 0.44907407407407407 0.0036458333333333334 0.009259259259259259
0 0.5276041666666667 0.4439814814814815 0.004166666666666667 0.012037037037037037
0 0.5208333333333334 0.4666666666666667 0.005208333333333333 0.012962962962962963
0 0.44479166666666664 0.5592592592592592 0.005208333333333333 0.027777777777777776
0 0.49296875 0.46296296296296297 0.0046875 0.012962962962962963
0 0.5111979166666667 0.5032407407407408 0.0046875 0.017592592592592594
0 0.48072916666666665 0.4777777777777778 0.00625 0.016666666666666666
0 0.4830729166666667 0.4986111111111111 0.0046875 0.01574074074074074
0 0.5091145833333334 0.5935185185185186 0.005729166666666666 0.020370370370370372
0 0.51171875 0.5953703703703703 0.0036458333333333334 0.020370370370370372
0 0.4861979166666667 0.700925925925926 0.0109375 0.025925925925925925
0 0.5130208333333334 0.6981481481481482 0.007291666666666667 0.020370370370370372
0 0.5127604166666667 0.6916666666666667 0.0067708333333333336 0.020370370370370372
0 0.49322916666666666 0.7402777777777778 0.011458333333333333 0.03611111111111111
0 0.49244791666666665 0.7379629629629629 0.0078125 0.020370370370370372
0 0.3921875 0.7467592592592592 0.007291666666666667 0.03981481481481482
0 0.4010416666666667 0.7513888888888889 0.008333333333333333 0.041666666666666664
0 0.41875 0.7462962962962963 0.00625 0.025925925925925925
0 0.4630208333333333 0.7925925925925926 0.008333333333333333 0.025925925925925925
0 0.46328125 0.7856481481481481 0.008854166666666666 0.019444444444444445
0 0.46510416666666665 0.7870370370370371 0.008333333333333333 0.03518518518518519
0 0.39921875 0.825925925925926 0.008854166666666666 0.03148148148148148
0 0.40078125 0.8217592592592593 0.0067708333333333336 0.028703703703703703
0 0.24635416666666668 0.5819444444444445 0.008333333333333333 0.023148148148148147
0 0.1375 0.7490740740740741 0.0125 0.044444444444444446
0 0.14322916666666666 0.8208333333333333 0.013541666666666667 0.026851851851851852
0 0.1296875 0.825 0.013541666666666667 0.03333333333333333
0 0.09427083333333333 0.8851851851851852 0.011458333333333333 0.027777777777777776
0 0.07760416666666667 0.9087962962962963 0.009375 0.025
0 0.06536458333333334 0.9046296296296297 0.013020833333333334 0.02962962962962963
0 0.04635416666666667 0.9518518518518518 0.016666666666666666 0.03148148148148148
0 0.05807291666666667 0.9601851851851851 0.011979166666666667 0.022222222222222223
0 0.043229166666666666 0.9810185185185185 0.013541666666666667 0.026851851851851852
0 0.03046875 0.9763888888888889 0.008854166666666666 0.032407407407407406
0 0.02265625 0.9925925925925926 0.008854166666666666 0.014814814814814815
0 0.0109375 0.9898148148148148 0.010416666666666666 0.016666666666666666
0 0.32786458333333335 0.9712962962962963 0.011979166666666667 0.044444444444444446
0 0.30442708333333335 0.9898148148148148 0.008854166666666666 0.020370370370370372
0 0.47760416666666666 0.9893518518518518 0.011458333333333333 0.017592592592592594
0 0.36015625 0.9787037037037037 0.015104166666666667 0.02962962962962963
0 0.35885416666666664 0.9319444444444445 0.010416666666666666 0.026851851851851852
0 0.3606770833333333 0.9259259259259259 0.0109375 0.03333333333333333