0 0.7716911764705883 0.6130718954248366 0.011029411764705883 0.03398692810457516
0 0.9363970588235294 0.6522875816993464 0.0125 0.044444444444444446
0 0.7286764705882353 0.2908496732026144 0.0058823529411764705 0.03529411764705882
0 0.7139705882352941 0.26209150326797387 0.007352941176470588 0.027450980392156862
0 0.7363970588235295 0.29150326797385623 0.006617647058823529 0.03137254901960784
0 0.7426470588235294 0.2934640522875817 0.0058823529411764705 0.032679738562091505
0 0.7514705882352941 0.28366013071895424 0.0058823529411764705 0.02091503267973856
0 0.5301470588235294 0.21241830065359477 0.0058823529411764705 0.01699346405228758
0 0.5389705882352941 0.16405228758169935 0.004411764705882353 0.02483660130718954
0 0.5231617647058824 0.13137254901960785 0.005147058823529412 0.01437908496732026
0 0.48455882352941176 0.030065359477124184 0.004411764705882353 0.01568627450980392