0 0.47757352941176473 0.20784313725490197 0.0022058823529411764 0.01045751633986928
0 0.31838235294117645 0.9235294117647059 0.020588235294117647 0.06405228758169934
0 0.41911764705882354 0.2973856209150327 0.004411764705882353 0.022222222222222223
0 0.4264705882352941 0.338562091503268 0.007352941176470588 0.02875816993464052
0 0.4415441176470588 0.3183006535947712 0.005147058823529412 0.02483660130718954
0 0.6727941176470589 0.46339869281045754 0.007352941176470588 0.040522875816993466
0 0.38823529411764707 0.5418300653594771 0.007352941176470588 0.03529411764705882
0 0.38933823529411765 0.5379084967320261 0.009558823529411765 0.040522875816993466
0 0.5470588235294118 0.4627450980392157 0.010294117647058823 0.03398692810457516
0 0.5676470588235294 0.3790849673202614 0.004411764705882353 0.026143790849673203
0 0.45845588235294116 0.30196078431372547 0.003676470588235294 0.018300653594771243
0 0.4588235294117647 0.29934640522875816 0.0029411764705882353 0.018300653594771243
0 0.47058823529411764 0.24444444444444444 0.0029411764705882353 0.01045751633986928
0 0.4540441176470588 0.26666666666666666 0.003676470588235294 0.013071895424836602
0 0.45183823529411765 0.25947712418300656 0.003676470588235294 0.011764705882352941
0 0.5466911764705882 0.2751633986928105 0.005147058823529412 0.01699346405228758
0 0.5496323529411765 0.2777777777777778 0.0022058823529411764 0.009150326797385621
0 0.13051470588235295 0.5477124183006536 0.009558823529411765 0.0392156862745098