0 0.18345588235294116 0.07712418300653595 0.008088235294117648 0.018300653594771243
0 0.23823529411764705 0.21176470588235294 0.008823529411764706 0.03137254901960784
0 0.10294117647058823 0.5522875816993464 0.023529411764705882 0.06405228758169934
0 0.13014705882352942 0.4843137254901961 0.016176470588235296 0.050980392156862744
0 0.13088235294117648 0.9183006535947712 0.03823529411764706 0.06405228758169934
0 0.3426470588235294 0.969281045751634 0.026470588235294117 0.06143790849673202
0 0.44779411764705884 0.009150326797385621 0.0058823529411764705 0.018300653594771243
0 0.44485294117647056 0.00980392156862745 0.004411764705882353 0.0196078431372549
0 0.45955882352941174 0.01045751633986928 0.004411764705882353 0.02091503267973856
0 0.47205882352941175 0.021568627450980392 0.004411764705882353 0.0196078431372549
0 0.46544117647058825 0.047058823529411764 0.0058823529411764705 0.023529411764705882
0 0.4625 0.09934640522875816 0.0058823529411764705 0.026143790849673203
0 0.4551470588235294 0.10196078431372549 0.004411764705882353 0.026143790849673203
0 0.5441176470588235 0.11503267973856209 0.0058823529411764705 0.02875816993464052
0 0.5511029411764706 0.10980392156862745 0.005147058823529412 0.026143790849673203
0 0.5496323529411765 0.10392156862745099 0.006617647058823529 0.02483660130718954
0 0.5632352941176471 0.08300653594771241 0.0058823529411764705 0.02483660130718954
0 0.5308823529411765 0.18366013071895426 0.0058823529411764705 0.032679738562091505
0 0.5349264705882353 0.17973856209150327 0.008088235294117648 0.03790849673202614
0 0.5459558823529411 0.1830065359477124 0.009558823529411765 0.03398692810457516
0 0.5455882352941176 0.21045751633986928 0.008823529411764706 0.036601307189542485
0 0.4860294117647059 0.2784313725490196 0.013235294117647059 0.03398692810457516
0 0.48419117647058824 0.26601307189542484 0.009558823529411765 0.02483660130718954
0 0.4922794117647059 0.24705882352941178 0.009558823529411765 0.0392156862745098
0 0.4878676470588235 0.23529411764705882 0.009558823529411765 0.036601307189542485
0 0.6080882352941176 0.13856209150326798 0.0058823529411764705 0.02875816993464052
0 0.6091911764705882 0.15816993464052287 0.006617647058823529 0.02875816993464052
0 0.66875 0.22483660130718955 0.011029411764705883 0.04183006535947712
0 0.5400735294117647 0.45555555555555555 0.008088235294117648 0.05359477124183006
0 0.5202205882352942 0.43790849673202614 0.013970588235294118 0.05228758169934641
0 0.42573529411764705 0.29150326797385623 0.007352941176470588 0.04183006535947712
0 0.41875 0.29411764705882354 0.008088235294117648 0.04183006535947712
0 0.4183823529411765 0.2901960784313726 0.008823529411764706 0.04183006535947712
0 0.44669117647058826 0.3156862745098039 0.008088235294117648 0.048366013071895426
0 0.46875 0.35947712418300654 0.0125 0.047058823529411764
0 0.6691176470588235 0.3254901960784314 0.010294117647058823 0.044444444444444446
0 0.6643382352941176 0.3202614379084967 0.011029411764705883 0.044444444444444446
0 0.6900735294117647 0.32222222222222224 0.009558823529411765 0.0457516339869281
0 0.5709558823529411 0.24509803921568626 0.008088235294117648 0.040522875816993466
0 0.5893382352941177 0.2529411764705882 0.009558823529411765 0.03790849673202614
0 0.5996323529411764 0.26601307189542484 0.008088235294117648 0.03790849673202614
0 0.7378676470588236 0.8758169934640523 0.025735294117647058 0.06274509803921569
0 0.6952205882352941 0.23333333333333334 0.009558823529411765 0.0457516339869281
0 0.7025735294117647 0.23398692810457516 0.008088235294117648 0.04183006535947712
0 0.7113970588235294 0.23398692810457516 0.006617647058823529 0.036601307189542485
0 0.7121323529411765 0.24052287581699347 0.006617647058823529 0.0392156862745098
0 0.7150735294117647 0.238562091503268 0.006617647058823529 0.03529411764705882
0 0.7220588235294118 0.24836601307189543 0.010294117647058823 0.044444444444444446
0 0.7242647058823529 0.25555555555555554 0.008823529411764706 0.043137254901960784
0 0.7301470588235294 0.2522875816993464 0.0058823529411764705 0.04183006535947712
0 0.7411764705882353 0.25882352941176473 0.011764705882352941 0.044444444444444446
0 0.7599264705882353 0.2522875816993464 0.009558823529411765 0.0392156862745098
0 0.768014705882353 0.26405228758169935 0.011029411764705883 0.04183006535947712
0 0.7444852941176471 0.30130718954248364 0.011029411764705883 0.0457516339869281
0 0.7294117647058823 0.33464052287581697 0.008823529411764706 0.044444444444444446
0 0.7481617647058824 0.4320261437908497 0.006617647058823529 0.030065359477124184
0 0.9716911764705882 0.6169934640522876 0.01838235294117647 0.07058823529411765
0 0.7705882352941177 0.44836601307189544 0.010294117647058823 0.036601307189542485
0 0.7852941176470588 0.43594771241830066 0.011764705882352941 0.05359477124183006
0 0.8150735294117647 0.5248366013071896 0.013970588235294118 0.058823529411764705
0 0.8709558823529412 0.47581699346405226 0.011029411764705883 0.04183006535947712
0 0.88125 0.4745098039215686 0.011029411764705883 0.05751633986928104
0 0.8474264705882353 0.29934640522875816 0.009558823529411765 0.04183006535947712
0 0.8727941176470588 0.29934640522875816 0.011764705882352941 0.04183006535947712