0 0.13419117647058823 0.15947712418300652 0.006617647058823529 0.01045751633986928
0 0.8202205882352941 0.0673202614379085 0.008088235294117648 0.01437908496732026
0 0.8761029411764706 0.045098039215686274 0.006617647058823529 0.01699346405228758
0 0.8823529411764706 0.05032679738562092 0.0058823529411764705 0.011764705882352941
0 0.9154411764705882 0.025490196078431372 0.007352941176470588 0.01437908496732026
0 0.7834558823529412 0.2 0.009558823529411765 0.013071895424836602
0 0.6216911764705882 0.7836601307189542 0.005147058823529412 0.009150326797385621
0 0.6213235294117647 0.792156862745098 0.0058823529411764705 0.00784313725490196
0 0.6088235294117647 0.1934640522875817 0.004411764705882353 0.00784313725490196
0 0.5948529411764706 0.19411764705882353 0.004411764705882353 0.011764705882352941
0 0.5963235294117647 0.1830065359477124 0.0058823529411764705 0.00784313725490196
0 0.6330882352941176 0.07124183006535947 0.0058823529411764705 0.009150326797385621
0 0.6389705882352941 0.0718954248366013 0.004411764705882353 0.00784313725490196
0 0.2261029411764706 0.17777777777777778 0.003676470588235294 0.01045751633986928
0 0.03419117647058824 0.0738562091503268 0.008088235294117648 0.011764705882352941
0 0.08198529411764706 0.12352941176470589 0.006617647058823529 0.011764705882352941
0 0.015441176470588236 0.13660130718954247 0.008823529411764706 0.009150326797385621
0 0.06102941176470588 0.16405228758169935 0.007352941176470588 0.011764705882352941
0 0.09411764705882353 0.15490196078431373 0.007352941176470588 0.011764705882352941
0 0.12904411764705884 0.18823529411764706 0.005147058823529412 0.013071895424836602
0 0.004779411764705883 0.2169934640522876 0.008088235294117648 0.013071895424836602
0 0.012867647058823529 0.2130718954248366 0.009558823529411765 0.01045751633986928
0 0.006617647058823529 0.24183006535947713 0.010294117647058823 0.00784313725490196
0 0.04154411764705882 0.17647058823529413 0.006617647058823529 0.01045751633986928
0 0.04852941176470588 0.1843137254901961 0.004411764705882353 0.00784313725490196
0 0.16397058823529412 0.18235294117647058 0.007352941176470588 0.009150326797385621
0 0.09852941176470588 0.2673202614379085 0.0029411764705882353 0.006535947712418301
0 0.15514705882352942 0.30718954248366015 0.007352941176470588 0.00784313725490196
0 0.1761029411764706 0.24444444444444444 0.005147058823529412 0.01045751633986928
0 0.19926470588235295 0.22418300653594772 0.008823529411764706 0.011764705882352941
0 0.18235294117647058 0.14640522875816994 0.008823529411764706 0.00784313725490196