0 0.1171875 0.4388888888888889 0.013541666666666667 0.05185185185185185
0 0.4921875 0.4324074074074074 0.011458333333333333 0.053703703703703705
0 0.2953125 0.30462962962962964 0.007291666666666667 0.03148148148148148
0 0.2838541666666667 0.2740740740740741 0.005208333333333333 0.025925925925925925
0 0.31979166666666664 0.22870370370370371 0.004166666666666667 0.024074074074074074
0 0.2526041666666667 0.8824074074074074 0.026041666666666668 0.10555555555555556
0 0.2390625 0.700925925925926 0.021875 0.07592592592592592
0 0.11666666666666667 0.8240740740740741 0.022916666666666665 0.08518518518518518
0 0.10416666666666667 0.6787037037037037 0.01875 0.06851851851851852
0 0.25416666666666665 0.45 0.0125 0.044444444444444446
0 0.32083333333333336 0.32685185185185184 0.008333333333333333 0.024074074074074074
0 0.35260416666666666 0.23055555555555557 0.005208333333333333 0.012962962962962963
0 0.36354166666666665 0.2074074074074074 0.004166666666666667 0.014814814814814815
0 0.3671875 0.21944444444444444 0.003125 0.012962962962962963
0 0.44635416666666666 0.2212962962962963 0.003125 0.012962962962962963
0 0.4635416666666667 0.22777777777777777 0.004166666666666667 0.011111111111111112
0 0.4479166666666667 0.21851851851851853 0.004166666666666667 0.011111111111111112
0 0.42083333333333334 0.2490740740740741 0.004166666666666667 0.020370370370370372
0 0.42135416666666664 0.2796296296296296 0.007291666666666667 0.014814814814814815
0 0.42135416666666664 0.2740740740740741 0.007291666666666667 0.014814814814814815
0 0.44375 0.2675925925925926 0.00625 0.012962962962962963
0 0.4453125 0.26296296296296295 0.005208333333333333 0.011111111111111112
0 0.4276041666666667 0.29444444444444445 0.011458333333333333 0.018518518518518517
0 0.42552083333333335 0.3 0.009375 0.018518518518518517
0 0.4041666666666667 0.3148148148148148 0.00625 0.018518518518518517
0 0.42135416666666664 0.43333333333333335 0.009375 0.03333333333333333
0 0.5015625 0.7277777777777777 0.017708333333333333 0.06666666666666667
0 0.45364583333333336 0.5935185185185186 0.017708333333333333 0.05740740740740741
0 0.4979166666666667 0.6083333333333333 0.016666666666666666 0.05740740740740741
0 0.5286458333333334 0.6175925925925926 0.009375 0.03888888888888889
0 0.528125 0.6 0.016666666666666666 0.05925925925925926
0 0.4625 0.5185185185185185 0.010416666666666666 0.044444444444444446
0 0.44895833333333335 0.48148148148148145 0.008333333333333333 0.018518518518518517
0 0.44895833333333335 0.4685185185185185 0.010416666666666666 0.025925925925925925
0 0.47552083333333334 0.46574074074074073 0.007291666666666667 0.04259259259259259
0 0.4817708333333333 0.44537037037037036 0.007291666666666667 0.03888888888888889
0 0.509375 0.4444444444444444 0.01875 0.044444444444444446
0 0.5140625 0.43796296296296294 0.007291666666666667 0.046296296296296294
0 0.48854166666666665 0.5194444444444445 0.010416666666666666 0.05
0 0.26979166666666665 0.2824074074074074 0.00625 0.020370370370370372
0 0.6604166666666667 0.8537037037037037 0.025 0.07407407407407407
0 0.6609375 0.8416666666666667 0.030208333333333334 0.07222222222222222
0 0.4979166666666667 0.33425925925925926 0.010416666666666666 0.027777777777777776
0 0.49270833333333336 0.33240740740740743 0.010416666666666666 0.027777777777777776
0 0.4786458333333333 0.3824074074074074 0.011458333333333333 0.024074074074074074
0 0.46979166666666666 0.3490740740740741 0.008333333333333333 0.027777777777777776
0 0.5072916666666667 0.5111111111111111 0.016666666666666666 0.044444444444444446
0 0.26197916666666665 0.2759259259259259 0.009375 0.025925925925925925
0 0.2989583333333333 0.2722222222222222 0.00625 0.022222222222222223
0 0.4479166666666667 0.28888888888888886 0.00625 0.018518518518518517