0 0.2520833333333333 0.8101851851851852 0.013541666666666667 0.044444444444444446
0 0.31875 0.8027777777777778 0.0125 0.03148148148148148
0 0.31666666666666665 0.8166666666666667 0.011458333333333333 0.027777777777777776
0 0.26484375 0.6666666666666666 0.011979166666666667 0.027777777777777776
0 0.28619791666666666 0.5365740740740741 0.009895833333333333 0.026851851851851852
0 0.2171875 0.5175925925925926 0.010416666666666666 0.03148148148148148
0 0.45208333333333334 0.4638888888888889 0.008333333333333333 0.03518518518518519
0 0.4703125 0.4708333333333333 0.010416666666666666 0.028703703703703703
0 0.37942708333333336 0.4217592592592593 0.0078125 0.026851851851851852
0 0.38984375 0.4027777777777778 0.008854166666666666 0.027777777777777776
0 0.3729166666666667 0.3962962962962963 0.008333333333333333 0.022222222222222223
0 0.3971354166666667 0.3800925925925926 0.0078125 0.023148148148148147
0 0.41354166666666664 0.3509259259259259 0.008333333333333333 0.020370370370370372
0 0.39036458333333335 0.3490740740740741 0.008854166666666666 0.025925925925925925
0 0.4036458333333333 0.33611111111111114 0.007291666666666667 0.018518518518518517
0 0.49453125 0.324537037037037 0.005729166666666666 0.023148148148148147
0 0.4591145833333333 0.3148148148148148 0.005729166666666666 0.018518518518518517
0 0.40911458333333334 0.29444444444444445 0.0067708333333333336 0.020370370370370372
0 0.21953125 0.7310185185185185 0.013020833333333334 0.05462962962962963
0 0.20130208333333333 0.7046296296296296 0.0109375 0.053703703703703705
0 0.17760416666666667 0.7111111111111111 0.010416666666666666 0.04814814814814815
0 0.17916666666666667 0.7037037037037037 0.0125 0.05
0 0.15338541666666666 0.7217592592592592 0.0109375 0.05092592592592592
0 0.15364583333333334 0.6981481481481482 0.0125 0.053703703703703705
0 0.22421875 0.4263888888888889 0.008854166666666666 0.03425925925925926
0 0.2703125 0.4050925925925926 0.007291666666666667 0.03425925925925926
0 0.23645833333333333 0.4287037037037037 0.009375 0.02962962962962963
0 0.25026041666666665 0.41759259259259257 0.0067708333333333336 0.024074074074074074
0 0.265625 0.5226851851851851 0.011458333333333333 0.032407407407407406
0 0.30494791666666665 0.48148148148148145 0.008854166666666666 0.024074074074074074
0 0.30807291666666664 0.47638888888888886 0.0078125 0.026851851851851852
0 0.25729166666666664 0.3736111111111111 0.009375 0.030555555555555555
0 0.23385416666666667 0.38796296296296295 0.007291666666666667 0.03148148148148148
0 0.2390625 0.3787037037037037 0.007291666666666667 0.03148148148148148
0 0.3770833333333333 0.300462962962963 0.005208333333333333 0.025
0 0.3578125 0.3449074074074074 0.005208333333333333 0.026851851851851852
0 0.24765625 0.3560185185185185 0.008854166666666666 0.019444444444444445
0 0.23098958333333333 0.2861111111111111 0.005729166666666666 0.012962962962962963
0 0.21666666666666667 0.2912037037037037 0.008333333333333333 0.023148148148148147
0 0.23828125 0.25925925925925924 0.005729166666666666 0.020370370370370372
0 0.72890625 0.5027777777777778 0.0109375 0.037037037037037035
0 0.6177083333333333 0.32546296296296295 0.00625 0.028703703703703703
0 0.4864583333333333 0.2898148148148148 0.004166666666666667 0.014814814814814815
0 0.48671875 0.2851851851851852 0.005729166666666666 0.016666666666666666
0 0.5104166666666666 0.2777777777777778 0.00625 0.018518518518518517
0 0.4973958333333333 0.25277777777777777 0.005208333333333333 0.020370370370370372
0 0.48098958333333336 0.26666666666666666 0.0046875 0.016666666666666666
0 0.4049479166666667 0.25601851851851853 0.0046875 0.021296296296296296
0 0.42265625 0.23703703703703705 0.0046875 0.014814814814814815
0 0.43671875 0.19814814814814816 0.0046875 0.012962962962962963
0 0.64453125 0.3962962962962963 0.005729166666666666 0.018518518518518517
0 0.4671875 0.1824074074074074 0.003125 0.014814814814814815
0 0.47213541666666664 0.18333333333333332 0.0046875 0.014814814814814815
0 0.3984375 0.17824074074074073 0.003125 0.01574074074074074
0 0.4075520833333333 0.1837962962962963 0.0036458333333333334 0.012037037037037037