0 0.3176470588235294 0.7457516339869281 0.008823529411764706 0.050980392156862744
0 0.3338235294117647 0.7411764705882353 0.011764705882352941 0.03137254901960784
0 0.3025735294117647 0.6777777777777778 0.008088235294117648 0.027450980392156862
0 0.5643382352941176 0.8130718954248366 0.015441176470588236 0.054901960784313725
0 0.4944852941176471 0.4496732026143791 0.006617647058823529 0.026143790849673203
0 0.5466911764705882 0.4503267973856209 0.006617647058823529 0.02483660130718954
0 0.5261029411764706 0.28169934640522876 0.003676470588235294 0.01437908496732026
0 0.5099264705882353 0.23529411764705882 0.003676470588235294 0.00784313725490196
0 0.5911764705882353 0.3542483660130719 0.0058823529411764705 0.02091503267973856
0 0.58125 0.2784313725490196 0.003676470588235294 0.01568627450980392
0 0.6345588235294117 0.4934640522875817 0.0058823529411764705 0.032679738562091505
0 0.606985294117647 0.5078431372549019 0.006617647058823529 0.02483660130718954
0 0.61875 0.403921568627451 0.005147058823529412 0.02091503267973856
0 0.6783088235294118 0.7496732026143791 0.008088235294117648 0.03529411764705882
0 0.6959558823529411 0.7849673202614379 0.006617647058823529 0.050980392156862744
0 0.7003676470588235 0.7797385620915033 0.006617647058823529 0.050980392156862744