0 0.6041666666666666 0.6324074074074074 0.01875 0.046296296296296294
0 0.36666666666666664 0.4305555555555556 0.014583333333333334 0.03148148148148148
0 0.41354166666666664 0.15 0.00625 0.007407407407407408
0 0.3890625 0.39537037037037037 0.009375 0.020370370370370372
0 0.5119791666666667 0.2777777777777778 0.007291666666666667 0.007407407407407408
0 0.4359375 0.24722222222222223 0.007291666666666667 0.009259259259259259
0 0.5322916666666667 0.30648148148148147 0.00625 0.016666666666666666
0 0.5322916666666667 0.29444444444444445 0.008333333333333333 0.025925925925925925
0 0.29739583333333336 0.28888888888888886 0.007291666666666667 0.014814814814814815
0 0.3 0.2851851851851852 0.00625 0.014814814814814815
0 0.29010416666666666 0.4861111111111111 0.015625 0.03148148148148148
0 0.5609375 0.4074074074074074 0.007291666666666667 0.02962962962962963