0 0.5647058823529412 0.4477124183006536 0.010294117647058823 0.032679738562091505
0 0.5661764705882353 0.4666666666666667 0.011764705882352941 0.03137254901960784
0 0.5411764705882353 0.29869281045751633 0.010294117647058823 0.050980392156862744
0 0.5639705882352941 0.38758169934640524 0.013235294117647059 0.05359477124183006
0 0.5852941176470589 0.42549019607843136 0.010294117647058823 0.06928104575163399
0 0.600735294117647 0.4287581699346405 0.008823529411764706 0.06013071895424837
0 0.606985294117647 0.37058823529411766 0.011029411764705883 0.050980392156862744
0 0.5066176470588235 0.2045751633986928 0.010294117647058823 0.050980392156862744
0 0.4933823529411765 0.18758169934640523 0.010294117647058823 0.043137254901960784
0 0.4801470588235294 0.24836601307189543 0.013235294117647059 0.05228758169934641
0 0.45330882352941176 0.29869281045751633 0.008088235294117648 0.050980392156862744
0 0.4319852941176471 0.29215686274509806 0.0125 0.058823529411764705
0 0.41801470588235295 0.22745098039215686 0.013970588235294118 0.054901960784313725
0 0.41102941176470587 0.34248366013071896 0.008823529411764706 0.06013071895424837
0 0.4036764705882353 0.32679738562091504 0.007352941176470588 0.05228758169934641
0 0.4209558823529412 0.33137254901960783 0.009558823529411765 0.058823529411764705
0 0.9433823529411764 0.6398692810457516 0.014705882352941176 0.058823529411764705
0 0.5264705882352941 0.24313725490196078 0.010294117647058823 0.03137254901960784
0 0.19705882352941176 0.3908496732026144 0.016176470588235296 0.05751633986928104
0 0.23786764705882352 0.38300653594771245 0.01838235294117647 0.06274509803921569
0 0.7794117647058824 0.11764705882352941 0.007352941176470588 0.03398692810457516
0 0.6441176470588236 0.6882352941176471 0.020588235294117647 0.05359477124183006
0 0.6540441176470588 0.8614379084967321 0.02426470588235294 0.06013071895424837
0 0.6503676470588236 0.8392156862745098 0.01838235294117647 0.05751633986928104
0 0.5838235294117647 0.40784313725490196 0.010294117647058823 0.05228758169934641
0 0.6099264705882353 0.05032679738562092 0.009558823529411765 0.030065359477124184
0 0.2363970588235294 0.5725490196078431 0.01838235294117647 0.044444444444444446