0 0.015441176470588236 0.8712418300653595 0.014705882352941176 0.040522875816993466
0 0.1338235294117647 0.984313725490196 0.01911764705882353 0.03137254901960784
0 0.22977941176470587 0.7888888888888889 0.011029411764705883 0.05359477124183006
0 0.28308823529411764 0.7130718954248366 0.013235294117647059 0.050980392156862744
0 0.2761029411764706 0.7137254901960784 0.011029411764705883 0.05228758169934641
0 0.20588235294117646 0.7784313725490196 0.016176470588235296 0.05359477124183006
0 0.2875 0.6026143790849673 0.010294117647058823 0.036601307189542485
0 0.3360294117647059 0.5333333333333333 0.008823529411764706 0.036601307189542485
0 0.33345588235294116 0.49607843137254903 0.008088235294117648 0.032679738562091505
0 0.37022058823529413 0.4568627450980392 0.005147058823529412 0.022222222222222223
0 0.3014705882352941 0.307843137254902 0.004411764705882353 0.01699346405228758
0 0.31066176470588236 0.3058823529411765 0.003676470588235294 0.01568627450980392
0 0.31213235294117647 0.3065359477124183 0.005147058823529412 0.01699346405228758
0 0.3180147058823529 0.30196078431372547 0.003676470588235294 0.01045751633986928
0 0.3948529411764706 0.39019607843137255 0.0058823529411764705 0.0196078431372549
0 0.35110294117647056 0.38169934640522873 0.005147058823529412 0.023529411764705882
0 0.35404411764705884 0.37777777777777777 0.005147058823529412 0.023529411764705882
0 0.37683823529411764 0.33725490196078434 0.005147058823529412 0.018300653594771243
0 0.38786764705882354 0.3405228758169935 0.003676470588235294 0.0196078431372549
0 0.4128676470588235 0.32222222222222224 0.003676470588235294 0.01699346405228758
0 0.4158088235294118 0.32483660130718955 0.003676470588235294 0.011764705882352941
0 0.4319852941176471 0.3026143790849673 0.005147058823529412 0.01437908496732026
0 0.7268382352941176 0.9065359477124183 0.015441176470588236 0.050980392156862744
0 0.6595588235294118 0.8398692810457516 0.01764705882352941 0.03529411764705882
0 0.6966911764705882 0.6189542483660131 0.011029411764705883 0.027450980392156862
0 0.6136029411764706 0.5790849673202615 0.011029411764705883 0.03398692810457516
0 0.6547794117647059 0.5483660130718955 0.008088235294117648 0.0196078431372549
0 0.6599264705882353 0.5490196078431373 0.008088235294117648 0.036601307189542485
0 0.7720588235294118 0.626797385620915 0.008823529411764706 0.040522875816993466
0 0.7827205882352941 0.630718954248366 0.006617647058823529 0.040522875816993466
0 0.7551470588235294 0.6254901960784314 0.010294117647058823 0.022222222222222223
0 0.763235294117647 0.6235294117647059 0.010294117647058823 0.02091503267973856
0 0.7488970588235294 0.6189542483660131 0.009558823529411765 0.022222222222222223
0 0.7647058823529411 0.5816993464052288 0.008823529411764706 0.03398692810457516
0 0.7952205882352941 0.5790849673202615 0.009558823529411765 0.03398692810457516
0 0.7875 0.5437908496732026 0.007352941176470588 0.02875816993464052
0 0.7797794117647059 0.534640522875817 0.006617647058823529 0.023529411764705882
0 0.7102941176470589 0.4973856209150327 0.007352941176470588 0.032679738562091505
0 0.7165441176470588 0.46143790849673205 0.005147058823529412 0.02875816993464052
0 0.6955882352941176 0.44575163398692813 0.004411764705882353 0.023529411764705882
0 0.6830882352941177 0.4477124183006536 0.0058823529411764705 0.02483660130718954
0 0.6845588235294118 0.44313725490196076 0.0058823529411764705 0.02875816993464052
0 0.56875 0.39738562091503266 0.005147058823529412 0.01568627450980392
0 0.5463235294117647 0.3006535947712418 0.004411764705882353 0.013071895424836602
0 0.5941176470588235 0.3300653594771242 0.004411764705882353 0.0196078431372549
0 0.5996323529411764 0.33464052287581697 0.005147058823529412 0.01568627450980392
0 0.6036764705882353 0.3333333333333333 0.004411764705882353 0.018300653594771243
0 0.6091911764705882 0.33464052287581697 0.005147058823529412 0.018300653594771243