0 0.49322916666666666 0.26064814814814813 0.0020833333333333333 0.008333333333333333
0 0.4986979166666667 0.2916666666666667 0.0026041666666666665 0.009259259259259259
0 0.49375 0.29814814814814816 0.0020833333333333333 0.007407407407407408
0 0.5111979166666667 0.3402777777777778 0.0036458333333333334 0.01574074074074074
0 0.48515625 0.38425925925925924 0.0046875 0.018518518518518517
0 0.4388020833333333 0.4310185185185185 0.0046875 0.01574074074074074
0 0.525 0.4041666666666667 0.004166666666666667 0.013888888888888888
0 0.5565104166666667 0.48055555555555557 0.005729166666666666 0.014814814814814815
0 0.5536458333333333 0.48333333333333334 0.004166666666666667 0.012962962962962963
0 0.52578125 0.4439814814814815 0.0046875 0.013888888888888888
0 0.52265625 0.45601851851851855 0.0036458333333333334 0.010185185185185186
0 0.5216145833333333 0.4527777777777778 0.0046875 0.014814814814814815
0 0.5140625 0.4564814814814815 0.004166666666666667 0.014814814814814815
0 0.5059895833333333 0.44074074074074077 0.005729166666666666 0.014814814814814815
0 0.49895833333333334 0.4444444444444444 0.005208333333333333 0.016666666666666666
0 0.46484375 0.43472222222222223 0.0046875 0.012037037037037037
0 0.4622395833333333 0.45601851851851855 0.0046875 0.023148148148148147
0 0.4552083333333333 0.45185185185185184 0.005208333333333333 0.024074074074074074
0 0.44557291666666665 0.449537037037037 0.0046875 0.01574074074074074
0 0.4393229166666667 0.46805555555555556 0.0046875 0.025
0 0.43359375 0.487962962962963 0.0067708333333333336 0.025925925925925925
0 0.4434895833333333 0.4986111111111111 0.0046875 0.013888888888888888
0 0.48932291666666666 0.49166666666666664 0.0026041666666666665 0.012962962962962963
0 0.4869791666666667 0.49074074074074076 0.005208333333333333 0.016666666666666666
0 0.48411458333333335 0.4898148148148148 0.005729166666666666 0.016666666666666666
0 0.5450520833333333 0.5486111111111112 0.0067708333333333336 0.032407407407407406
0 0.5684895833333333 0.5921296296296297 0.0078125 0.032407407407407406
0 0.5453125 0.600462962962963 0.007291666666666667 0.023148148148148147
0 0.4466145833333333 0.5532407407407407 0.0046875 0.019444444444444445
0 0.43984375 0.575925925925926 0.005729166666666666 0.03148148148148148
0 0.465625 0.5694444444444444 0.005208333333333333 0.018518518518518517
0 0.47552083333333334 0.6046296296296296 0.00625 0.022222222222222223
0 0.46432291666666664 0.6050925925925926 0.0078125 0.023148148148148147
0 0.5515625 0.7782407407407408 0.008333333333333333 0.03425925925925926
0 0.57890625 0.8138888888888889 0.0109375 0.025925925925925925
0 0.5796875 0.8074074074074075 0.005208333333333333 0.012962962962962963
0 0.42604166666666665 0.750462962962963 0.008333333333333333 0.032407407407407406
0 0.4234375 0.7689814814814815 0.005208333333333333 0.01574074074074074
0 0.47161458333333334 0.9592592592592593 0.015104166666666667 0.03148148148148148
0 0.97578125 0.986574074074074 0.013020833333333334 0.026851851851851852
0 0.9598958333333333 0.975 0.011458333333333333 0.046296296296296294
0 0.93828125 0.9819444444444444 0.008854166666666666 0.030555555555555555
0 0.8825520833333333 0.9092592592592592 0.0078125 0.03518518518518519
0 0.8950520833333333 0.8671296296296296 0.011979166666666667 0.032407407407407406
0 0.875 0.8685185185185185 0.011458333333333333 0.03333333333333333
0 0.8515625 0.8203703703703704 0.013541666666666667 0.03888888888888889
0 0.8442708333333333 0.799074074074074 0.010416666666666666 0.025925925925925925
0 0.8263020833333333 0.7356481481481482 0.009895833333333333 0.04722222222222222
0 0.8604166666666667 0.7425925925925926 0.010416666666666666 0.040740740740740744
0 0.8822916666666667 0.7444444444444445 0.00625 0.03148148148148148
0 0.88125 0.7296296296296296 0.00625 0.024074074074074074
0 0.7575520833333333 0.6601851851851852 0.0036458333333333334 0.016666666666666666
0 0.7549479166666667 0.6708333333333333 0.0078125 0.03981481481481482
0 0.7354166666666667 0.6787037037037037 0.011458333333333333 0.022222222222222223
0 0.8111979166666666 0.6092592592592593 0.0078125 0.024074074074074074
0 0.79140625 0.5282407407407408 0.005729166666666666 0.030555555555555555
0 0.77265625 0.5365740740740741 0.0067708333333333336 0.030555555555555555
0 0.7677083333333333 0.5388888888888889 0.004166666666666667 0.022222222222222223
0 0.7057291666666666 0.5268518518518519 0.008333333333333333 0.024074074074074074
0 0.68828125 0.5208333333333334 0.005729166666666666 0.030555555555555555
0 0.734375 0.5050925925925925 0.00625 0.025
0 0.7028645833333333 0.46064814814814814 0.005729166666666666 0.013888888888888888
0 0.7377604166666667 0.46944444444444444 0.0067708333333333336 0.016666666666666666
0 0.7322916666666667 0.47824074074074074 0.003125 0.019444444444444445
0 0.7299479166666667 0.47685185185185186 0.0036458333333333334 0.020370370370370372
0 0.7559895833333333 0.475462962962963 0.0046875 0.023148148148148147
0 0.7729166666666667 0.46805555555555556 0.005208333333333333 0.017592592592592594
0 0.7166666666666667 0.4638888888888889 0.005208333333333333 0.014814814814814815
0 0.7895833333333333 0.47314814814814815 0.004166666666666667 0.020370370370370372
0 0.8044270833333333 0.43703703703703706 0.0036458333333333334 0.022222222222222223
0 0.7770833333333333 0.4013888888888889 0.003125 0.012037037037037037
0 0.7716145833333333 0.4050925925925926 0.0046875 0.025
0 0.7536458333333333 0.3837962962962963 0.004166666666666667 0.01574074074074074
0 0.76328125 0.3472222222222222 0.0036458333333333334 0.014814814814814815
0 0.765625 0.35138888888888886 0.0020833333333333333 0.010185185185185186
0 0.7703125 0.3449074074074074 0.003125 0.013888888888888888
0 0.79375 0.38935185185185184 0.003125 0.010185185185185186
0 0.8 0.3861111111111111 0.003125 0.020370370370370372
0 0.8096354166666667 0.37824074074074077 0.0046875 0.017592592592592594
0 0.80234375 0.37175925925925923 0.0046875 0.017592592592592594