0 0.3547794117647059 0.6457516339869281 0.005147058823529412 0.02875816993464052
0 0.3650735294117647 0.6372549019607843 0.005147058823529412 0.027450980392156862
0 0.3790441176470588 0.6130718954248366 0.005147058823529412 0.026143790849673203
0 0.38566176470588237 0.6084967320261437 0.005147058823529412 0.027450980392156862
0 0.3915441176470588 0.6071895424836601 0.005147058823529412 0.02483660130718954
0 0.39926470588235297 0.6032679738562091 0.004411764705882353 0.027450980392156862
0 0.3981617647058823 0.5954248366013072 0.005147058823529412 0.027450980392156862
0 0.3963235294117647 0.5947712418300654 0.004411764705882353 0.026143790849673203
0 0.4051470588235294 0.5973856209150327 0.004411764705882353 0.026143790849673203
0 0.4051470588235294 0.5869281045751634 0.004411764705882353 0.026143790849673203
0 0.41507352941176473 0.5862745098039216 0.005147058823529412 0.02483660130718954
0 0.4455882352941177 0.5620915032679739 0.004411764705882353 0.026143790849673203
0 0.4827205882352941 0.5823529411764706 0.003676470588235294 0.02483660130718954
0 0.48198529411764707 0.5875816993464053 0.003676470588235294 0.02483660130718954
0 0.45808823529411763 0.4993464052287582 0.0029411764705882353 0.023529411764705882
0 0.45073529411764707 0.49869281045751634 0.0029411764705882353 0.01699346405228758
0 0.4551470588235294 0.5071895424836601 0.004411764705882353 0.02091503267973856
0 0.46139705882352944 0.5019607843137255 0.003676470588235294 0.02091503267973856
0 0.6091911764705882 0.5986928104575163 0.005147058823529412 0.018300653594771243
0 0.6150735294117647 0.5934640522875817 0.006617647058823529 0.026143790849673203
0 0.6136029411764706 0.5673202614379085 0.005147058823529412 0.02091503267973856
0 0.6033088235294117 0.5633986928104575 0.005147058823529412 0.023529411764705882
0 0.6176470588235294 0.5607843137254902 0.004411764705882353 0.023529411764705882
0 0.5477941176470589 0.5529411764705883 0.004411764705882353 0.02091503267973856
0 0.55 0.5287581699346405 0.004411764705882353 0.022222222222222223
0 0.5625 0.5281045751633987 0.004411764705882353 0.02091503267973856
0 0.5533088235294118 0.5516339869281046 0.005147058823529412 0.018300653594771243
0 0.5588235294117647 0.5241830065359477 0.0029411764705882353 0.018300653594771243
0 0.5547794117647059 0.5215686274509804 0.003676470588235294 0.018300653594771243
0 0.5613970588235294 0.5104575163398692 0.003676470588235294 0.0196078431372549
0 0.5650735294117647 0.5117647058823529 0.003676470588235294 0.0196078431372549
0 0.5735294117647058 0.530718954248366 0.004411764705882353 0.018300653594771243
0 0.4933823529411765 0.46405228758169936 0.004411764705882353 0.018300653594771243
0 0.5 0.46601307189542485 0.0029411764705882353 0.0196078431372549
0 0.49669117647058825 0.46797385620915033 0.003676470588235294 0.018300653594771243
0 0.5319852941176471 0.4915032679738562 0.005147058823529412 0.02091503267973856
0 0.5316176470588235 0.4843137254901961 0.004411764705882353 0.01699346405228758
0 0.5470588235294118 0.4673202614379085 0.004411764705882353 0.01699346405228758
0 0.5625 0.46797385620915033 0.004411764705882353 0.01568627450980392
0 0.5944852941176471 0.5098039215686274 0.005147058823529412 0.02091503267973856
0 0.5665441176470588 0.4895424836601307 0.003676470588235294 0.0196078431372549
0 0.5698529411764706 0.4947712418300654 0.004411764705882353 0.0196078431372549
0 0.5801470588235295 0.4993464052287582 0.004411764705882353 0.02091503267973856
0 0.5856617647058824 0.5006535947712418 0.005147058823529412 0.018300653594771243
0 0.5566176470588236 0.4666666666666667 0.004411764705882353 0.01568627450980392
0 0.84375 0.43529411764705883 0.003676470588235294 0.01568627450980392
0 0.8610294117647059 0.37973856209150325 0.0029411764705882353 0.011764705882352941
0 0.8643382352941177 0.39477124183006534 0.0022058823529411764 0.01568627450980392
0 0.7216911764705882 0.47124183006535947 0.003676470588235294 0.01437908496732026
0 0.6665441176470588 0.49019607843137253 0.003676470588235294 0.018300653594771243
0 0.6683823529411764 0.492156862745098 0.0029411764705882353 0.01699346405228758
0 0.6705882352941176 0.492156862745098 0.0029411764705882353 0.01699346405228758
0 0.6599264705882353 0.5117647058823529 0.005147058823529412 0.022222222222222223
0 0.6525735294117647 0.49607843137254903 0.003676470588235294 0.01699346405228758