0 0.7213541666666666 0.887962962962963 0.015625 0.03888888888888889
0 0.7239583333333334 0.8935185185185185 0.0125 0.03518518518518519
0 0.6901041666666666 0.3351851851851852 0.005208333333333333 0.022222222222222223
0 0.6520833333333333 0.34629629629629627 0.004166666666666667 0.011111111111111112
0 0.4041666666666667 0.3611111111111111 0.00625 0.022222222222222223
0 0.41302083333333334 0.2574074074074074 0.005208333333333333 0.014814814814814815
0 0.44427083333333334 0.26851851851851855 0.003125 0.014814814814814815
0 0.4197916666666667 0.2222222222222222 0.004166666666666667 0.018518518518518517
0 0.4984375 0.19814814814814816 0.003125 0.014814814814814815
0 0.5015625 0.19814814814814816 0.003125 0.014814814814814815
0 0.46979166666666666 0.18055555555555555 0.0020833333333333333 0.009259259259259259