0 0.42463235294117646 0.03986928104575163 0.005147058823529412 0.01437908496732026
0 0.40294117647058825 0.056862745098039215 0.0029411764705882353 0.0196078431372549
0 0.5338235294117647 0.028104575163398694 0.0058823529411764705 0.01699346405228758
0 0.5323529411764706 0.05163398692810457 0.0029411764705882353 0.011764705882352941
0 0.5330882352941176 0.05032679738562092 0.0029411764705882353 0.01437908496732026
0 0.2757352941176471 0.03725490196078431 0.0058823529411764705 0.02483660130718954
0 0.3205882352941177 0.14836601307189543 0.004411764705882353 0.030065359477124184
0 0.31948529411764703 0.12287581699346405 0.005147058823529412 0.02091503267973856
0 0.7323529411764705 0.5287581699346405 0.010294117647058823 0.058823529411764705
0 0.5525735294117647 0.8098039215686275 0.0125 0.040522875816993466
0 0.5525735294117647 0.7862745098039216 0.015441176470588236 0.043137254901960784
0 0.6080882352941176 0.34509803921568627 0.008823529411764706 0.04183006535947712
0 0.5963235294117647 0.3405228758169935 0.008823529411764706 0.043137254901960784
0 0.6393382352941176 0.2065359477124183 0.008088235294117648 0.03137254901960784
0 0.6474264705882353 0.21045751633986928 0.006617647058823529 0.03398692810457516
0 0.6544117647058824 0.10065359477124183 0.0058823529411764705 0.02875816993464052
0 0.924264705882353 0.7418300653594772 0.01764705882352941 0.06405228758169934
0 0.9393382352941176 0.7320261437908496 0.015441176470588236 0.047058823529411764
0 0.18639705882352942 0.2908496732026144 0.009558823529411765 0.043137254901960784