0 0.3372395833333333 0.7944444444444444 0.015104166666666667 0.06111111111111111
0 0.3229166666666667 0.7939814814814815 0.016666666666666666 0.049074074074074076
0 0.30546875 0.7907407407407407 0.0171875 0.053703703703703705
0 0.2953125 0.7842592592592592 0.013541666666666667 0.06111111111111111
0 0.24505208333333334 0.7648148148148148 0.021354166666666667 0.07037037037037037
0 0.26276041666666666 0.7245370370370371 0.0265625 0.07685185185185185
0 0.271875 0.6912037037037037 0.016666666666666666 0.07314814814814814
0 0.44765625 0.7814814814814814 0.025520833333333333 0.07407407407407407
0 0.45598958333333334 0.7620370370370371 0.021354166666666667 0.07592592592592592
0 0.45260416666666664 0.7226851851851852 0.022916666666666665 0.08055555555555556
0 0.45286458333333335 0.7111111111111111 0.0171875 0.07592592592592592
0 0.36354166666666665 0.7601851851851852 0.020833333333333332 0.08333333333333333
0 0.37057291666666664 0.7537037037037037 0.0140625 0.07962962962962963
0 0.6432291666666666 0.6712962962962963 0.019791666666666666 0.046296296296296294
0 0.6549479166666666 0.7041666666666667 0.008854166666666666 0.049074074074074076
0 0.21979166666666666 0.5935185185185186 0.007291666666666667 0.03888888888888889
0 0.1796875 0.5347222222222222 0.009375 0.03425925925925926
0 0.19010416666666666 0.48564814814814816 0.009375 0.030555555555555555
0 0.18567708333333333 0.4791666666666667 0.005729166666666666 0.026851851851851852
0 0.17057291666666666 0.4648148148148148 0.0067708333333333336 0.03148148148148148
0 0.21979166666666666 0.4125 0.00625 0.025
0 0.18359375 0.4064814814814815 0.0078125 0.024074074074074074
0 0.17265625 0.40925925925925927 0.008854166666666666 0.024074074074074074
0 0.12447916666666667 0.6828703703703703 0.019791666666666666 0.0787037037037037
0 0.14557291666666666 0.6865740740740741 0.0203125 0.08055555555555556
0 0.023697916666666666 0.6925925925925925 0.019270833333333334 0.06851851851851852
0 0.007552083333333333 0.6916666666666667 0.015104166666666667 0.07222222222222222
0 0.28854166666666664 0.45740740740740743 0.00625 0.02962962962962963
0 0.28515625 0.4425925925925926 0.005729166666666666 0.020370370370370372
0 0.31354166666666666 0.44212962962962965 0.00625 0.021296296296296296
0 0.25026041666666665 0.3888888888888889 0.0046875 0.024074074074074074
0 0.24296875 0.387037037037037 0.0046875 0.020370370370370372
0 0.14270833333333333 0.487962962962963 0.007291666666666667 0.03148148148148148
0 0.140625 0.48148148148148145 0.007291666666666667 0.027777777777777776
0 0.14088541666666668 0.6277777777777778 0.0078125 0.04259259259259259
0 0.028125 0.9194444444444444 0.017708333333333333 0.06296296296296296
0 0.04192708333333333 0.9037037037037037 0.013020833333333334 0.06111111111111111
0 0.045572916666666664 0.8861111111111111 0.0078125 0.03148148148148148
0 0.06875 0.8685185185185185 0.0125 0.053703703703703705
0 0.05572916666666667 0.8574074074074074 0.017708333333333333 0.05740740740740741
0 0.008072916666666667 0.8611111111111112 0.015104166666666667 0.06666666666666667
0 0.09765625 0.65 0.0078125 0.03888888888888889
0 0.10885416666666667 0.6532407407407408 0.011458333333333333 0.041666666666666664
0 0.1078125 0.6226851851851852 0.010416666666666666 0.04537037037037037
0 0.08932291666666667 0.6365740740740741 0.0109375 0.04537037037037037
0 0.09505208333333333 0.625 0.008854166666666666 0.040740740740740744
0 0.04791666666666667 0.6101851851851852 0.0125 0.04259259259259259
0 0.034375 0.600462962962963 0.009375 0.025
0 0.034895833333333334 0.5893518518518519 0.011458333333333333 0.03425925925925926
0 0.022916666666666665 0.5944444444444444 0.008333333333333333 0.03888888888888889
0 0.012239583333333333 0.5981481481481481 0.008854166666666666 0.044444444444444446
0 0.013802083333333333 0.586574074074074 0.005729166666666666 0.021296296296296296
0 0.029166666666666667 0.6467592592592593 0.010416666666666666 0.041666666666666664
0 0.022395833333333334 0.6425925925925926 0.010416666666666666 0.037037037037037035
0 0.01171875 0.6546296296296297 0.013020833333333334 0.037037037037037035
0 0.03854166666666667 0.6439814814814815 0.0125 0.04351851851851852
0 0.07395833333333333 0.6273148148148148 0.0125 0.03611111111111111
0 0.06927083333333334 0.6171296296296296 0.008333333333333333 0.03425925925925926
0 0.8388020833333333 0.7166666666666667 0.013020833333333334 0.06111111111111111
0 0.8510416666666667 0.7111111111111111 0.014583333333333334 0.06666666666666667
0 0.8333333333333334 0.7162037037037037 0.010416666666666666 0.05277777777777778
0 0.7502604166666667 0.7125 0.0109375 0.03425925925925926
0 0.73984375 0.711574074074074 0.0109375 0.04537037037037037
0 0.7963541666666667 0.6777777777777778 0.009375 0.04259259259259259
0 0.7145833333333333 0.6620370370370371 0.010416666666666666 0.046296296296296294
0 0.6984375 0.6439814814814815 0.007291666666666667 0.03425925925925926
0 0.7026041666666667 0.6370370370370371 0.007291666666666667 0.03888888888888889
0 0.69296875 0.6351851851851852 0.009895833333333333 0.040740740740740744
0 0.7734375 0.6319444444444444 0.008333333333333333 0.03425925925925926
0 0.7270833333333333 0.6023148148148149 0.008333333333333333 0.041666666666666664
0 0.71953125 0.6013888888888889 0.0067708333333333336 0.03796296296296296
0 0.7598958333333333 0.6092592592592593 0.008333333333333333 0.037037037037037035
0 0.7473958333333334 0.6208333333333333 0.008333333333333333 0.03981481481481482
0 0.7518229166666667 0.6268518518518519 0.005729166666666666 0.014814814814814815
0 0.665625 0.6958333333333333 0.009375 0.03981481481481482
0 0.646875 0.6412037037037037 0.009375 0.03425925925925926
0 0.6268229166666667 0.6074074074074074 0.005729166666666666 0.04259259259259259
0 0.64375 0.6125 0.007291666666666667 0.025
0 0.6354166666666666 0.5907407407407408 0.008333333333333333 0.025925925925925925
0 0.5919270833333333 0.586574074074074 0.0067708333333333336 0.03611111111111111
0 0.58125 0.5856481481481481 0.005208333333333333 0.03796296296296296
0 0.58125 0.5722222222222222 0.007291666666666667 0.03148148148148148
0 0.74140625 0.6046296296296296 0.005729166666666666 0.03518518518518519
0 0.7479166666666667 0.6032407407407407 0.00625 0.032407407407407406
0 0.75625 0.5805555555555556 0.00625 0.03518518518518519
0 0.7286458333333333 0.5912037037037037 0.008333333333333333 0.028703703703703703
0 0.734375 0.5898148148148148 0.007291666666666667 0.03518518518518519
0 0.71640625 0.575462962962963 0.0067708333333333336 0.03796296296296296
0 0.7140625 0.5694444444444444 0.00625 0.03518518518518519
0 0.7442708333333333 0.5814814814814815 0.00625 0.02962962962962963
0 0.7502604166666667 0.5800925925925926 0.0067708333333333336 0.026851851851851852
0 0.7643229166666666 0.575925925925926 0.0067708333333333336 0.02962962962962963
0 0.7369791666666666 0.5587962962962963 0.005208333333333333 0.03425925925925926
0 0.7578125 0.5398148148148149 0.007291666666666667 0.03148148148148148
0 0.7481770833333333 0.5314814814814814 0.0067708333333333336 0.03148148148148148
0 0.740625 0.5476851851851852 0.007291666666666667 0.028703703703703703
0 0.7390625 0.5402777777777777 0.004166666666666667 0.01574074074074074
0 0.7395833333333334 0.5060185185185185 0.00625 0.026851851851851852
0 0.7083333333333334 0.5055555555555555 0.005208333333333333 0.03148148148148148
0 0.7122395833333334 0.5032407407407408 0.005729166666666666 0.030555555555555555
0 0.7510416666666667 0.4740740740740741 0.005208333333333333 0.022222222222222223
0 0.76875 0.4759259259259259 0.004166666666666667 0.02962962962962963
0 0.7703125 0.47314814814814815 0.004166666666666667 0.03148148148148148
0 0.7614583333333333 0.44722222222222224 0.005208333333333333 0.022222222222222223
0 0.7875 0.42453703703703705 0.007291666666666667 0.021296296296296296
0 0.7234375 0.4652777777777778 0.00625 0.030555555555555555
0 0.72890625 0.462037037037037 0.008854166666666666 0.03148148148148148
0 0.8510416666666667 0.43472222222222223 0.007291666666666667 0.025
0 0.8338541666666667 0.42916666666666664 0.00625 0.026851851851851852
0 0.8268229166666666 0.4287037037037037 0.0067708333333333336 0.027777777777777776
0 0.58046875 0.3976851851851852 0.0046875 0.021296296296296296
0 0.3653645833333333 0.37083333333333335 0.005729166666666666 0.021296296296296296
0 0.37552083333333336 0.3699074074074074 0.005208333333333333 0.019444444444444445
0 0.30078125 0.39861111111111114 0.0046875 0.019444444444444445
0 0.27682291666666664 0.4023148148148148 0.0046875 0.017592592592592594
0 0.3265625 0.3888888888888889 0.005208333333333333 0.016666666666666666
0 0.30703125 0.3763888888888889 0.0046875 0.021296296296296296
0 0.29635416666666664 0.3685185185185185 0.004166666666666667 0.020370370370370372
0 0.29921875 0.3699074074074074 0.0046875 0.019444444444444445
0 0.3380208333333333 0.3861111111111111 0.004166666666666667 0.016666666666666666
0 0.32057291666666665 0.3787037037037037 0.0036458333333333334 0.020370370370370372
0 0.34427083333333336 0.375 0.005208333333333333 0.018518518518518517
0 0.3380208333333333 0.3736111111111111 0.004166666666666667 0.013888888888888888
0 0.3302083333333333 0.3685185185185185 0.004166666666666667 0.016666666666666666
0 0.325 0.3680555555555556 0.003125 0.01574074074074074
0 0.31223958333333335 0.35694444444444445 0.0046875 0.019444444444444445
0 0.3098958333333333 0.3472222222222222 0.003125 0.016666666666666666