0 0.23602941176470588 0.8457516339869281 0.023529411764705882 0.047058823529411764
0 0.2485294117647059 0.06797385620915032 0.008823529411764706 0.03137254901960784
0 0.20294117647058824 0.05620915032679739 0.007352941176470588 0.026143790849673203
0 0.19264705882352942 0.058823529411764705 0.007352941176470588 0.02875816993464052
0 0.18823529411764706 0.036601307189542485 0.007352941176470588 0.03137254901960784
0 0.41507352941176473 0.24183006535947713 0.009558823529411765 0.0392156862745098
0 0.5963235294117647 0.9549019607843138 0.022058823529411766 0.06405228758169934
0 0.6908088235294118 0.565359477124183 0.0125 0.058823529411764705
0 0.8963235294117647 0.4777777777777778 0.01764705882352941 0.050980392156862744
0 0.8433823529411765 0.3196078431372549 0.008823529411764706 0.030065359477124184
0 0.7639705882352941 0.30915032679738563 0.013235294117647059 0.048366013071895426
0 0.7419117647058824 0.2673202614379085 0.011764705882352941 0.0457516339869281
0 0.7169117647058824 0.2169934640522876 0.008823529411764706 0.044444444444444446