0 0.325 0.5013071895424837 0.029411764705882353 0.06405228758169934
0 0.27794117647058825 0.6392156862745098 0.01911764705882353 0.09673202614379085
0 0.29375 0.6222222222222222 0.022794117647058822 0.09411764705882353
0 0.3095588235294118 0.6581699346405229 0.023529411764705882 0.050980392156862744
0 0.763235294117647 0.27712418300653596 0.01911764705882353 0.06535947712418301
0 0.7459558823529412 0.3150326797385621 0.013970588235294118 0.07058823529411765
0 0.7378676470588236 0.2797385620915033 0.01838235294117647 0.06535947712418301
0 0.4834558823529412 0.32287581699346407 0.019852941176470587 0.06797385620915032
0 0.5198529411764706 0.35751633986928105 0.022058823529411766 0.058823529411764705
0 0.45183823529411765 0.6758169934640523 0.019852941176470587 0.06797385620915032
0 0.46544117647058825 0.6947712418300653 0.025 0.08758169934640522
0 0.4834558823529412 0.5836601307189543 0.01838235294117647 0.07712418300653595
0 0.4933823529411765 0.5901960784313726 0.025 0.07712418300653595
0 0.8834558823529411 0.3718954248366013 0.016911764705882352 0.05620915032679739
0 0.8886029411764705 0.3581699346405229 0.016911764705882352 0.0784313725490196
0 0.8573529411764705 0.29150326797385623 0.014705882352941176 0.06274509803921569
0 0.8455882352941176 0.24248366013071895 0.014705882352941176 0.06405228758169934
0 0.518014705882353 0.29477124183006537 0.01838235294117647 0.06405228758169934
0 0.41948529411764707 0.20784313725490197 0.016911764705882352 0.06013071895424837
0 0.4290441176470588 0.18562091503267975 0.015441176470588236 0.06013071895424837
0 0.3966911764705882 0.1718954248366013 0.0125 0.06666666666666667
0 0.24044117647058824 0.08169934640522876 0.013235294117647059 0.048366013071895426
0 0.21875 0.12156862745098039 0.0125 0.03398692810457516
0 0.27426470588235297 0.13333333333333333 0.013235294117647059 0.04183006535947712
0 0.05588235294117647 0.01699346405228758 0.013235294117647059 0.03398692810457516
0 0.925 0.3718954248366013 0.01911764705882353 0.06928104575163399