0 0.7977941176470589 0.8764705882352941 0.016176470588235296 0.030065359477124184
0 0.7349264705882353 0.5176470588235295 0.008088235294117648 0.03398692810457516
0 0.6547794117647059 0.3065359477124183 0.005147058823529412 0.027450980392156862
0 0.5738970588235294 0.4130718954248366 0.006617647058823529 0.02091503267973856
0 0.5959558823529412 0.3607843137254902 0.006617647058823529 0.02875816993464052
0 0.6022058823529411 0.3633986928104575 0.004411764705882353 0.018300653594771243
0 0.5375 0.026143790849673203 0.004411764705882353 0.02091503267973856
0 0.4808823529411765 0.027450980392156862 0.004411764705882353 0.013071895424836602
0 0.4823529411764706 0.07777777777777778 0.0058823529411764705 0.01699346405228758
0 0.13676470588235295 0.984313725490196 0.010294117647058823 0.026143790849673203
0 0.14558823529411766 0.9686274509803922 0.013235294117647059 0.036601307189542485
0 0.25183823529411764 0.7712418300653595 0.011029411764705883 0.036601307189542485
0 0.2746323529411765 0.7235294117647059 0.011029411764705883 0.032679738562091505
0 0.2625 0.730718954248366 0.010294117647058823 0.03398692810457516
0 0.2610294117647059 0.7091503267973857 0.010294117647058823 0.03790849673202614
0 0.34595588235294117 0.2261437908496732 0.006617647058823529 0.018300653594771243
0 0.3040441176470588 0.238562091503268 0.005147058823529412 0.027450980392156862
0 0.3176470588235294 0.3209150326797386 0.0058823529411764705 0.02483660130718954
0 0.2875 0.12418300653594772 0.004411764705882353 0.023529411764705882
0 0.27242647058823527 0.134640522875817 0.005147058823529412 0.02091503267973856
0 0.26691176470588235 0.13071895424836602 0.004411764705882353 0.023529411764705882
0 0.2691176470588235 0.12352941176470589 0.004411764705882353 0.02483660130718954
0 0.25625 0.22091503267973855 0.005147058823529412 0.026143790849673203
0 0.25220588235294117 0.2235294117647059 0.004411764705882353 0.018300653594771243
0 0.13308823529411765 0.5176470588235295 0.010294117647058823 0.03137254901960784
0 0.14816176470588235 0.538562091503268 0.009558823529411765 0.03398692810457516
0 0.11948529411764706 0.5601307189542484 0.011029411764705883 0.030065359477124184
0 0.12941176470588237 0.5777777777777777 0.010294117647058823 0.03137254901960784
0 0.04595588235294118 0.592156862745098 0.008088235294117648 0.02091503267973856
0 0.04448529411764706 0.5803921568627451 0.011029411764705883 0.03137254901960784
0 0.03602941176470588 0.6352941176470588 0.010294117647058823 0.023529411764705882
0 0.048161764705882355 0.6751633986928105 0.0125 0.03529411764705882
0 0.013602941176470588 0.7150326797385621 0.013970588235294118 0.036601307189542485
0 0.09338235294117647 0.7823529411764706 0.010294117647058823 0.030065359477124184
0 0.05661764705882353 0.8366013071895425 0.014705882352941176 0.02875816993464052
0 0.059926470588235296 0.8444444444444444 0.009558823529411765 0.01568627450980392
0 0.028308823529411765 0.8209150326797385 0.016911764705882352 0.03137254901960784
0 0.006617647058823529 0.7993464052287582 0.013235294117647059 0.03529411764705882