0 0.08272058823529412 0.2633986928104575 0.03602941176470588 0.08496732026143791
0 0.11764705882352941 0.3895424836601307 0.06470588235294118 0.06013071895424837
0 0.12867647058823528 0.36470588235294116 0.06323529411764706 0.05751633986928104
0 0.2665441176470588 0.41568627450980394 0.028676470588235293 0.08627450980392157
0 0.26323529411764707 0.3993464052287582 0.03235294117647059 0.11372549019607843
0 0.32169117647058826 0.09934640522875816 0.01838235294117647 0.07320261437908497
0 0.34595588235294117 0.11764705882352941 0.016911764705882352 0.03137254901960784
0 0.33198529411764705 0.09281045751633987 0.015441176470588236 0.07320261437908497
0 0.5974264705882353 0.2934640522875817 0.019852941176470587 0.07973856209150326
0 0.48419117647058824 0.15947712418300652 0.019852941176470587 0.06797385620915032
0 0.4713235294117647 0.15555555555555556 0.013235294117647059 0.07058823529411765
0 0.5367647058823529 0.09738562091503268 0.011764705882352941 0.07450980392156863
0 0.549264705882353 0.10392156862745099 0.020588235294117647 0.06928104575163399
0 0.3926470588235294 0.0869281045751634 0.020588235294117647 0.06928104575163399
0 0.4404411764705882 0.06470588235294118 0.022058823529411766 0.06928104575163399