0 0.2375 0.725 0.014583333333333334 0.08703703703703704
0 0.24114583333333334 0.7462962962962963 0.017708333333333333 0.09259259259259259
0 0.21979166666666666 0.7537037037037037 0.022916666666666665 0.08888888888888889
0 0.19583333333333333 0.7648148148148148 0.020833333333333332 0.0962962962962963
0 0.20416666666666666 0.7981481481481482 0.016666666666666666 0.06296296296296296
0 0.4083333333333333 0.6055555555555555 0.014583333333333334 0.07037037037037037
0 0.5244791666666667 0.6027777777777777 0.019791666666666666 0.05
0 0.5348958333333333 0.7138888888888889 0.015625 0.06481481481481481
0 0.6078125 0.6675925925925926 0.03854166666666667 0.05
0 0.46510416666666665 0.5694444444444444 0.013541666666666667 0.053703703703703705
0 0.4859375 0.5935185185185186 0.013541666666666667 0.05
0 0.4734375 0.45740740740740743 0.009375 0.02962962962962963
0 0.5036458333333333 0.45 0.009375 0.03333333333333333
0 0.4973958333333333 0.4324074074074074 0.009375 0.03148148148148148
0 0.49895833333333334 0.4074074074074074 0.010416666666666666 0.02962962962962963
0 0.51875 0.3972222222222222 0.010416666666666666 0.027777777777777776
0 0.5375 0.42592592592592593 0.008333333333333333 0.02962962962962963
0 0.51875 0.3675925925925926 0.010416666666666666 0.03148148148148148
0 0.5432291666666667 0.36944444444444446 0.009375 0.027777777777777776
0 0.49322916666666666 0.3472222222222222 0.009375 0.027777777777777776
0 0.50625 0.32592592592592595 0.008333333333333333 0.018518518518518517
0 0.5322916666666667 0.3398148148148148 0.008333333333333333 0.027777777777777776
0 0.5286458333333334 0.28703703703703703 0.005208333333333333 0.018518518518518517
0 0.5552083333333333 0.2824074074074074 0.00625 0.016666666666666666
0 0.4359375 0.4527777777777778 0.017708333333333333 0.03888888888888889
0 0.4557291666666667 0.462037037037037 0.009375 0.04259259259259259
0 0.4546875 0.44074074074074077 0.009375 0.022222222222222223
0 0.4484375 0.4685185185185185 0.009375 0.05555555555555555
0 0.6557291666666667 0.5083333333333333 0.013541666666666667 0.06111111111111111
0 0.5838541666666667 0.7212962962962963 0.013541666666666667 0.07592592592592592
0 0.60625 0.7314814814814815 0.0125 0.1
0 0.5760416666666667 0.5907407407407408 0.0125 0.06666666666666667
0 0.6098958333333333 0.36944444444444446 0.009375 0.03148148148148148
0 0.3927083333333333 0.4046296296296296 0.008333333333333333 0.04259259259259259
0 0.5666666666666667 0.3416666666666667 0.008333333333333333 0.03148148148148148
0 0.5765625 0.3453703703703704 0.007291666666666667 0.04259259259259259
0 0.58125 0.362962962962963 0.008333333333333333 0.03333333333333333
0 0.40208333333333335 0.4083333333333333 0.008333333333333333 0.027777777777777776
0 0.45 0.34629629629629627 0.008333333333333333 0.02962962962962963
0 0.4578125 0.34629629629629627 0.007291666666666667 0.02962962962962963
0 0.4630208333333333 0.39537037037037037 0.009375 0.020370370370370372
0 0.38229166666666664 0.6194444444444445 0.0125 0.06481481481481481
0 0.3953125 0.5907407407407408 0.011458333333333333 0.03333333333333333
0 0.37864583333333335 0.5675925925925925 0.011458333333333333 0.03148148148148148
0 0.5875 0.5120370370370371 0.0125 0.053703703703703705
0 0.41458333333333336 0.4564814814814815 0.0125 0.05
0 0.559375 0.5157407407407407 0.014583333333333334 0.046296296296296294
0 0.5546875 0.5018518518518519 0.015625 0.044444444444444446
0 0.4557291666666667 0.3148148148148148 0.007291666666666667 0.02962962962962963