0 0.16176470588235295 0.30718954248366015 0.020588235294117647 0.08366013071895424
0 0.28823529411764703 0.3026143790849673 0.01911764705882353 0.06666666666666667
0 0.27536764705882355 0.307843137254902 0.011029411764705883 0.05359477124183006
0 0.2735294117647059 0.29215686274509806 0.011764705882352941 0.06143790849673202
0 0.4051470588235294 0.2019607843137255 0.016176470588235296 0.06405228758169934
0 0.5463235294117647 0.7751633986928105 0.029411764705882353 0.12287581699346405
0 0.7297794117647058 0.2758169934640523 0.011029411764705883 0.04967320261437908
0 0.7408088235294118 0.26405228758169935 0.009558823529411765 0.044444444444444446
0 0.6275735294117647 0.26666666666666666 0.013970588235294118 0.05751633986928104
0 0.4988970588235294 0.2738562091503268 0.013970588235294118 0.06666666666666667
0 0.5007352941176471 0.26862745098039215 0.008823529411764706 0.06143790849673202
0 0.7349264705882353 0.22418300653594772 0.011029411764705883 0.05359477124183006
0 0.7272058823529411 0.21372549019607842 0.008823529411764706 0.040522875816993466
0 0.2625 0.0803921568627451 0.013235294117647059 0.0457516339869281
0 0.33125 0.11633986928104575 0.013970588235294118 0.03137254901960784
0 0.33639705882352944 0.054901960784313725 0.008088235294117648 0.03398692810457516
0 0.39705882352941174 0.06928104575163399 0.008823529411764706 0.036601307189542485
0 0.36875 0.06013071895424837 0.011029411764705883 0.04183006535947712
0 0.41323529411764703 0.12549019607843137 0.010294117647058823 0.047058823529411764