0 0.665625 0.4425925925925926 0.00625 0.03333333333333333
0 0.7375 0.5898148148148148 0.010416666666666666 0.03888888888888889
0 0.7223958333333333 0.6259259259259259 0.011458333333333333 0.04814814814814815
0 0.7114583333333333 0.6129629629629629 0.010416666666666666 0.05185185185185185
0 0.6770833333333334 0.5120370370370371 0.008333333333333333 0.03148148148148148
0 0.7848958333333333 0.85 0.013541666666666667 0.04814814814814815
0 0.6375 0.5805555555555556 0.010416666666666666 0.046296296296296294
0 0.6848958333333334 0.7 0.013541666666666667 0.040740740740740744
0 0.6609375 0.5972222222222222 0.007291666666666667 0.03518518518518519
0 0.6427083333333333 0.5453703703703704 0.008333333333333333 0.03148148148148148
0 0.5734375 0.38796296296296295 0.005208333333333333 0.024074074074074074
0 0.5484375 0.31666666666666665 0.005208333333333333 0.014814814814814815
0 0.5348958333333333 0.3787037037037037 0.007291666666666667 0.020370370370370372
0 0.4510416666666667 0.3574074074074074 0.004166666666666667 0.022222222222222223
0 0.46510416666666665 0.3435185185185185 0.005208333333333333 0.020370370370370372
0 0.4192708333333333 0.4425925925925926 0.007291666666666667 0.025925925925925925
0 0.4322916666666667 0.4601851851851852 0.00625 0.03148148148148148
0 0.4046875 0.537962962962963 0.009375 0.03148148148148148
0 0.39375 0.75 0.014583333333333334 0.04814814814814815
0 0.39427083333333335 0.7611111111111111 0.011458333333333333 0.044444444444444446
0 0.39479166666666665 0.7564814814814815 0.0125 0.046296296296296294