0 0.7150735294117647 0.7908496732026143 0.011029411764705883 0.06274509803921569
0 0.7941176470588235 0.8699346405228758 0.016176470588235296 0.06143790849673202
0 0.75 0.8496732026143791 0.020588235294117647 0.06013071895424837
0 0.7779411764705882 0.8588235294117647 0.011764705882352941 0.054901960784313725
0 0.31691176470588234 0.1411764705882353 0.004411764705882353 0.023529411764705882
0 0.43933823529411764 0.1934640522875817 0.003676470588235294 0.023529411764705882
0 0.4224264705882353 0.14313725490196078 0.003676470588235294 0.022222222222222223
0 0.5665441176470588 0.1411764705882353 0.003676470588235294 0.02091503267973856
0 0.5408088235294117 0.12549019607843137 0.005147058823529412 0.018300653594771243
0 0.51875 0.08235294117647059 0.003676470588235294 0.01568627450980392
0 0.5264705882352941 0.0803921568627451 0.004411764705882353 0.01437908496732026
0 0.5253676470588236 0.03398692810457516 0.0022058823529411764 0.01045751633986928
0 0.5246323529411765 0.05620915032679739 0.003676470588235294 0.013071895424836602
0 0.4772058823529412 0.02875816993464052 0.0029411764705882353 0.01568627450980392