0 0.2025735294117647 0.36470588235294116 0.0022058823529411764 0.01045751633986928
0 0.20551470588235293 0.36470588235294116 0.0022058823529411764 0.00784313725490196
0 0.20772058823529413 0.36797385620915035 0.0022058823529411764 0.009150326797385621
0 0.1988970588235294 0.4235294117647059 0.0022058823529411764 0.01045751633986928
0 0.2 0.434640522875817 0.0029411764705882353 0.009150326797385621
0 0.19338235294117648 0.4503267973856209 0.0029411764705882353 0.009150326797385621
0 0.1963235294117647 0.46078431372549017 0.0029411764705882353 0.009150326797385621
0 0.19154411764705884 0.4803921568627451 0.0022058823529411764 0.011764705882352941
0 0.19338235294117648 0.4830065359477124 0.0014705882352941176 0.00392156862745098
0 0.1948529411764706 0.4803921568627451 0.0029411764705882353 0.011764705882352941
0 0.15808823529411764 0.5189542483660131 0.0029411764705882353 0.01045751633986928
0 0.18455882352941178 0.5496732026143791 0.004411764705882353 0.01699346405228758
0 0.0724264705882353 0.4503267973856209 0.003676470588235294 0.01437908496732026
0 0.07830882352941176 0.45294117647058824 0.003676470588235294 0.01437908496732026
0 0.08272058823529412 0.44901960784313727 0.003676470588235294 0.011764705882352941
0 0.23345588235294118 0.48562091503267973 0.003676470588235294 0.011764705882352941
0 0.2375 0.5032679738562091 0.0029411764705882353 0.013071895424836602
0 0.28308823529411764 0.5143790849673202 0.0029411764705882353 0.01437908496732026
0 0.2511029411764706 0.5941176470588235 0.003676470588235294 0.01699346405228758
0 0.1536764705882353 0.5372549019607843 0.0029411764705882353 0.013071895424836602
0 0.1514705882352941 0.538562091503268 0.0029411764705882353 0.013071895424836602
0 0.11433823529411764 0.6209150326797386 0.003676470588235294 0.018300653594771243
0 0.13786764705882354 0.8980392156862745 0.008088235294117648 0.03137254901960784
0 0.1676470588235294 0.9516339869281045 0.008823529411764706 0.02875816993464052
0 0.16727941176470587 0.9503267973856209 0.006617647058823529 0.013071895424836602
0 0.29044117647058826 0.8019607843137255 0.0058823529411764705 0.027450980392156862
0 0.31580882352941175 0.6764705882352942 0.003676470588235294 0.022222222222222223
0 0.31948529411764703 0.6888888888888889 0.003676470588235294 0.013071895424836602
0 0.3191176470588235 0.6718954248366014 0.0029411764705882353 0.01568627450980392
0 0.3246323529411765 0.6797385620915033 0.005147058823529412 0.018300653594771243
0 0.3547794117647059 0.677124183006536 0.005147058823529412 0.01568627450980392
0 0.4632352941176471 0.6470588235294118 0.004411764705882353 0.02091503267973856
0 0.5147058823529411 0.7026143790849673 0.0058823529411764705 0.022222222222222223
0 0.6106617647058824 0.7529411764705882 0.005147058823529412 0.02091503267973856
0 0.6088235294117647 0.7450980392156863 0.004411764705882353 0.018300653594771243
0 0.8029411764705883 0.8215686274509804 0.0058823529411764705 0.027450980392156862
0 0.7908088235294117 0.8169934640522876 0.005147058823529412 0.026143790849673203
0 0.7985294117647059 0.8084967320261438 0.0058823529411764705 0.027450980392156862
0 0.7845588235294118 0.8098039215686275 0.0058823529411764705 0.027450980392156862
0 0.7625 0.8065359477124183 0.0058823529411764705 0.026143790849673203