0 0.4621323529411765 0.4196078431372549 0.011029411764705883 0.04183006535947712
0 0.4823529411764706 0.5490196078431373 0.008823529411764706 0.01568627450980392
0 0.4308823529411765 0.434640522875817 0.011764705882352941 0.022222222222222223
0 0.9261029411764706 0.8607843137254902 0.022794117647058822 0.0196078431372549
0 0.27904411764705883 0.7379084967320262 0.016911764705882352 0.03529411764705882
0 0.45845588235294116 0.3006535947712418 0.013970588235294118 0.02875816993464052
0 0.5202205882352942 0.0392156862745098 0.015441176470588236 0.02875816993464052
0 0.3636029411764706 0.12287581699346405 0.02426470588235294 0.047058823529411764
0 0.23161764705882354 0.054901960784313725 0.010294117647058823 0.04183006535947712
0 0.2566176470588235 0.08758169934640522 0.008823529411764706 0.02875816993464052
0 0.3029411764705882 0.7803921568627451 0.010294117647058823 0.02091503267973856
0 0.3272058823529412 0.7725490196078432 0.007352941176470588 0.018300653594771243