0 0.32794117647058824 0.6359477124183006 0.01911764705882353 0.10065359477124183
0 0.2757352941176471 0.7379084967320262 0.03823529411764706 0.06666666666666667
0 0.20147058823529412 0.6751633986928105 0.016176470588235296 0.08235294117647059
0 0.24301470588235294 0.7124183006535948 0.028676470588235293 0.07581699346405228
0 0.26029411764705884 0.681045751633987 0.027941176470588237 0.04967320261437908
0 0.28455882352941175 0.661437908496732 0.022058823529411766 0.054901960784313725
0 0.29816176470588235 0.6908496732026144 0.030147058823529412 0.06143790849673202
0 0.3382352941176471 0.369281045751634 0.023529411764705882 0.0718954248366013
0 0.46176470588235297 0.4915032679738562 0.025 0.04967320261437908
0 0.49411764705882355 0.4980392156862745 0.01911764705882353 0.054901960784313725
0 0.5161764705882353 0.5130718954248366 0.01764705882352941 0.043137254901960784
0 0.5375 0.5620915032679739 0.020588235294117647 0.09673202614379085
0 0.569485294117647 0.5339869281045752 0.021323529411764706 0.06405228758169934
0 0.5036764705882353 0.20915032679738563 0.010294117647058823 0.06013071895424837
0 0.4985294117647059 0.20718954248366014 0.010294117647058823 0.06405228758169934
0 0.41691176470588237 0.17058823529411765 0.014705882352941176 0.06143790849673202
0 0.42867647058823527 0.15294117647058825 0.013235294117647059 0.02875816993464052
0 0.39595588235294116 0.08888888888888889 0.0125 0.04967320261437908
0 0.6341911764705882 0.1300653594771242 0.008088235294117648 0.05359477124183006
0 0.6242647058823529 0.1261437908496732 0.008823529411764706 0.050980392156862744
0 0.6386029411764705 0.10718954248366012 0.005147058823529412 0.054901960784313725
0 0.6246323529411765 0.10196078431372549 0.005147058823529412 0.02875816993464052
0 0.6227941176470588 0.08235294117647059 0.0058823529411764705 0.02875816993464052
0 0.7702205882352942 0.07058823529411765 0.011029411764705883 0.044444444444444446
0 0.5084558823529411 0.13071895424836602 0.009558823529411765 0.02875816993464052
0 0.5238970588235294 0.13660130718954247 0.011029411764705883 0.040522875816993466
0 0.5345588235294118 0.12549019607843137 0.011764705882352941 0.03398692810457516
0 0.5305147058823529 0.11830065359477124 0.008088235294117648 0.03529411764705882
0 0.5367647058823529 0.11830065359477124 0.007352941176470588 0.030065359477124184
0 0.544485294117647 0.13856209150326798 0.0125 0.04967320261437908
0 0.5536764705882353 0.14313725490196078 0.010294117647058823 0.05359477124183006
0 0.5367647058823529 0.013071895424836602 0.007352941176470588 0.026143790849673203
0 0.8801470588235294 0.06274509803921569 0.007352941176470588 0.03137254901960784
0 0.8466911764705882 0.10196078431372549 0.008088235294117648 0.047058823529411764
0 0.9334558823529412 0.11699346405228758 0.0125 0.050980392156862744
0 0.9386029411764706 0.11503267973856209 0.016911764705882352 0.054901960784313725
0 0.7724264705882353 0.12156862745098039 0.011029411764705883 0.05228758169934641