0 0.1140625 0.7333333333333333 0.017708333333333333 0.040740740740740744
0 0.015104166666666667 0.9092592592592592 0.021875 0.05555555555555555
0 0.1453125 0.8231481481481482 0.019791666666666666 0.03888888888888889
0 0.23229166666666667 0.7509259259259259 0.014583333333333334 0.03888888888888889
0 0.265625 0.6268518518518519 0.008333333333333333 0.03518518518518519
0 0.2703125 0.6259259259259259 0.007291666666666667 0.03333333333333333
0 0.22604166666666667 0.6592592592592592 0.010416666666666666 0.040740740740740744
0 0.23072916666666668 0.6564814814814814 0.009375 0.03888888888888889
0 0.3921875 0.5027777777777778 0.007291666666666667 0.027777777777777776
0 0.42604166666666665 0.47962962962962963 0.008333333333333333 0.025925925925925925
0 0.4265625 0.47962962962962963 0.007291666666666667 0.02962962962962963
0 0.434375 0.7759259259259259 0.014583333333333334 0.040740740740740744
0 0.38177083333333334 0.7759259259259259 0.017708333333333333 0.04814814814814815
0 0.36770833333333336 0.9712962962962963 0.016666666666666666 0.03888888888888889
0 0.4484375 0.2111111111111111 0.003125 0.014814814814814815
0 0.5364583333333334 0.4398148148148148 0.010416666666666666 0.024074074074074074
0 0.5197916666666667 0.4648148148148148 0.010416666666666666 0.022222222222222223
0 0.5192708333333333 0.45555555555555555 0.009375 0.025925925925925925
0 0.79375 0.3907407407407407 0.008333333333333333 0.022222222222222223
0 0.7494791666666667 0.4759259259259259 0.009375 0.037037037037037035
0 0.7109375 0.6111111111111112 0.011458333333333333 0.044444444444444446
0 0.6848958333333334 0.6055555555555555 0.015625 0.04814814814814815
0 0.7302083333333333 0.6592592592592592 0.010416666666666666 0.03333333333333333
0 0.8067708333333333 0.6796296296296296 0.017708333333333333 0.04814814814814815
0 0.8651041666666667 0.7148148148148148 0.017708333333333333 0.04814814814814815
0 0.575 0.6777777777777778 0.010416666666666666 0.03333333333333333
0 0.5630208333333333 0.8583333333333333 0.017708333333333333 0.04259259259259259
0 0.5635416666666667 0.8703703703703703 0.010416666666666666 0.02962962962962963
0 0.6244791666666667 0.8824074074074074 0.015625 0.03518518518518519
0 0.2875 0.8962962962962963 0.016666666666666666 0.04814814814814815
0 0.2984375 0.9648148148148148 0.013541666666666667 0.044444444444444446
0 0.3015625 0.9574074074074074 0.013541666666666667 0.044444444444444446