0 0.3650735294117647 0.9673202614379085 0.025735294117647058 0.06535947712418301
0 0.643014705882353 0.4261437908496732 0.016911764705882352 0.05228758169934641
0 0.6658088235294117 0.4150326797385621 0.016911764705882352 0.048366013071895426
0 0.7036764705882353 0.25555555555555554 0.008823529411764706 0.0457516339869281
0 0.7095588235294118 0.30130718954248364 0.008823529411764706 0.050980392156862744
0 0.7334558823529411 0.08758169934640522 0.006617647058823529 0.03398692810457516
0 0.7393382352941177 0.045098039215686274 0.006617647058823529 0.027450980392156862
0 0.74375 0.02287581699346405 0.005147058823529412 0.027450980392156862
0 0.5665441176470588 0.2751633986928105 0.008088235294117648 0.03529411764705882
0 0.20955882352941177 0.5183006535947713 0.020588235294117647 0.06666666666666667
0 0.18860294117647058 0.5248366013071896 0.015441176470588236 0.03790849673202614