0 0.8886029411764705 0.10065359477124183 0.006617647058823529 0.02875816993464052
0 0.8764705882352941 0.09934640522875816 0.007352941176470588 0.026143790849673203
0 0.8647058823529412 0.08954248366013072 0.007352941176470588 0.02483660130718954
0 0.8525735294117647 0.07973856209150326 0.005147058823529412 0.02091503267973856
0 0.8441176470588235 0.050980392156862744 0.004411764705882353 0.023529411764705882
0 0.836764705882353 0.04183006535947712 0.004411764705882353 0.023529411764705882
0 0.8227941176470588 0.03333333333333333 0.0029411764705882353 0.022222222222222223
0 0.8216911764705882 0.032679738562091505 0.006617647058823529 0.023529411764705882
0 0.8161764705882353 0.03137254901960784 0.004411764705882353 0.023529411764705882
0 0.7779411764705882 0.00849673202614379 0.004411764705882353 0.01699346405228758
0 0.8448529411764706 0.07581699346405228 0.0058823529411764705 0.023529411764705882