0 0.93984375 0.9449074074074074 0.019270833333333334 0.07685185185185185
0 0.81796875 0.961574074074074 0.016145833333333335 0.06944444444444445
0 0.7872395833333333 0.9277777777777778 0.013020833333333334 0.05925925925925926
0 0.78671875 0.9736111111111111 0.011979166666666667 0.05092592592592592
0 0.7989583333333333 0.9856481481481482 0.0125 0.026851851851851852
0 0.7622395833333333 0.799074074074074 0.0109375 0.05
0 0.7528645833333333 0.8402777777777778 0.015104166666666667 0.049074074074074076
0 0.7192708333333333 0.7814814814814814 0.0125 0.03148148148148148
0 0.7338541666666667 0.7814814814814814 0.0125 0.03148148148148148
0 0.709375 0.7305555555555555 0.014583333333333334 0.03518518518518519
0 0.9239583333333333 0.8652777777777778 0.0125 0.06574074074074074
0 0.9447916666666667 0.8444444444444444 0.015625 0.05925925925925926
0 0.90234375 0.8444444444444444 0.016145833333333335 0.05740740740740741
0 0.9044270833333333 0.8060185185185185 0.009895833333333333 0.03981481481481482
0 0.9041666666666667 0.7768518518518519 0.007291666666666667 0.046296296296296294
0 0.8940104166666667 0.7833333333333333 0.009895833333333333 0.05740740740740741
0 0.8731770833333333 0.6888888888888889 0.009895833333333333 0.05555555555555555
0 0.8619791666666666 0.6842592592592592 0.007291666666666667 0.05
0 0.8515625 0.6833333333333333 0.010416666666666666 0.04259259259259259
0 0.83828125 0.6675925925925926 0.009895833333333333 0.046296296296296294
0 0.8520833333333333 0.6638888888888889 0.010416666666666666 0.03888888888888889
0 0.7833333333333333 0.6305555555555555 0.00625 0.046296296296296294
0 0.7765625 0.6421296296296296 0.007291666666666667 0.04722222222222222
0 0.7528645833333333 0.6467592592592593 0.009895833333333333 0.03981481481481482
0 0.7645833333333333 0.6435185185185185 0.009375 0.040740740740740744
0 0.8135416666666667 0.5101851851851852 0.007291666666666667 0.03333333333333333
0 0.8598958333333333 0.5101851851851852 0.007291666666666667 0.037037037037037035
0 0.8731770833333333 0.5115740740740741 0.0036458333333333334 0.030555555555555555
0 0.8799479166666667 0.5069444444444444 0.005729166666666666 0.028703703703703703
0 0.8734375 0.4652777777777778 0.007291666666666667 0.028703703703703703
0 0.8578125 0.45601851851851855 0.00625 0.025
0 0.8390625 0.4449074074074074 0.00625 0.026851851851851852
0 0.8880208333333334 0.4486111111111111 0.005208333333333333 0.028703703703703703
0 0.94921875 0.500462962962963 0.0046875 0.030555555555555555
0 0.9572916666666667 0.5069444444444444 0.005208333333333333 0.025
0 0.9671875 0.5037037037037037 0.005208333333333333 0.027777777777777776
0 0.97421875 0.5027777777777778 0.0046875 0.027777777777777776
0 0.9796875 0.5087962962962963 0.004166666666666667 0.023148148148148147
0 0.6916666666666667 0.3449074074074074 0.0020833333333333333 0.021296296296296296
0 0.38359375 0.24722222222222223 0.0026041666666666665 0.014814814814814815
0 0.4544270833333333 0.24675925925925926 0.0026041666666666665 0.01574074074074074
0 0.46067708333333335 0.24861111111111112 0.0026041666666666665 0.013888888888888888
0 0.45677083333333335 0.24583333333333332 0.003125 0.01574074074074074
0 0.4484375 0.21064814814814814 0.0020833333333333333 0.010185185185185186
0 0.56015625 0.4134259259259259 0.0046875 0.026851851851851852
0 0.5869791666666667 0.5555555555555556 0.008333333333333333 0.025925925925925925
0 0.6015625 0.5523148148148148 0.009375 0.041666666666666664
0 0.5825520833333333 0.4615740740740741 0.0036458333333333334 0.028703703703703703
0 0.04635416666666667 0.7027777777777777 0.015625 0.04814814814814815
0 0.06354166666666666 0.7601851851851852 0.014583333333333334 0.05925925925925926
0 0.0671875 0.7287037037037037 0.010416666666666666 0.03888888888888889
0 0.08098958333333334 0.7319444444444444 0.009895833333333333 0.05462962962962963
0 0.08776041666666666 0.7226851851851852 0.011979166666666667 0.049074074074074076
0 0.13177083333333334 0.6569444444444444 0.007291666666666667 0.03981481481481482
0 0.09609375 0.6699074074074074 0.009895833333333333 0.049074074074074076
0 0.1203125 0.65 0.009375 0.03888888888888889
0 0.10885416666666667 0.6476851851851851 0.010416666666666666 0.04351851851851852
0 0.13776041666666666 0.5805555555555556 0.009895833333333333 0.03888888888888889
0 0.11380208333333333 0.5666666666666667 0.009895833333333333 0.02962962962962963
0 0.13385416666666666 0.5370370370370371 0.010416666666666666 0.02962962962962963
0 0.07916666666666666 0.5634259259259259 0.010416666666666666 0.04351851851851852
0 0.08984375 0.5648148148148148 0.008854166666666666 0.040740740740740744
0 0.05703125 0.5462962962962963 0.009895833333333333 0.03888888888888889
0 0.01796875 0.7560185185185185 0.015104166666666667 0.04537037037037037
0 0.03411458333333333 0.6180555555555556 0.013020833333333334 0.04722222222222222
0 0.03307291666666667 0.5814814814814815 0.0109375 0.037037037037037035
0 0.03307291666666667 0.5532407407407407 0.009895833333333333 0.032407407407407406
0 0.026041666666666668 0.5578703703703703 0.009375 0.03796296296296296
0 0.016927083333333332 0.5425925925925926 0.0078125 0.03888888888888889
0 0.009114583333333334 0.5347222222222222 0.0109375 0.041666666666666664
0 0.17552083333333332 0.47962962962962963 0.008333333333333333 0.03333333333333333
0 0.18359375 0.40694444444444444 0.005729166666666666 0.028703703703703703
0 0.028385416666666666 0.4476851851851852 0.0078125 0.026851851851851852
0 0.0049479166666666664 0.4537037037037037 0.0078125 0.03333333333333333
0 0.23697916666666666 0.475462962962963 0.007291666666666667 0.032407407407407406
0 0.25729166666666664 0.42453703703703705 0.007291666666666667 0.032407407407407406
0 0.20833333333333334 0.3680555555555556 0.004166666666666667 0.025
0 0.22369791666666666 0.375 0.0046875 0.024074074074074074
0 0.2265625 0.3726851851851852 0.004166666666666667 0.025
0 0.23645833333333333 0.37592592592592594 0.005208333333333333 0.018518518518518517
0 0.25338541666666664 0.36898148148148147 0.005729166666666666 0.021296296296296296
0 0.26979166666666665 0.37083333333333335 0.005208333333333333 0.019444444444444445
0 0.24635416666666668 0.25925925925925924 0.004166666666666667 0.016666666666666666
0 0.2677083333333333 0.29259259259259257 0.003125 0.014814814814814815
0 0.31276041666666665 0.30416666666666664 0.0036458333333333334 0.019444444444444445
0 0.3078125 0.30787037037037035 0.003125 0.01574074074074074
0 0.30807291666666664 0.3194444444444444 0.0046875 0.018518518518518517
0 0.30052083333333335 0.26064814814814813 0.004166666666666667 0.017592592592592594
0 0.30182291666666666 0.27685185185185185 0.0036458333333333334 0.018518518518518517
0 0.2981770833333333 0.2773148148148148 0.0026041666666666665 0.017592592592592594
0 0.2872395833333333 0.25324074074074077 0.0026041666666666665 0.017592592592592594
0 0.290625 0.25324074074074077 0.003125 0.019444444444444445
0 0.29453125 0.24212962962962964 0.0026041666666666665 0.01574074074074074
0 0.3151041666666667 0.3541666666666667 0.004166666666666667 0.023148148148148147
0 0.33098958333333334 0.34120370370370373 0.0036458333333333334 0.012037037037037037
0 0.3458333333333333 0.2523148148148148 0.004166666666666667 0.017592592592592594
0 0.3359375 0.2375 0.0020833333333333333 0.008333333333333333
0 0.33307291666666666 0.22592592592592592 0.0015625 0.007407407407407408
0 0.2950520833333333 0.22685185185185186 0.0026041666666666665 0.012962962962962963
0 0.2833333333333333 0.22685185185185186 0.0020833333333333333 0.011111111111111112
0 0.5302083333333333 0.3296296296296296 0.0020833333333333333 0.020370370370370372
0 0.47552083333333334 0.25 0.0010416666666666667 0.011111111111111112
0 0.47682291666666665 0.2490740740740741 0.0015625 0.012962962962962963
0 0.4791666666666667 0.24953703703703703 0.0020833333333333333 0.013888888888888888
0 0.026041666666666668 0.8902777777777777 0.025 0.06574074074074074
0 0.00703125 0.9111111111111111 0.0140625 0.07407407407407407
0 0.006510416666666667 0.9703703703703703 0.0109375 0.05925925925925926
0 0.0036458333333333334 0.7819444444444444 0.007291666666666667 0.049074074074074076
0 0.41328125 0.24768518518518517 0.0026041666666666665 0.013888888888888888