0 0.8922794117647059 0.1718954248366013 0.0125 0.040522875816993466
0 0.3977941176470588 0.036601307189542485 0.007352941176470588 0.047058823529411764
0 0.4661764705882353 0.015032679738562092 0.0058823529411764705 0.030065359477124184
0 0.48676470588235293 0.027450980392156862 0.007352941176470588 0.03398692810457516
0 0.4904411764705882 0.046405228758169936 0.007352941176470588 0.043137254901960784
0 0.49669117647058825 0.034640522875816995 0.011029411764705883 0.032679738562091505
0 0.5227941176470589 0.03725490196078431 0.011764705882352941 0.027450980392156862
0 0.5400735294117647 0.11830065359477124 0.008088235294117648 0.03790849673202614
0 0.5147058823529411 0.11372549019607843 0.0058823529411764705 0.04183006535947712
0 0.5128676470588235 0.12091503267973856 0.006617647058823529 0.040522875816993466
0 0.5139705882352941 0.14575163398692811 0.010294117647058823 0.027450980392156862
0 0.6757352941176471 0.9627450980392157 0.01911764705882353 0.07450980392156863
0 0.6268382352941176 0.7176470588235294 0.015441176470588236 0.07058823529411765
0 0.524264705882353 0.9816993464052287 0.016176470588235296 0.036601307189542485
0 0.5011029411764706 0.9830065359477124 0.021323529411764706 0.03398692810457516
0 0.5191176470588236 0.873202614379085 0.01911764705882353 0.08104575163398693
0 0.5378676470588235 0.6522875816993464 0.021323529411764706 0.06013071895424837
0 0.43529411764705883 0.8124183006535948 0.020588235294117647 0.05359477124183006
0 0.4823529411764706 0.5019607843137255 0.013235294117647059 0.07058823529411765
0 0.44926470588235295 0.515686274509804 0.007352941176470588 0.03790849673202614
0 0.4540441176470588 0.5294117647058824 0.011029411764705883 0.0392156862745098
0 0.4577205882352941 0.40522875816993464 0.0125 0.054901960784313725
0 0.5143382352941176 0.2477124183006536 0.006617647058823529 0.040522875816993466
0 0.5055147058823529 0.24313725490196078 0.009558823529411765 0.05751633986928104
0 0.46654411764705883 0.26405228758169935 0.006617647058823529 0.03398692810457516
0 0.4577205882352941 0.2503267973856209 0.009558823529411765 0.050980392156862744
0 0.4551470588235294 0.30130718954248364 0.008823529411764706 0.05620915032679739
0 0.4349264705882353 0.2633986928104575 0.009558823529411765 0.058823529411764705
0 0.4389705882352941 0.2954248366013072 0.008823529411764706 0.06013071895424837
0 0.3503676470588235 0.23071895424836603 0.011029411764705883 0.06405228758169934
0 0.3636029411764706 0.24248366013071895 0.011029411764705883 0.06143790849673202
0 0.38676470588235295 0.2549019607843137 0.010294117647058823 0.05228758169934641
0 0.37279411764705883 0.22418300653594772 0.010294117647058823 0.058823529411764705
0 0.3830882352941177 0.2222222222222222 0.008823529411764706 0.04967320261437908
0 0.40441176470588236 0.21633986928104576 0.008823529411764706 0.032679738562091505
0 0.4198529411764706 0.22418300653594772 0.008823529411764706 0.05359477124183006
0 0.4227941176470588 0.20392156862745098 0.010294117647058823 0.054901960784313725
0 0.33198529411764705 0.16339869281045752 0.013970588235294118 0.02875816993464052
0 0.4360294117647059 0.1830065359477124 0.014705882352941176 0.054901960784313725
0 0.45 0.1568627450980392 0.008823529411764706 0.04967320261437908
0 0.4547794117647059 0.14836601307189543 0.006617647058823529 0.050980392156862744
0 0.4591911764705882 0.15490196078431373 0.005147058823529412 0.030065359477124184
0 0.4102941176470588 0.10130718954248366 0.013235294117647059 0.030065359477124184
0 0.5415441176470588 0.5084967320261438 0.013970588235294118 0.06797385620915032
0 0.4113970588235294 0.013071895424836602 0.005147058823529412 0.026143790849673203