0 0.16323529411764706 0.049019607843137254 0.007352941176470588 0.0196078431372549
0 0.3834558823529412 0.7705882352941177 0.022794117647058822 0.050980392156862744
0 0.8202205882352941 0.6784313725490196 0.019852941176470587 0.06797385620915032
0 0.5959558823529412 0.5241830065359477 0.0125 0.05751633986928104
0 0.6529411764705882 0.39215686274509803 0.011764705882352941 0.05228758169934641
0 0.6316176470588235 0.5542483660130719 0.010294117647058823 0.04183006535947712
0 0.6389705882352941 0.5522875816993464 0.010294117647058823 0.043137254901960784
0 0.6224264705882353 0.2477124183006536 0.011029411764705883 0.0457516339869281
0 0.5992647058823529 0.24901960784313726 0.008823529411764706 0.043137254901960784
0 0.6058823529411764 0.24052287581699347 0.010294117647058823 0.047058823529411764
0 0.5408088235294117 0.1627450980392157 0.006617647058823529 0.03790849673202614
0 0.49375 0.22483660130718955 0.006617647058823529 0.0392156862745098