0 0.6091911764705882 0.8183006535947712 0.013970588235294118 0.05751633986928104
0 0.643014705882353 0.9300653594771242 0.011029411764705883 0.08758169934640522
0 0.6621323529411764 0.8947712418300654 0.013970588235294118 0.06928104575163399
0 0.6536764705882353 0.9013071895424837 0.010294117647058823 0.050980392156862744
0 0.6441176470588236 0.884313725490196 0.016176470588235296 0.06143790849673202
0 0.6444852941176471 0.8607843137254902 0.011029411764705883 0.05620915032679739
0 0.6558823529411765 0.8686274509803922 0.010294117647058823 0.0457516339869281
0 0.6507352941176471 0.8470588235294118 0.014705882352941176 0.06274509803921569
0 0.6345588235294117 0.8326797385620915 0.008823529411764706 0.03398692810457516
0 0.6433823529411765 0.8117647058823529 0.013235294117647059 0.06013071895424837
0 0.6529411764705882 0.8169934640522876 0.008823529411764706 0.044444444444444446
0 0.6625 0.8254901960784313 0.011764705882352941 0.058823529411764705
0 0.7088235294117647 0.8307189542483661 0.011764705882352941 0.06143790849673202
0 0.7338235294117647 0.8209150326797385 0.011764705882352941 0.06013071895424837
0 0.6966911764705882 0.803921568627451 0.011029411764705883 0.05751633986928104
0 0.6797794117647059 0.8725490196078431 0.011029411764705883 0.06405228758169934
0 0.6915441176470588 0.8516339869281045 0.009558823529411765 0.0457516339869281
0 0.7066176470588236 0.5679738562091503 0.008823529411764706 0.043137254901960784
0 0.788235294117647 0.5058823529411764 0.008823529411764706 0.0392156862745098
0 0.8426470588235294 0.7196078431372549 0.014705882352941176 0.058823529411764705
0 0.9352941176470588 0.7869281045751634 0.016176470588235296 0.06274509803921569
0 0.9503676470588235 0.7875816993464052 0.01838235294117647 0.06143790849673202
0 0.9466911764705882 0.7699346405228759 0.015441176470588236 0.06797385620915032
0 0.59375 0.28954248366013075 0.003676470588235294 0.01699346405228758
0 0.5955882352941176 0.28954248366013075 0.0029411764705882353 0.01699346405228758
0 0.7941176470588235 0.3254901960784314 0.004411764705882353 0.02091503267973856