0 0.05036764705882353 0.37254901960784315 0.011029411764705883 0.02875816993464052
0 0.10588235294117647 0.36993464052287583 0.013235294117647059 0.03137254901960784
0 0.5128676470588235 0.40065359477124185 0.005147058823529412 0.022222222222222223
0 0.5066176470588235 0.3980392156862745 0.010294117647058823 0.030065359477124184
0 0.28308823529411764 0.1261437908496732 0.007352941176470588 0.02483660130718954
0 0.7363970588235295 0.47516339869281043 0.011029411764705883 0.050980392156862744
0 0.7422794117647059 0.47516339869281043 0.0125 0.0457516339869281
0 0.5238970588235294 0.18104575163398692 0.003676470588235294 0.027450980392156862
0 0.54375 0.22091503267973855 0.006617647058823529 0.03137254901960784
0 0.5356617647058823 0.1843137254901961 0.005147058823529412 0.026143790849673203
0 0.5643382352941176 0.1503267973856209 0.005147058823529412 0.026143790849673203
0 0.5595588235294118 0.15555555555555556 0.0029411764705882353 0.013071895424836602
0 0.4724264705882353 0.29934640522875816 0.006617647058823529 0.036601307189542485
0 0.4768382352941177 0.29411764705882354 0.006617647058823529 0.036601307189542485
0 0.5051470588235294 0.3130718954248366 0.007352941176470588 0.040522875816993466
0 0.5301470588235294 0.3366013071895425 0.008823529411764706 0.03790849673202614
0 0.5330882352941176 0.3 0.0058823529411764705 0.032679738562091505
0 0.5386029411764706 0.2973856209150327 0.006617647058823529 0.03790849673202614
0 0.5602941176470588 0.28627450980392155 0.008823529411764706 0.03137254901960784
0 0.5569852941176471 0.27712418300653596 0.009558823529411765 0.03137254901960784
0 0.6 0.21568627450980393 0.0058823529411764705 0.026143790849673203
0 0.6150735294117647 0.32679738562091504 0.011029411764705883 0.03137254901960784
0 0.6209558823529412 0.3261437908496732 0.005147058823529412 0.030065359477124184
0 0.7205882352941176 0.2601307189542484 0.008823529411764706 0.023529411764705882
0 0.6996323529411764 0.19477124183006536 0.006617647058823529 0.02875816993464052
0 0.7066176470588236 0.19411764705882353 0.0058823529411764705 0.022222222222222223
0 0.7110294117647059 0.19281045751633988 0.0058823529411764705 0.027450980392156862
0 0.9941176470588236 0.46143790849673205 0.011764705882352941 0.044444444444444446
0 0.9852941176470589 0.46013071895424834 0.010294117647058823 0.044444444444444446
0 0.9801470588235294 0.4549019607843137 0.011764705882352941 0.04183006535947712
0 0.955514705882353 0.6281045751633987 0.015441176470588236 0.05620915032679739
0 0.9411764705882353 0.6176470588235294 0.014705882352941176 0.050980392156862744
0 0.9393382352941176 0.6058823529411764 0.008088235294117648 0.027450980392156862
0 0.9297794117647059 0.4477124183006536 0.013970588235294118 0.032679738562091505
0 0.875 0.45816993464052286 0.011764705882352941 0.0457516339869281
0 0.8444852941176471 0.48562091503267973 0.015441176470588236 0.043137254901960784
0 0.8415441176470588 0.4875816993464052 0.009558823529411765 0.03398692810457516
0 0.88125 0.5450980392156862 0.013970588235294118 0.05228758169934641
0 0.8900735294117647 0.5470588235294118 0.011029411764705883 0.043137254901960784