0 0.33455882352941174 0.36797385620915035 0.004411764705882353 0.01699346405228758
0 0.32941176470588235 0.36209150326797385 0.004411764705882353 0.018300653594771243
0 0.32536764705882354 0.3686274509803922 0.003676470588235294 0.02091503267973856
0 0.32536764705882354 0.34509803921568627 0.003676470588235294 0.01568627450980392
0 0.33676470588235297 0.33986928104575165 0.0058823529411764705 0.018300653594771243
0 0.3408088235294118 0.36405228758169933 0.003676470588235294 0.0196078431372549
0 0.34338235294117647 0.36470588235294116 0.004411764705882353 0.02091503267973856
0 0.34963235294117645 0.36405228758169933 0.003676470588235294 0.0196078431372549
0 0.2948529411764706 0.3784313725490196 0.0029411764705882353 0.022222222222222223
0 0.2922794117647059 0.3790849673202614 0.005147058823529412 0.02091503267973856
0 0.2889705882352941 0.37777777777777777 0.0029411764705882353 0.023529411764705882
0 0.30514705882352944 0.37712418300653594 0.004411764705882353 0.0196078431372549
0 0.30551470588235297 0.37254901960784315 0.003676470588235294 0.01045751633986928
0 0.2757352941176471 0.41241830065359475 0.0058823529411764705 0.02483660130718954
0 0.26948529411764705 0.4111111111111111 0.005147058823529412 0.022222222222222223
0 0.25073529411764706 0.5908496732026144 0.0058823529411764705 0.0392156862745098
0 0.18345588235294116 0.6496732026143791 0.008088235294117648 0.044444444444444446
0 0.17683823529411766 0.6483660130718955 0.008088235294117648 0.047058823529411764
0 0.18419117647058825 0.7601307189542483 0.009558823529411765 0.06405228758169934
0 0.18566176470588236 0.7490196078431373 0.0125 0.05751633986928104
0 0.18382352941176472 0.7352941176470589 0.013235294117647059 0.058823529411764705
0 0.16286764705882353 0.7705882352941177 0.009558823529411765 0.05620915032679739
0 0.039338235294117646 0.8326797385620915 0.0125 0.054901960784313725
0 0.054411764705882354 0.7261437908496732 0.010294117647058823 0.048366013071895426
0 0.04779411764705882 0.7261437908496732 0.010294117647058823 0.06143790849673202
0 0.05551470588235294 0.7562091503267974 0.011029411764705883 0.0457516339869281
0 0.1536764705882353 0.7300653594771241 0.007352941176470588 0.05620915032679739
0 0.6772058823529412 0.6294117647058823 0.0058823529411764705 0.040522875816993466
0 0.8363970588235294 0.9777777777777777 0.11544117647058824 0.044444444444444446
0 0.794485294117647 0.7411764705882353 0.009558823529411765 0.05228758169934641
0 0.7878676470588235 0.7352941176470589 0.008088235294117648 0.0457516339869281
0 0.7827205882352941 0.738562091503268 0.008088235294117648 0.05228758169934641
0 0.9102941176470588 0.8130718954248366 0.013235294117647059 0.06274509803921569
0 0.8922794117647059 0.8156862745098039 0.013970588235294118 0.06274509803921569
0 0.8941176470588236 0.7496732026143791 0.008823529411764706 0.05359477124183006
0 0.8860294117647058 0.7509803921568627 0.008823529411764706 0.050980392156862744
0 0.8974264705882353 0.6647058823529411 0.008088235294117648 0.0457516339869281
0 0.8860294117647058 0.681045751633987 0.010294117647058823 0.04967320261437908
0 0.8231617647058823 0.6797385620915033 0.009558823529411765 0.04183006535947712
0 0.81875 0.6398692810457516 0.008088235294117648 0.043137254901960784
0 0.8121323529411765 0.6411764705882353 0.008088235294117648 0.040522875816993466
0 0.7676470588235295 0.6104575163398693 0.007352941176470588 0.04183006535947712
0 0.7621323529411764 0.6215686274509804 0.006617647058823529 0.040522875816993466
0 0.7382352941176471 0.5993464052287582 0.007352941176470588 0.040522875816993466
0 0.8136029411764706 0.5875816993464053 0.008088235294117648 0.03790849673202614
0 0.8117647058823529 0.5862745098039216 0.008823529411764706 0.03790849673202614
0 0.8176470588235294 0.5633986928104575 0.007352941176470588 0.0392156862745098
0 0.8227941176470588 0.5601307189542484 0.008823529411764706 0.03529411764705882
0 0.7639705882352941 0.5372549019607843 0.0058823529411764705 0.036601307189542485
0 0.7602941176470588 0.538562091503268 0.0058823529411764705 0.03137254901960784
0 0.7378676470588236 0.5751633986928104 0.006617647058823529 0.036601307189542485
0 0.7338235294117647 0.550326797385621 0.0058823529411764705 0.0392156862745098
0 0.736764705882353 0.4522875816993464 0.004411764705882353 0.02875816993464052
0 0.7253676470588235 0.45751633986928103 0.005147058823529412 0.026143790849673203
0 0.8683823529411765 0.8248366013071895 0.014705882352941176 0.036601307189542485
0 0.8459558823529412 0.7660130718954249 0.0125 0.047058823529411764
0 0.8132352941176471 0.7052287581699347 0.010294117647058823 0.03529411764705882
0 0.7566176470588235 0.5699346405228758 0.007352941176470588 0.03137254901960784
0 0.7191176470588235 0.5856209150326798 0.008823529411764706 0.026143790849673203
0 0.4849264705882353 0.3562091503267974 0.003676470588235294 0.01437908496732026
0 0.44779411764705884 0.3477124183006536 0.004411764705882353 0.013071895424836602
0 0.4772058823529412 0.37058823529411766 0.0029411764705882353 0.0196078431372549
0 0.47463235294117645 0.37254901960784315 0.003676470588235294 0.018300653594771243
0 0.4702205882352941 0.3686274509803922 0.003676470588235294 0.01568627450980392
0 0.46801470588235294 0.36797385620915035 0.003676470588235294 0.01699346405228758
0 0.45992647058823527 0.36797385620915035 0.003676470588235294 0.01699346405228758
0 0.46139705882352944 0.38169934640522873 0.005147058823529412 0.02091503267973856
0 0.44375 0.3784313725490196 0.003676470588235294 0.01699346405228758
0 0.44375 0.36993464052287583 0.003676470588235294 0.02091503267973856
0 0.44191176470588234 0.369281045751634 0.0029411764705882353 0.01699346405228758
0 0.4404411764705882 0.3784313725490196 0.0029411764705882353 0.0196078431372549
0 0.4386029411764706 0.37712418300653594 0.0022058823529411764 0.0196078431372549
0 0.43566176470588236 0.3764705882352941 0.003676470588235294 0.018300653594771243
0 0.43419117647058825 0.37516339869281046 0.003676470588235294 0.018300653594771243
0 0.4202205882352941 0.3790849673202614 0.003676470588235294 0.01568627450980392
0 0.41948529411764707 0.37516339869281046 0.003676470588235294 0.018300653594771243
0 0.41654411764705884 0.37516339869281046 0.003676470588235294 0.018300653594771243
0 0.41323529411764703 0.3784313725490196 0.004411764705882353 0.01699346405228758
0 0.4279411764705882 0.3764705882352941 0.004411764705882353 0.02091503267973856
0 0.5040441176470588 0.3869281045751634 0.003676470588235294 0.01568627450980392
0 0.5040441176470588 0.3784313725490196 0.003676470588235294 0.01437908496732026
0 0.5 0.38235294117647056 0.0029411764705882353 0.01699346405228758
0 0.5007352941176471 0.37973856209150325 0.0029411764705882353 0.0196078431372549
0 0.5419117647058823 0.36013071895424836 0.0029411764705882353 0.01437908496732026
0 0.5584558823529412 0.35947712418300654 0.003676470588235294 0.013071895424836602
0 0.5658088235294118 0.3607843137254902 0.003676470588235294 0.01045751633986928
0 0.5628676470588235 0.35947712418300654 0.0022058823529411764 0.013071895424836602
0 0.5948529411764706 0.3810457516339869 0.004411764705882353 0.0196078431372549
0 0.5915441176470588 0.38169934640522873 0.003676470588235294 0.02091503267973856
0 0.5544117647058824 0.3790849673202614 0.004411764705882353 0.02091503267973856
0 0.4536764705882353 0.3784313725490196 0.004411764705882353 0.01437908496732026
0 0.4742647058823529 0.32287581699346407 0.0029411764705882353 0.013071895424836602
0 0.46139705882352944 0.3235294117647059 0.0022058823529411764 0.01437908496732026
0 0.45588235294117646 0.32287581699346407 0.0029411764705882353 0.013071895424836602
0 0.7044117647058824 0.41633986928104577 0.004411764705882353 0.01699346405228758
0 0.7011029411764705 0.41568627450980394 0.003676470588235294 0.02091503267973856
0 0.69375 0.4169934640522876 0.003676470588235294 0.023529411764705882
0 0.6911764705882353 0.4169934640522876 0.0029411764705882353 0.02091503267973856
0 0.6878676470588235 0.41830065359477125 0.003676470588235294 0.02091503267973856
0 0.6952205882352941 0.42745098039215684 0.005147058823529412 0.023529411764705882
0 0.6996323529411764 0.4300653594771242 0.005147058823529412 0.023529411764705882
0 0.7040441176470589 0.43137254901960786 0.003676470588235294 0.023529411764705882
0 0.7069852941176471 0.43137254901960786 0.005147058823529412 0.02091503267973856
0 0.7110294117647059 0.43790849673202614 0.004411764705882353 0.026143790849673203
0 0.7113970588235294 0.42745098039215684 0.003676470588235294 0.023529411764705882
0 0.7139705882352941 0.42810457516339867 0.004411764705882353 0.02483660130718954
0 0.6639705882352941 0.396078431372549 0.004411764705882353 0.023529411764705882
0 0.6378676470588235 0.4241830065359477 0.005147058823529412 0.01699346405228758
0 0.6477941176470589 0.42745098039215684 0.004411764705882353 0.018300653594771243
0 0.64375 0.42810457516339867 0.005147058823529412 0.0196078431372549
0 0.6301470588235294 0.45098039215686275 0.004411764705882353 0.023529411764705882
0 0.6588235294117647 0.4326797385620915 0.004411764705882353 0.026143790849673203
0 0.6558823529411765 0.4372549019607843 0.004411764705882353 0.01699346405228758
0 0.6621323529411764 0.4549019607843137 0.005147058823529412 0.01568627450980392
0 0.65625 0.4516339869281046 0.005147058823529412 0.01699346405228758
0 0.6518382352941177 0.4568627450980392 0.005147058823529412 0.01699346405228758