0 0.703125 0.7481481481481481 0.014583333333333334 0.04259259259259259
0 0.3893229166666667 0.41759259259259257 0.0067708333333333336 0.03148148148148148
0 0.6377604166666667 0.4361111111111111 0.0067708333333333336 0.02962962962962963
0 0.6510416666666666 0.4287037037037037 0.00625 0.027777777777777776
0 0.6161458333333333 0.2898148148148148 0.003125 0.016666666666666666
0 0.4674479166666667 0.32546296296296295 0.0046875 0.010185185185185186
0 0.48671875 0.2935185185185185 0.0036458333333333334 0.011111111111111112
0 0.4666666666666667 0.287962962962963 0.003125 0.014814814814814815
0 0.46510416666666665 0.2861111111111111 0.0020833333333333333 0.012962962962962963
0 0.4783854166666667 0.26944444444444443 0.0026041666666666665 0.009259259259259259
0 0.4830729166666667 0.27685185185185185 0.0036458333333333334 0.009259259259259259
0 0.48723958333333334 0.27314814814814814 0.0036458333333333334 0.009259259259259259
0 0.49140625 0.2 0.0026041666666666665 0.007407407407407408
0 0.5182291666666666 0.20694444444444443 0.0020833333333333333 0.010185185185185186
0 0.5755208333333334 0.24675925925925926 0.0020833333333333333 0.008333333333333333