0 0.7744791666666667 0.9587962962962963 0.028125 0.06388888888888888
0 0.3572916666666667 0.4185185185185185 0.004166666666666667 0.025925925925925925
0 0.3609375 0.4125 0.004166666666666667 0.023148148148148147
0 0.3651041666666667 0.4060185185185185 0.004166666666666667 0.025
0 0.5591145833333333 0.38472222222222224 0.0046875 0.025
0 0.41119791666666666 0.33287037037037037 0.0046875 0.017592592592592594
0 0.5270833333333333 0.300462962962963 0.003125 0.012037037037037037
0 0.5338541666666666 0.2796296296296296 0.0020833333333333333 0.009259259259259259
0 0.9205729166666666 0.43703703703703706 0.0046875 0.027777777777777776
0 0.115625 0.8421296296296297 0.013541666666666667 0.05092592592592592
0 0.13619791666666667 0.8453703703703703 0.018229166666666668 0.05740740740740741