0 0.47757352941176473 0.0934640522875817 0.003676470588235294 0.01699346405228758
0 0.48125 0.11960784313725491 0.003676470588235294 0.01699346405228758
0 0.47316176470588234 0.12679738562091503 0.003676470588235294 0.018300653594771243
0 0.48933823529411763 0.15620915032679739 0.003676470588235294 0.0196078431372549
0 0.4827205882352941 0.15620915032679739 0.005147058823529412 0.022222222222222223
0 0.49522058823529413 0.15751633986928104 0.005147058823529412 0.0196078431372549
0 0.5091911764705882 0.23921568627450981 0.005147058823529412 0.02091503267973856
0 0.4944852941176471 0.2150326797385621 0.005147058823529412 0.0196078431372549
0 0.6290441176470588 0.3464052287581699 0.006617647058823529 0.026143790849673203
0 0.6367647058823529 0.33725490196078434 0.007352941176470588 0.026143790849673203
0 0.5602941176470588 0.722875816993464 0.008823529411764706 0.04183006535947712
0 0.5323529411764706 0.5666666666666667 0.008823529411764706 0.03790849673202614
0 0.5441176470588235 0.6274509803921569 0.0058823529411764705 0.02875816993464052
0 0.5389705882352941 0.6189542483660131 0.0058823529411764705 0.022222222222222223
0 0.5205882352941177 0.8830065359477124 0.014705882352941176 0.03529411764705882
0 0.5194852941176471 0.8718954248366013 0.0125 0.023529411764705882
0 0.42573529411764705 0.7411764705882353 0.010294117647058823 0.04183006535947712
0 0.42720588235294116 0.7281045751633987 0.010294117647058823 0.02875816993464052
0 0.43308823529411766 0.5777777777777777 0.010294117647058823 0.03137254901960784
0 0.30551470588235297 0.5516339869281046 0.009558823529411765 0.0392156862745098
0 0.20625 0.9065359477124183 0.0125 0.043137254901960784
0 0.5014705882352941 0.4934640522875817 0.010294117647058823 0.02483660130718954
0 0.5102941176470588 0.41568627450980394 0.0058823529411764705 0.018300653594771243
0 0.5106617647058823 0.40980392156862744 0.006617647058823529 0.022222222222222223
0 0.49779411764705883 0.3477124183006536 0.0058823529411764705 0.01568627450980392
0 0.5018382352941176 0.34967320261437906 0.005147058823529412 0.011764705882352941
0 0.6801470588235294 0.8444444444444444 0.007352941176470588 0.03398692810457516
0 0.6863970588235294 0.8633986928104576 0.009558823529411765 0.027450980392156862
0 0.5779411764705882 0.2065359477124183 0.004411764705882353 0.02091503267973856
0 0.5735294117647058 0.20065359477124184 0.004411764705882353 0.022222222222222223
0 0.5893382352941177 0.13986928104575164 0.005147058823529412 0.01568627450980392