0 0.5966145833333333 0.711574074074074 0.011979166666666667 0.041666666666666664
0 0.5484375 0.38472222222222224 0.00625 0.023148148148148147
0 0.28229166666666666 0.36157407407407405 0.00625 0.026851851851851852
0 0.39348958333333334 0.19722222222222222 0.0026041666666666665 0.007407407407407408
0 0.3333333333333333 0.32175925925925924 0.005208333333333333 0.017592592592592594
0 0.30625 0.3226851851851852 0.00625 0.017592592592592594
0 0.19505208333333332 0.17962962962962964 0.0026041666666666665 0.011111111111111112
0 0.8684895833333334 0.32407407407407407 0.005729166666666666 0.020370370370370372
0 0.85703125 0.3333333333333333 0.005729166666666666 0.018518518518518517
0 0.8510416666666667 0.3263888888888889 0.005208333333333333 0.023148148148148147
0 0.8450520833333334 0.32314814814814813 0.0046875 0.012962962962962963
0 0.8411458333333334 0.3189814814814815 0.005208333333333333 0.013888888888888888
0 0.9721354166666667 0.35509259259259257 0.0046875 0.023148148148148147
0 0.94921875 0.3537037037037037 0.0046875 0.024074074074074074