0 0.12904411764705884 0.7137254901960784 0.009558823529411765 0.04183006535947712
0 0.33933823529411766 0.6686274509803921 0.011029411764705883 0.040522875816993466
0 0.7397058823529412 0.7339869281045751 0.013235294117647059 0.043137254901960784
0 0.5558823529411765 0.5313725490196078 0.008823529411764706 0.032679738562091505
0 0.6231617647058824 0.742483660130719 0.015441176470588236 0.06274509803921569
0 0.6411764705882353 0.7522875816993464 0.011764705882352941 0.03529411764705882
0 0.7772058823529412 0.9313725490196079 0.013235294117647059 0.06405228758169934
0 0.7867647058823529 0.7915032679738562 0.008823529411764706 0.05620915032679739
0 0.5955882352941176 0.534640522875817 0.008823529411764706 0.044444444444444446
0 0.5797794117647059 0.5254901960784314 0.009558823529411765 0.0392156862745098
0 0.5610294117647059 0.4673202614379085 0.007352941176470588 0.040522875816993466
0 0.5319852941176471 0.6758169934640523 0.011029411764705883 0.04967320261437908
0 0.2867647058823529 0.5581699346405229 0.008823529411764706 0.044444444444444446
0 0.2698529411764706 0.5522875816993464 0.013235294117647059 0.043137254901960784
0 0.1988970588235294 0.45294117647058824 0.008088235294117648 0.02483660130718954
0 0.6680147058823529 0.19607843137254902 0.005147058823529412 0.02091503267973856
0 0.6738970588235295 0.1980392156862745 0.006617647058823529 0.0196078431372549
0 0.7676470588235295 0.37516339869281046 0.0058823529411764705 0.036601307189542485
0 0.5077205882352941 0.17647058823529413 0.005147058823529412 0.018300653594771243
0 0.2139705882352941 0.4176470588235294 0.010294117647058823 0.0457516339869281
0 0.6566176470588235 0.5254901960784314 0.010294117647058823 0.05228758169934641
0 0.3238970588235294 0.29411764705882354 0.005147058823529412 0.02875816993464052
0 0.3209558823529412 0.29477124183006537 0.006617647058823529 0.03529411764705882
0 0.22463235294117648 0.17908496732026144 0.008088235294117648 0.023529411764705882
0 0.3161764705882353 0.2869281045751634 0.0058823529411764705 0.027450980392156862
0 0.3113970588235294 0.2849673202614379 0.005147058823529412 0.03137254901960784
0 0.16323529411764706 0.22091503267973855 0.0058823529411764705 0.026143790849673203
0 0.4338235294117647 0.18235294117647058 0.0058823529411764705 0.01699346405228758
0 0.5654411764705882 0.44836601307189544 0.010294117647058823 0.036601307189542485
0 0.6658088235294117 0.13333333333333333 0.005147058823529412 0.018300653594771243
0 0.6591911764705882 0.13333333333333333 0.003676470588235294 0.02091503267973856
0 0.674264705882353 0.14052287581699346 0.004411764705882353 0.01699346405228758
0 0.6529411764705882 0.13660130718954247 0.0058823529411764705 0.030065359477124184