0 0.8671875 0.8101851851851852 0.015625 0.07592592592592592
0 0.8036458333333333 0.8074074074074075 0.011458333333333333 0.07037037037037037
0 0.7583333333333333 0.7814814814814814 0.014583333333333334 0.06666666666666667
0 0.6395833333333333 0.7175925925925926 0.010416666666666666 0.05740740740740741
0 0.5895833333333333 0.6027777777777777 0.010416666666666666 0.03148148148148148
0 0.5661458333333333 0.6064814814814815 0.007291666666666667 0.03148148148148148
0 0.55625 0.5898148148148148 0.008333333333333333 0.03518518518518519
0 0.5416666666666666 0.5638888888888889 0.00625 0.027777777777777776
0 0.5453125 0.5425925925925926 0.005208333333333333 0.018518518518518517
0 0.5453125 0.5324074074074074 0.005208333333333333 0.012962962962962963
0 0.5442708333333334 0.5175925925925926 0.005208333333333333 0.009259259259259259
0 0.5442708333333334 0.47314814814814815 0.007291666666666667 0.020370370370370372
0 0.5052083333333334 0.46944444444444444 0.004166666666666667 0.016666666666666666
0 0.5114583333333333 0.4564814814814815 0.004166666666666667 0.016666666666666666
0 0.5171875 0.4685185185185185 0.005208333333333333 0.014814814814814815
0 0.47760416666666666 0.4648148148148148 0.003125 0.014814814814814815
0 0.284375 0.5814814814814815 0.00625 0.037037037037037035
0 0.265625 0.6037037037037037 0.0125 0.044444444444444446
0 0.21979166666666666 0.8814814814814815 0.016666666666666666 0.06296296296296296
0 0.22916666666666666 0.8851851851851852 0.0125 0.05555555555555555
0 0.309375 0.8009259259259259 0.016666666666666666 0.06111111111111111
0 0.515625 0.5462962962962963 0.004166666666666667 0.018518518518518517
0 0.5151041666666667 0.5425925925925926 0.005208333333333333 0.025925925925925925
0 0.3203125 0.6175925925925926 0.009375 0.027777777777777776
0 0.3203125 0.6027777777777777 0.007291666666666667 0.024074074074074074
0 0.34375 0.5564814814814815 0.00625 0.027777777777777776
0 0.41458333333333336 0.5185185185185185 0.00625 0.018518518518518517
0 0.4359375 0.4898148148148148 0.005208333333333333 0.016666666666666666
0 0.4473958333333333 0.47685185185185186 0.005208333333333333 0.016666666666666666
0 0.428125 0.48518518518518516 0.004166666666666667 0.014814814814814815
0 0.58125 0.8296296296296296 0.01875 0.05185185185185185
0 0.578125 0.8296296296296296 0.025 0.06296296296296296
0 0.9348958333333334 0.7 0.009375 0.044444444444444446