0 0.08345588235294117 0.03071895424836601 0.006617647058823529 0.027450980392156862
0 0.09301470588235294 0.026143790849673203 0.006617647058823529 0.02875816993464052
0 0.0900735294117647 0.0457516339869281 0.006617647058823529 0.03137254901960784
0 0.17830882352941177 0.08235294117647059 0.008088235294117648 0.023529411764705882
0 0.21470588235294116 0.29934640522875816 0.013235294117647059 0.036601307189542485
0 0.18713235294117647 0.46078431372549017 0.016911764705882352 0.05359477124183006
0 0.22426470588235295 0.43333333333333335 0.01764705882352941 0.0457516339869281
0 0.42573529411764705 0.2875816993464052 0.008823529411764706 0.036601307189542485
0 0.8165441176470588 0.3503267973856209 0.013970588235294118 0.0392156862745098
0 0.9213235294117647 0.29869281045751633 0.008823529411764706 0.0457516339869281
0 0.19779411764705881 0.769281045751634 0.023529411764705882 0.05359477124183006
0 0.19852941176470587 0.8156862745098039 0.023529411764705882 0.054901960784313725
0 0.5827205882352942 0.4019607843137255 0.011029411764705883 0.0457516339869281
0 0.6106617647058824 0.43333333333333335 0.016911764705882352 0.0457516339869281
0 0.5724264705882353 0.48627450980392156 0.016911764705882352 0.05228758169934641
0 0.538235294117647 0.44313725490196076 0.01911764705882353 0.054901960784313725
0 0.5720588235294117 0.4300653594771242 0.013235294117647059 0.05751633986928104