0 0.08198529411764706 0.9784313725490196 0.013970588235294118 0.03790849673202614
0 0.11875 0.9771241830065359 0.013970588235294118 0.0457516339869281
0 0.12463235294117647 0.9647058823529412 0.01838235294117647 0.054901960784313725
0 0.10625 0.9777777777777777 0.016911764705882352 0.044444444444444446
0 0.3636029411764706 0.530718954248366 0.008088235294117648 0.036601307189542485
0 0.36617647058823527 0.5235294117647059 0.004411764705882353 0.01699346405228758
0 0.35661764705882354 0.44509803921568625 0.0058823529411764705 0.0196078431372549
0 0.45992647058823527 0.39869281045751637 0.005147058823529412 0.023529411764705882
0 0.46838235294117647 0.3581699346405229 0.004411764705882353 0.02091503267973856
0 0.7507352941176471 0.8281045751633986 0.014705882352941176 0.058823529411764705
0 0.7213235294117647 0.7980392156862746 0.011764705882352941 0.05359477124183006
0 0.6033088235294117 0.7967320261437908 0.013970588235294118 0.043137254901960784
0 0.6143382352941177 0.5431372549019607 0.005147058823529412 0.03790849673202614
0 0.6106617647058824 0.5509803921568628 0.006617647058823529 0.03790849673202614
0 0.6033088235294117 0.534640522875817 0.005147058823529412 0.02875816993464052
0 0.5904411764705882 0.43594771241830066 0.0058823529411764705 0.027450980392156862
0 0.5540441176470589 0.3843137254901961 0.003676470588235294 0.018300653594771243
0 0.5768382352941176 0.3483660130718954 0.003676470588235294 0.022222222222222223
0 0.5573529411764706 0.3281045751633987 0.004411764705882353 0.018300653594771243
0 0.5393382352941176 0.2542483660130719 0.0022058823529411764 0.011764705882352941
0 0.4915441176470588 0.23529411764705882 0.003676470588235294 0.013071895424836602
0 0.4985294117647059 0.269281045751634 0.0029411764705882353 0.01045751633986928