0 0.6959558823529411 0.46339869281045754 0.015441176470588236 0.043137254901960784
0 0.7128676470588236 0.29673202614379085 0.011029411764705883 0.04967320261437908
0 0.743014705882353 0.3673202614379085 0.009558823529411765 0.04967320261437908
0 0.7665441176470589 0.3941176470588235 0.009558823529411765 0.05359477124183006
0 0.6639705882352941 0.2908496732026144 0.007352941176470588 0.03529411764705882
0 0.6676470588235294 0.2908496732026144 0.0058823529411764705 0.043137254901960784
0 0.8602941176470589 0.2673202614379085 0.007352941176470588 0.03790849673202614
0 0.8727941176470588 0.27058823529411763 0.007352941176470588 0.03398692810457516
0 0.9492647058823529 0.2568627450980392 0.008823529411764706 0.03790849673202614
0 0.7488970588235294 0.20980392156862746 0.009558823529411765 0.03790849673202614
0 0.7294117647058823 0.16209150326797386 0.007352941176470588 0.03137254901960784
0 0.7595588235294117 0.20980392156862746 0.0058823529411764705 0.030065359477124184
0 0.7650735294117647 0.2130718954248366 0.006617647058823529 0.03137254901960784
0 0.7786764705882353 0.21764705882352942 0.007352941176470588 0.032679738562091505
0 0.7830882352941176 0.22483660130718955 0.0058823529411764705 0.023529411764705882
0 0.7867647058823529 0.2130718954248366 0.0058823529411764705 0.02875816993464052
0 0.8216911764705882 0.1895424836601307 0.006617647058823529 0.03398692810457516
0 0.8246323529411764 0.19150326797385622 0.005147058823529412 0.022222222222222223
0 0.6128676470588236 0.20784313725490197 0.009558823529411765 0.023529411764705882
0 0.5386029411764706 0.12418300653594772 0.006617647058823529 0.026143790849673203
0 0.31948529411764703 0.8366013071895425 0.01838235294117647 0.05228758169934641
0 0.04522058823529412 0.5869281045751634 0.0125 0.0392156862745098
0 0.05330882352941176 0.5830065359477125 0.013970588235294118 0.044444444444444446
0 0.10147058823529412 0.35294117647058826 0.016176470588235296 0.04967320261437908
0 0.13602941176470587 0.3673202614379085 0.011764705882352941 0.04967320261437908
0 0.16397058823529412 0.361437908496732 0.011764705882352941 0.0457516339869281
0 0.15735294117647058 0.365359477124183 0.008823529411764706 0.032679738562091505
0 0.15625 0.38823529411764707 0.011029411764705883 0.044444444444444446
0 0.15183823529411763 0.4398692810457516 0.013970588235294118 0.058823529411764705
0 0.2893382352941177 0.21633986928104576 0.006617647058823529 0.03529411764705882
0 0.3136029411764706 0.23006535947712417 0.006617647058823529 0.026143790849673203
0 0.40183823529411766 0.2869281045751634 0.006617647058823529 0.043137254901960784
0 0.41544117647058826 0.28888888888888886 0.007352941176470588 0.036601307189542485
0 0.14191176470588235 0.18758169934640523 0.011764705882352941 0.02483660130718954