0 0.3703125 0.6259259259259259 0.009375 0.022222222222222223
0 0.375 0.6222222222222222 0.010416666666666666 0.037037037037037035
0 0.6015625 0.6564814814814814 0.007291666666666667 0.024074074074074074
0 0.6052083333333333 0.7472222222222222 0.0125 0.03148148148148148
0 0.6057291666666667 0.7416666666666667 0.011458333333333333 0.03888888888888889
0 0.7328125 0.8518518518518519 0.017708333333333333 0.04814814814814815
0 0.14114583333333333 0.48333333333333334 0.011458333333333333 0.040740740740740744
0 0.35989583333333336 0.325 0.003125 0.016666666666666666
0 0.36875 0.26296296296296295 0.00625 0.014814814814814815
0 0.3734375 0.21666666666666667 0.003125 0.011111111111111112
0 0.37135416666666665 0.2 0.003125 0.011111111111111112
0 0.4578125 0.13518518518518519 0.003125 0.011111111111111112