0 0.7834558823529412 0.9712418300653595 0.008088235294117648 0.02875816993464052
0 0.7819852941176471 0.9575163398692811 0.005147058823529412 0.0196078431372549
0 0.7477941176470588 0.9418300653594771 0.0029411764705882353 0.02483660130718954
0 0.6371323529411764 0.8960784313725491 0.005147058823529412 0.027450980392156862
0 0.6099264705882353 0.8934640522875817 0.005147058823529412 0.01699346405228758
0 0.6669117647058823 0.8725490196078431 0.007352941176470588 0.030065359477124184
0 0.5511029411764706 0.7457516339869281 0.005147058823529412 0.02483660130718954
0 0.5551470588235294 0.5699346405228758 0.0029411764705882353 0.013071895424836602
0 0.4625 0.6993464052287581 0.0029411764705882353 0.01568627450980392
0 0.4485294117647059 0.6941176470588235 0.004411764705882353 0.018300653594771243
0 0.5018382352941176 0.5581699346405229 0.003676470588235294 0.013071895424836602
0 0.5066176470588235 0.5581699346405229 0.0029411764705882353 0.013071895424836602