0 0.278125 0.7754629629629629 0.020833333333333332 0.10277777777777777
0 0.43515625 0.8629629629629629 0.0328125 0.11296296296296296
0 0.5182291666666666 0.7865740740740741 0.025 0.11018518518518519
0 0.45286458333333335 0.7791666666666667 0.028645833333333332 0.08611111111111111
0 0.52578125 0.6731481481481482 0.013020833333333334 0.06851851851851852
0 0.5135416666666667 0.6319444444444444 0.013541666666666667 0.049074074074074076
0 0.53359375 0.637962962962963 0.013020833333333334 0.05185185185185185
0 0.51875 0.6435185185185185 0.0125 0.046296296296296294
0 0.5169270833333334 0.562037037037037 0.0067708333333333336 0.022222222222222223
0 0.5328125 0.5597222222222222 0.004166666666666667 0.017592592592592594
0 0.5291666666666667 0.5444444444444444 0.007291666666666667 0.020370370370370372
0 0.41822916666666665 0.6194444444444445 0.0125 0.05925925925925926