0 0.7397058823529412 0.8333333333333334 0.022058823529411766 0.08496732026143791
0 0.7654411764705882 0.8352941176470589 0.022058823529411766 0.08888888888888889
0 0.5889705882352941 0.3686274509803922 0.007352941176470588 0.04183006535947712
0 0.58125 0.3568627450980392 0.009558823529411765 0.04183006535947712
0 0.33345588235294116 0.39477124183006534 0.011029411764705883 0.047058823529411764
0 0.19852941176470587 0.8673202614379085 0.014705882352941176 0.08758169934640522
0 0.21213235294117647 0.8921568627450981 0.0125 0.08758169934640522
0 0.2161764705882353 0.8738562091503268 0.01764705882352941 0.08235294117647059
0 0.4974264705882353 0.26862745098039215 0.005147058823529412 0.032679738562091505
0 0.48051470588235295 0.2568627450980392 0.005147058823529412 0.032679738562091505
0 0.47573529411764703 0.16666666666666666 0.0029411764705882353 0.022222222222222223
0 0.45183823529411765 0.1287581699346405 0.003676470588235294 0.01437908496732026
0 0.5536764705882353 0.20522875816993463 0.0058823529411764705 0.013071895424836602
0 0.35919117647058824 0.14575163398692811 0.003676470588235294 0.0196078431372549
0 0.36433823529411763 0.13137254901960785 0.003676470588235294 0.01699346405228758
0 0.3713235294117647 0.19869281045751633 0.0029411764705882353 0.023529411764705882
0 0.5669117647058823 0.37777777777777777 0.0058823529411764705 0.036601307189542485
0 0.7522058823529412 0.5137254901960784 0.010294117647058823 0.044444444444444446
0 0.7610294117647058 0.5117647058823529 0.010294117647058823 0.030065359477124184
0 0.3286764705882353 0.5137254901960784 0.011764705882352941 0.0392156862745098
0 0.32794117647058824 0.5169934640522876 0.011764705882352941 0.043137254901960784
0 0.34558823529411764 0.34509803921568627 0.008823529411764706 0.02875816993464052
0 0.6386029411764705 0.8562091503267973 0.02426470588235294 0.06797385620915032
0 0.6363970588235294 0.8379084967320262 0.021323529411764706 0.06274509803921569
0 0.4455882352941177 0.26601307189542484 0.0058823529411764705 0.022222222222222223
0 0.4452205882352941 0.26666666666666666 0.008088235294117648 0.02875816993464052
0 0.4672794117647059 0.2411764705882353 0.005147058823529412 0.02483660130718954
0 0.3952205882352941 0.17647058823529413 0.005147058823529412 0.01568627450980392
0 0.3948529411764706 0.10457516339869281 0.0029411764705882353 0.00784313725490196
0 0.45036764705882354 0.10784313725490197 0.0022058823529411764 0.011764705882352941