0 0.3003676470588235 0.581045751633987 0.008088235294117648 0.022222222222222223
0 0.3125 0.5699346405228758 0.007352941176470588 0.03398692810457516
0 0.3246323529411765 0.5699346405228758 0.008088235294117648 0.03398692810457516
0 0.45698529411764705 0.44901960784313727 0.006617647058823529 0.02483660130718954
0 0.46286764705882355 0.44575163398692813 0.005147058823529412 0.023529411764705882
0 0.5058823529411764 0.5124183006535947 0.007352941176470588 0.02875816993464052
0 0.5044117647058823 0.545751633986928 0.0058823529411764705 0.030065359477124184
0 0.5099264705882353 0.5444444444444444 0.006617647058823529 0.030065359477124184
0 0.5341911764705882 0.6169934640522876 0.008088235294117648 0.036601307189542485
0 0.5533088235294118 0.673202614379085 0.009558823529411765 0.03137254901960784
0 0.44448529411764703 0.6823529411764706 0.006617647058823529 0.0392156862745098
0 0.45036764705882354 0.6816993464052288 0.006617647058823529 0.040522875816993466
0 0.43713235294117647 0.696078431372549 0.009558823529411765 0.032679738562091505
0 0.4496323529411765 0.74640522875817 0.011029411764705883 0.044444444444444446
0 0.39375 0.6980392156862745 0.006617647058823529 0.02875816993464052
0 0.6286764705882353 0.5084967320261438 0.008823529411764706 0.01568627450980392
0 0.2636029411764706 0.7568627450980392 0.011029411764705883 0.03398692810457516
0 0.8536764705882353 0.7372549019607844 0.013235294117647059 0.04183006535947712
0 0.6838235294117647 0.7222222222222222 0.008823529411764706 0.043137254901960784
0 0.7011029411764705 0.7444444444444445 0.011029411764705883 0.03790849673202614