0 0.0390625 0.9606481481481481 0.020833333333333332 0.026851851851851852
0 0.030989583333333334 0.987037037037037 0.015104166666666667 0.025925925925925925
0 0.15546875 0.9541666666666667 0.0140625 0.04537037037037037
0 0.012239583333333333 0.8986111111111111 0.011979166666666667 0.04351851851851852
0 0.0375 0.8986111111111111 0.0125 0.041666666666666664
0 0.07916666666666666 0.7768518518518519 0.008333333333333333 0.03888888888888889
0 0.14088541666666668 0.6861111111111111 0.0078125 0.03333333333333333
0 0.15026041666666667 0.6828703703703703 0.0067708333333333336 0.03425925925925926
0 0.19427083333333334 0.6949074074074074 0.007291666666666667 0.028703703703703703
0 0.125 0.6587962962962963 0.008333333333333333 0.032407407407407406
0 0.011197916666666667 0.6833333333333333 0.009895833333333333 0.018518518518518517
0 0.015364583333333333 0.6708333333333333 0.009895833333333333 0.019444444444444445
0 0.03958333333333333 0.5967592592592592 0.00625 0.028703703703703703
0 0.11197916666666667 0.6013888888888889 0.00625 0.028703703703703703
0 0.13515625 0.6027777777777777 0.005729166666666666 0.024074074074074074
0 0.1515625 0.5768518518518518 0.005208333333333333 0.018518518518518517
0 0.05859375 0.5657407407407408 0.0067708333333333336 0.022222222222222223
0 0.19791666666666666 0.537962962962963 0.004166666666666667 0.020370370370370372
0 0.11380208333333333 0.5518518518518518 0.0036458333333333334 0.020370370370370372
0 0.0671875 0.9101851851851852 0.009375 0.037037037037037035
0 0.07161458333333333 0.8976851851851851 0.005729166666666666 0.017592592592592594
0 0.08229166666666667 0.8638888888888889 0.010416666666666666 0.03888888888888889
0 0.07239583333333334 0.8601851851851852 0.005208333333333333 0.027777777777777776
0 0.07708333333333334 0.8611111111111112 0.008333333333333333 0.027777777777777776
0 0.08463541666666667 0.7435185185185185 0.0078125 0.03888888888888889
0 0.01171875 0.7592592592592593 0.011979166666666667 0.025925925925925925
0 0.0265625 0.7472222222222222 0.011458333333333333 0.022222222222222223
0 0.048177083333333336 0.7560185185185185 0.011979166666666667 0.03981481481481482
0 0.0328125 0.7342592592592593 0.007291666666666667 0.020370370370370372
0 0.16067708333333333 0.925 0.0067708333333333336 0.027777777777777776
0 0.16927083333333334 0.9162037037037037 0.008333333333333333 0.04537037037037037
0 0.018229166666666668 0.6467592592592593 0.007291666666666667 0.021296296296296296
0 0.07708333333333334 0.7101851851851851 0.009375 0.024074074074074074
0 0.09348958333333333 0.7027777777777777 0.005729166666666666 0.03333333333333333
0 0.12161458333333333 0.6152777777777778 0.005729166666666666 0.017592592592592594
0 0.07395833333333333 0.6097222222222223 0.005208333333333333 0.013888888888888888
0 0.07447916666666667 0.6032407407407407 0.00625 0.025
0 0.07604166666666666 0.5796296296296296 0.008333333333333333 0.025925925925925925
0 0.08489583333333334 0.5949074074074074 0.007291666666666667 0.021296296296296296
0 0.13046875 0.5856481481481481 0.005729166666666666 0.01574074074074074
0 0.13984375 0.5717592592592593 0.005729166666666666 0.025
0 0.15 0.6319444444444444 0.010416666666666666 0.026851851851851852
0 0.18802083333333333 0.6407407407407407 0.008333333333333333 0.018518518518518517
0 0.19296875 0.6569444444444444 0.008854166666666666 0.019444444444444445
0 0.24765625 0.7018518518518518 0.0046875 0.018518518518518517
0 0.25338541666666664 0.7074074074074074 0.0078125 0.027777777777777776
0 0.20755208333333333 0.586574074074074 0.0078125 0.017592592592592594
0 0.41432291666666665 0.6824074074074075 0.0067708333333333336 0.018518518518518517
0 0.42161458333333335 0.6013888888888889 0.005729166666666666 0.019444444444444445
0 0.46901041666666665 0.5550925925925926 0.005729166666666666 0.019444444444444445
0 0.4703125 0.6300925925925925 0.007291666666666667 0.013888888888888888
0 0.40572916666666664 0.6638888888888889 0.00625 0.016666666666666666
0 0.25703125 0.6967592592592593 0.0067708333333333336 0.028703703703703703
0 0.18411458333333333 0.5981481481481481 0.0078125 0.018518518518518517
0 0.19010416666666666 0.6023148148148149 0.00625 0.025
0 0.14088541666666668 0.5458333333333333 0.0067708333333333336 0.026851851851851852
0 0.06510416666666667 0.5476851851851852 0.008333333333333333 0.025
0 0.06927083333333334 0.5504629629629629 0.004166666666666667 0.019444444444444445
0 0.06875 0.5412037037037037 0.005208333333333333 0.019444444444444445
0 0.0640625 0.5472222222222223 0.005208333333333333 0.018518518518518517
0 0.10651041666666666 0.5462962962962963 0.0046875 0.018518518518518517
0 0.1125 0.5310185185185186 0.00625 0.017592592592592594
0 0.12317708333333334 0.5254629629629629 0.005729166666666666 0.017592592592592594
0 0.14036458333333332 0.5226851851851851 0.005729166666666666 0.01574074074074074
0 0.11354166666666667 0.5212962962962963 0.005208333333333333 0.020370370370370372
0 0.04348958333333333 0.5236111111111111 0.0067708333333333336 0.017592592592592594
0 0.04973958333333333 0.5222222222222223 0.0067708333333333336 0.016666666666666666
0 0.3229166666666667 0.6050925925925926 0.005208333333333333 0.017592592592592594
0 0.17890625 0.549537037037037 0.0067708333333333336 0.023148148148148147
0 0.17447916666666666 0.549074074074074 0.004166666666666667 0.012962962962962963
0 0.17265625 0.5361111111111111 0.0067708333333333336 0.016666666666666666
0 0.1609375 0.5143518518518518 0.004166666666666667 0.021296296296296296
0 0.1671875 0.5064814814814815 0.003125 0.018518518518518517
0 0.16432291666666668 0.5078703703703704 0.0036458333333333334 0.019444444444444445
0 0.18697916666666667 0.49027777777777776 0.005208333333333333 0.012037037037037037
0 0.21458333333333332 0.5291666666666667 0.005208333333333333 0.013888888888888888
0 0.23723958333333334 0.5351851851851852 0.005729166666666666 0.016666666666666666
0 0.23958333333333334 0.5324074074074074 0.005208333333333333 0.016666666666666666
0 0.259375 0.5402777777777777 0.007291666666666667 0.023148148148148147
0 0.39114583333333336 0.5638888888888889 0.007291666666666667 0.025925925925925925
0 0.31354166666666666 0.7981481481481482 0.009375 0.022222222222222223
0 0.3145833333333333 0.7870370370370371 0.00625 0.020370370370370372
0 0.40130208333333334 0.6300925925925925 0.005729166666666666 0.026851851851851852
0 0.40677083333333336 0.6324074074074074 0.004166666666666667 0.024074074074074074
0 0.4513020833333333 0.5055555555555555 0.0046875 0.014814814814814815
0 0.46640625 0.5120370370370371 0.005729166666666666 0.014814814814814815
0 0.40260416666666665 0.5768518518518518 0.00625 0.016666666666666666
0 0.4 0.5763888888888888 0.003125 0.008333333333333333
0 0.2734375 0.5398148148148149 0.007291666666666667 0.020370370370370372
0 0.46848958333333335 0.6671296296296296 0.0067708333333333336 0.017592592592592594
0 0.025520833333333333 0.899537037037037 0.007291666666666667 0.03796296296296296
0 0.027604166666666666 0.8902777777777777 0.00625 0.017592592592592594
0 0.06380208333333333 0.7550925925925925 0.005729166666666666 0.017592592592592594
0 0.06848958333333334 0.7472222222222222 0.0067708333333333336 0.022222222222222223