0 0.1474264705882353 0.8856209150326797 0.011029411764705883 0.040522875816993466
0 0.06727941176470588 0.9398692810457516 0.015441176470588236 0.0392156862745098
0 0.03235294117647059 0.9339869281045752 0.016176470588235296 0.02483660130718954
0 0.11397058823529412 0.7248366013071895 0.013235294117647059 0.03790849673202614
0 0.12720588235294117 0.7405228758169935 0.011764705882352941 0.03790849673202614
0 0.12683823529411764 0.7248366013071895 0.0125 0.03529411764705882
0 0.09779411764705882 0.6803921568627451 0.011764705882352941 0.03529411764705882
0 0.2286764705882353 0.6947712418300653 0.008823529411764706 0.040522875816993466
0 0.14852941176470588 0.5790849673202615 0.008823529411764706 0.03398692810457516
0 0.14963235294117647 0.5633986928104575 0.009558823529411765 0.018300653594771243
0 0.1514705882352941 0.5575163398692811 0.008823529411764706 0.01699346405228758
0 0.1375 0.4718954248366013 0.010294117647058823 0.03398692810457516
0 0.3110294117647059 0.3862745098039216 0.0058823529411764705 0.02483660130718954
0 0.3514705882352941 0.45751633986928103 0.008823529411764706 0.02875816993464052
0 0.35955882352941176 0.44575163398692813 0.007352941176470588 0.023529411764705882
0 0.38566176470588237 0.30915032679738563 0.005147058823529412 0.022222222222222223
0 0.29448529411764707 0.21176470588235294 0.006617647058823529 0.02091503267973856
0 0.2474264705882353 0.269281045751634 0.005147058823529412 0.018300653594771243
0 0.5985294117647059 0.4738562091503268 0.008823529411764706 0.030065359477124184
0 0.6216911764705882 0.477124183006536 0.006617647058823529 0.02875816993464052
0 0.5408088235294117 0.3503267973856209 0.008088235294117648 0.03137254901960784
0 0.5738970588235294 0.26666666666666666 0.005147058823529412 0.023529411764705882
0 0.5389705882352941 0.1522875816993464 0.004411764705882353 0.022222222222222223
0 0.40404411764705883 0.14967320261437908 0.005147058823529412 0.01437908496732026
0 0.39705882352941174 0.13137254901960785 0.0058823529411764705 0.0196078431372549
0 0.4875 0.054901960784313725 0.004411764705882353 0.013071895424836602
0 0.3669117647058823 0.06339869281045751 0.004411764705882353 0.01699346405228758
0 0.40808823529411764 0.02875816993464052 0.0058823529411764705 0.023529411764705882
0 0.48308823529411765 0.00718954248366013 0.004411764705882353 0.01437908496732026