0 0.5121323529411764 0.8980392156862745 0.01838235294117647 0.07058823529411765
0 0.49375 0.8915032679738563 0.02426470588235294 0.08366013071895424
0 0.5088235294117647 0.8313725490196079 0.01764705882352941 0.09934640522875816
0 0.5261029411764706 0.8457516339869281 0.019852941176470587 0.06013071895424837
0 0.5621323529411765 0.7660130718954249 0.019852941176470587 0.08627450980392157
0 0.22904411764705881 0.6405228758169934 0.01838235294117647 0.08366013071895424
0 0.23529411764705882 0.5470588235294118 0.01911764705882353 0.07712418300653595
0 0.05808823529411765 0.32483660130718955 0.01911764705882353 0.058823529411764705
0 0.12683823529411764 0.31241830065359477 0.016911764705882352 0.03137254901960784
0 0.17058823529411765 0.18627450980392157 0.008823529411764706 0.01699346405228758
0 0.16727941176470587 0.18562091503267975 0.013970588235294118 0.03137254901960784
0 0.1738970588235294 0.16797385620915034 0.011029411764705883 0.030065359477124184
0 0.27426470588235297 0.33202614379084966 0.016176470588235296 0.06797385620915032
0 0.24595588235294116 0.19411764705882353 0.0125 0.05620915032679739
0 0.25477941176470587 0.20065359477124184 0.011029411764705883 0.05359477124183006
0 0.6830882352941177 0.4954248366013072 0.011764705882352941 0.03398692810457516
0 0.6904411764705882 0.4797385620915033 0.016176470588235296 0.05228758169934641
0 0.30661764705882355 0.5196078431372549 0.01911764705882353 0.06928104575163399
0 0.3047794117647059 0.4803921568627451 0.015441176470588236 0.043137254901960784
0 0.41948529411764707 0.38300653594771245 0.016911764705882352 0.044444444444444446
0 0.4338235294117647 0.39477124183006534 0.011764705882352941 0.07058823529411765
0 0.5161764705882353 0.30718954248366015 0.01764705882352941 0.06013071895424837
0 0.6128676470588236 0.2908496732026144 0.015441176470588236 0.05620915032679739
0 0.6143382352941177 0.26143790849673204 0.013970588235294118 0.047058823529411764
0 0.6411764705882353 0.23137254901960785 0.01911764705882353 0.054901960784313725
0 0.5922794117647059 0.2607843137254902 0.008088235294117648 0.050980392156862744
0 0.5161764705882353 0.18235294117647058 0.013235294117647059 0.043137254901960784
0 0.5371323529411764 0.10457516339869281 0.008088235294117648 0.04967320261437908
0 0.8205882352941176 0.07908496732026143 0.011764705882352941 0.03790849673202614
0 0.7827205882352941 0.11830065359477124 0.013970588235294118 0.040522875816993466
0 0.6169117647058824 0.15816993464052287 0.010294117647058823 0.04967320261437908
0 0.6066176470588235 0.15555555555555556 0.010294117647058823 0.04183006535947712
0 0.6136029411764706 0.14248366013071895 0.011029411764705883 0.05228758169934641
0 0.6367647058823529 0.13660130718954247 0.008823529411764706 0.0457516339869281