0 0.06066176470588235 0.24640522875816995 0.008088235294117648 0.02483660130718954
0 0.09191176470588236 0.26666666666666666 0.007352941176470588 0.03137254901960784
0 0.07536764705882353 0.28366013071895424 0.011029411764705883 0.044444444444444446
0 0.10845588235294118 0.32483660130718955 0.0125 0.048366013071895426
0 0.17941176470588235 0.330718954248366 0.013235294117647059 0.047058823529411764
0 0.2 0.13594771241830064 0.0029411764705882353 0.01568627450980392
0 0.24926470588235294 0.1588235294117647 0.004411764705882353 0.01699346405228758
0 0.29301470588235295 0.17254901960784313 0.005147058823529412 0.026143790849673203
0 0.6463235294117647 0.27058823529411763 0.010294117647058823 0.036601307189542485
0 0.6525735294117647 0.2673202614379085 0.008088235294117648 0.040522875816993466
0 0.6573529411764706 0.27058823529411763 0.007352941176470588 0.023529411764705882
0 0.7231617647058823 0.2568627450980392 0.008088235294117648 0.03790849673202614
0 0.7349264705882353 0.25555555555555554 0.013970588235294118 0.03529411764705882
0 0.7801470588235294 0.13660130718954247 0.0058823529411764705 0.022222222222222223
0 0.805514705882353 0.19607843137254902 0.008088235294117648 0.018300653594771243
0 0.8216911764705882 0.19934640522875818 0.009558823529411765 0.027450980392156862
0 0.7330882352941176 0.9287581699346406 0.03823529411764706 0.14248366013071895
0 0.3625 0.32679738562091504 0.010294117647058823 0.05228758169934641
0 0.36213235294117646 0.3202614379084967 0.008088235294117648 0.026143790849673203
0 0.35661764705882354 0.2908496732026144 0.010294117647058823 0.0457516339869281
0 0.38566176470588237 0.2973856209150327 0.008088235294117648 0.0457516339869281
0 0.39080882352941176 0.29477124183006537 0.009558823529411765 0.0457516339869281
0 0.4496323529411765 0.2784313725490196 0.006617647058823529 0.03398692810457516
0 0.46544117647058825 0.27320261437908494 0.007352941176470588 0.04183006535947712
0 0.47352941176470587 0.2738562091503268 0.007352941176470588 0.043137254901960784
0 0.4496323529411765 0.25098039215686274 0.006617647058823529 0.036601307189542485
0 0.4591911764705882 0.2529411764705882 0.008088235294117648 0.040522875816993466
0 0.45441176470588235 0.2477124183006536 0.007352941176470588 0.03529411764705882
0 0.46801470588235294 0.2529411764705882 0.005147058823529412 0.027450980392156862
0 0.47610294117647056 0.2529411764705882 0.006617647058823529 0.03529411764705882
0 0.47904411764705884 0.2607843137254902 0.006617647058823529 0.03790849673202614
0 0.48051470588235295 0.3941176470588235 0.015441176470588236 0.058823529411764705
0 0.4878676470588235 0.3915032679738562 0.009558823529411765 0.0457516339869281
0 0.5095588235294117 0.3627450980392157 0.016176470588235296 0.0457516339869281
0 0.5169117647058824 0.3718954248366013 0.011764705882352941 0.0457516339869281
0 0.524264705882353 0.37516339869281046 0.010294117647058823 0.0392156862745098
0 0.5911764705882353 0.3810457516339869 0.014705882352941176 0.048366013071895426
0 0.600735294117647 0.38562091503267976 0.008823529411764706 0.044444444444444446
0 0.9330882352941177 0.4980392156862745 0.016176470588235296 0.07581699346405228
0 0.7033088235294118 0.3503267973856209 0.013970588235294118 0.044444444444444446
0 0.8341911764705883 0.32222222222222224 0.0125 0.03790849673202614
0 0.8411764705882353 0.3183006535947712 0.008823529411764706 0.032679738562091505
0 0.7555147058823529 0.361437908496732 0.015441176470588236 0.048366013071895426
0 0.7625 0.36013071895424836 0.010294117647058823 0.0457516339869281
0 0.7676470588235295 0.3202614379084967 0.014705882352941176 0.04183006535947712