0 0.13823529411764707 0.8784313725490196 0.010294117647058823 0.04183006535947712
0 0.25073529411764706 0.9202614379084967 0.007352941176470588 0.047058823529411764
0 0.29926470588235293 0.8830065359477124 0.010294117647058823 0.0457516339869281
0 0.34448529411764706 0.9124183006535947 0.006617647058823529 0.047058823529411764
0 0.3547794117647059 0.9254901960784314 0.011029411764705883 0.054901960784313725
0 0.3911764705882353 0.8607843137254902 0.0058823529411764705 0.040522875816993466
0 0.40698529411764706 0.8431372549019608 0.005147058823529412 0.0392156862745098
0 0.46139705882352944 0.7875816993464052 0.006617647058823529 0.032679738562091505
0 0.5040441176470588 0.7986928104575164 0.006617647058823529 0.03398692810457516
0 0.5268382352941177 0.8875816993464052 0.011029411764705883 0.02875816993464052
0 0.55 0.8784313725490196 0.011764705882352941 0.04183006535947712
0 0.50625 0.7130718954248366 0.005147058823529412 0.022222222222222223
0 0.5238970588235294 0.7065359477124183 0.006617647058823529 0.0196078431372549
0 0.4702205882352941 0.7372549019607844 0.005147058823529412 0.026143790849673203
0 0.4768382352941177 0.7411764705882353 0.005147058823529412 0.023529411764705882
0 0.4455882352941177 0.7150326797385621 0.004411764705882353 0.023529411764705882
0 0.4801470588235294 0.6673202614379085 0.0029411764705882353 0.01437908496732026
0 0.5113970588235294 0.692156862745098 0.003676470588235294 0.01699346405228758
0 0.5253676470588236 0.6764705882352942 0.003676470588235294 0.01699346405228758
0 0.5327205882352941 0.6581699346405229 0.005147058823529412 0.009150326797385621
0 0.5360294117647059 0.6490196078431373 0.0029411764705882353 0.011764705882352941
0 0.5095588235294117 0.6254901960784314 0.0029411764705882353 0.006535947712418301
0 0.6058823529411764 0.9764705882352941 0.013235294117647059 0.047058823529411764
0 0.6338235294117647 0.8901960784313725 0.010294117647058823 0.044444444444444446
0 0.6444852941176471 0.8921568627450981 0.006617647058823529 0.040522875816993466
0 0.6334558823529411 0.884313725490196 0.006617647058823529 0.0457516339869281
0 0.6238970588235294 0.8431372549019608 0.006617647058823529 0.0392156862745098
0 0.6926470588235294 0.9156862745098039 0.008823529411764706 0.032679738562091505
0 0.711764705882353 0.9300653594771242 0.007352941176470588 0.043137254901960784
0 0.725735294117647 0.9202614379084967 0.010294117647058823 0.03137254901960784
0 0.7522058823529412 0.9274509803921569 0.010294117647058823 0.0457516339869281
0 0.7647058823529411 0.9202614379084967 0.008823529411764706 0.02875816993464052
0 0.7672794117647059 0.9254901960784314 0.011029411764705883 0.026143790849673203
0 0.7738970588235294 0.9339869281045752 0.009558823529411765 0.02483660130718954
0 0.7797794117647059 0.9398692810457516 0.009558823529411765 0.02875816993464052
0 0.788235294117647 0.9450980392156862 0.010294117647058823 0.03137254901960784
0 0.8003676470588236 0.9549019607843138 0.0125 0.030065359477124184
0 0.8073529411764706 0.9424836601307189 0.008823529411764706 0.026143790849673203
0 0.8110294117647059 0.9313725490196079 0.007352941176470588 0.02483660130718954
0 0.8 0.9300653594771242 0.008823529411764706 0.02483660130718954
0 0.8511029411764706 0.9686274509803922 0.011029411764705883 0.023529411764705882
0 0.8610294117647059 0.9712418300653595 0.010294117647058823 0.02875816993464052
0 0.8683823529411765 0.9705882352941176 0.010294117647058823 0.027450980392156862
0 0.7477941176470588 0.9091503267973856 0.010294117647058823 0.030065359477124184
0 0.7584558823529411 0.8980392156862745 0.009558823529411765 0.036601307189542485
0 0.7709558823529412 0.8986928104575164 0.006617647058823529 0.040522875816993466
0 0.7816176470588235 0.9013071895424837 0.0058823529411764705 0.043137254901960784
0 0.7841911764705882 0.9006535947712418 0.008088235294117648 0.0392156862745098
0 0.7904411764705882 0.8986928104575164 0.0058823529411764705 0.03790849673202614
0 0.8246323529411764 0.961437908496732 0.009558823529411765 0.0457516339869281
0 0.8419117647058824 0.9705882352941176 0.007352941176470588 0.05359477124183006
0 0.8327205882352942 0.8549019607843137 0.008088235294117648 0.03398692810457516
0 0.7981617647058824 0.8856209150326797 0.009558823529411765 0.027450980392156862
0 0.8051470588235294 0.8849673202614379 0.007352941176470588 0.023529411764705882
0 0.6875 0.8496732026143791 0.0058823529411764705 0.02091503267973856
0 0.6716911764705882 0.8026143790849674 0.006617647058823529 0.026143790849673203
0 0.6209558823529412 0.7875816993464052 0.006617647058823529 0.032679738562091505
0 0.6268382352941176 0.7764705882352941 0.005147058823529412 0.03137254901960784
0 0.5727941176470588 0.8124183006535948 0.008823529411764706 0.02483660130718954
0 0.5724264705882353 0.8111111111111111 0.008088235294117648 0.022222222222222223
0 0.5996323529411764 0.773202614379085 0.006617647058823529 0.0196078431372549
0 0.6834558823529412 0.7392156862745098 0.005147058823529412 0.0196078431372549
0 0.6099264705882353 0.7209150326797386 0.003676470588235294 0.0196078431372549
0 0.5871323529411765 0.6777777777777778 0.003676470588235294 0.0196078431372549
0 0.5941176470588235 0.6751633986928105 0.0029411764705882353 0.0196078431372549
0 0.5963235294117647 0.6562091503267974 0.0029411764705882353 0.01568627450980392
0 0.5863970588235294 0.6457516339869281 0.003676470588235294 0.01568627450980392
0 0.5856617647058824 0.6241830065359477 0.0022058823529411764 0.009150326797385621
0 0.5547794117647059 0.711764705882353 0.003676470588235294 0.022222222222222223
0 0.54375 0.615686274509804 0.0022058823529411764 0.013071895424836602
0 0.5393382352941176 0.6261437908496732 0.0022058823529411764 0.01045751633986928
0 0.5371323529411764 0.6281045751633987 0.0022058823529411764 0.011764705882352941
0 0.5319852941176471 0.6274509803921569 0.0022058823529411764 0.01045751633986928
0 0.5415441176470588 0.5954248366013072 0.0022058823529411764 0.009150326797385621
0 0.56875 0.6189542483660131 0.0022058823529411764 0.011764705882352941
0 0.5819852941176471 0.6202614379084967 0.0022058823529411764 0.009150326797385621
0 0.5783088235294118 0.6098039215686275 0.0022058823529411764 0.009150326797385621
0 0.5827205882352942 0.6065359477124183 0.0022058823529411764 0.01045751633986928
0 0.5841911764705883 0.6137254901960785 0.0022058823529411764 0.011764705882352941
0 0.5878676470588236 0.6313725490196078 0.003676470588235294 0.00784313725490196
0 0.5904411764705882 0.6281045751633987 0.0029411764705882353 0.009150326797385621
0 0.5908088235294118 0.6183006535947713 0.0022058823529411764 0.00784313725490196
0 0.5878676470588236 0.6111111111111112 0.0022058823529411764 0.009150326797385621