0 0.3941176470588235 0.021568627450980392 0.0029411764705882353 0.01699346405228758
0 0.5617647058823529 0.9032679738562092 0.01764705882352941 0.06535947712418301
0 0.5794117647058824 0.6490196078431373 0.011764705882352941 0.06405228758169934
0 0.5808823529411765 0.4215686274509804 0.008823529411764706 0.043137254901960784
0 0.5459558823529411 0.3032679738562091 0.006617647058823529 0.036601307189542485
0 0.7102941176470589 0.0673202614379085 0.004411764705882353 0.0196078431372549
0 0.5595588235294118 0.08954248366013072 0.004411764705882353 0.022222222222222223
0 0.55625 0.09019607843137255 0.003676470588235294 0.02091503267973856
0 0.5547794117647059 0.06274509803921569 0.003676470588235294 0.018300653594771243
0 0.5580882352941177 0.0392156862745098 0.0029411764705882353 0.01568627450980392
0 0.5514705882352942 0.08888888888888889 0.004411764705882353 0.02091503267973856
0 0.5448529411764705 0.13594771241830064 0.004411764705882353 0.02091503267973856
0 0.5452205882352941 0.13856209150326798 0.003676470588235294 0.01568627450980392
0 0.5422794117647058 0.0196078431372549 0.003676470588235294 0.01568627450980392
0 0.54375 0.034640522875816995 0.003676470588235294 0.01437908496732026
0 0.43713235294117647 0.6045751633986928 0.011029411764705883 0.050980392156862744
0 0.45 0.18235294117647058 0.0058823529411764705 0.02483660130718954
0 0.41066176470588234 0.426797385620915 0.009558823529411765 0.03790849673202614