0 0.46458333333333335 0.825 0.0125 0.046296296296296294
0 0.48854166666666665 0.8287037037037037 0.010416666666666666 0.046296296296296294
0 0.5958333333333333 0.5851851851851851 0.010416666666666666 0.037037037037037035
0 0.6015625 0.5796296296296296 0.007291666666666667 0.040740740740740744
0 0.5166666666666667 0.3638888888888889 0.004166666666666667 0.027777777777777776
0 0.5317708333333333 0.3611111111111111 0.005208333333333333 0.02962962962962963
0 0.28229166666666666 0.4148148148148148 0.004166666666666667 0.025925925925925925
0 0.21354166666666666 0.3925925925925926 0.00625 0.02962962962962963
0 0.21666666666666667 0.3435185185185185 0.00625 0.024074074074074074
0 0.21145833333333333 0.26851851851851855 0.00625 0.022222222222222223
0 0.22239583333333332 0.275 0.007291666666666667 0.024074074074074074
0 0.390625 0.4601851851851852 0.00625 0.03518518518518519
0 0.371875 0.3527777777777778 0.004166666666666667 0.024074074074074074
0 0.409375 0.3148148148148148 0.00625 0.022222222222222223
0 0.46822916666666664 0.30092592592592593 0.005208333333333333 0.03148148148148148