0 0.8599264705882353 0.030065359477124184 0.009558823529411765 0.02875816993464052
0 0.8599264705882353 0.027450980392156862 0.006617647058823529 0.03137254901960784
0 0.4224264705882353 0.05947712418300653 0.005147058823529412 0.027450980392156862
0 0.3915441176470588 0.14901960784313725 0.008088235294117648 0.036601307189542485
0 0.3099264705882353 0.17254901960784313 0.009558823529411765 0.026143790849673203
0 0.37720588235294117 0.1718954248366013 0.007352941176470588 0.02483660130718954
0 0.37279411764705883 0.16732026143790849 0.008823529411764706 0.02875816993464052
0 0.5091911764705882 0.2150326797385621 0.005147058823529412 0.032679738562091505
0 0.5058823529411764 0.20588235294117646 0.0058823529411764705 0.040522875816993466
0 0.4823529411764706 0.18823529411764706 0.010294117647058823 0.023529411764705882
0 0.3386029411764706 0.6372549019607843 0.0125 0.05620915032679739
0 0.34816176470588234 0.6189542483660131 0.013970588235294118 0.05359477124183006
0 0.31727941176470587 0.6078431372549019 0.0125 0.04967320261437908
0 0.13088235294117648 0.46862745098039216 0.016176470588235296 0.0457516339869281
0 0.008455882352941176 0.43856209150326797 0.015441176470588236 0.03790849673202614
0 0.030882352941176472 0.25555555555555554 0.011764705882352941 0.03790849673202614
0 0.03786764705882353 0.24052287581699347 0.0125 0.04183006535947712
0 0.054411764705882354 0.23137254901960785 0.013235294117647059 0.0392156862745098
0 0.05 0.2281045751633987 0.010294117647058823 0.03790849673202614
0 0.022426470588235294 0.23790849673202613 0.0125 0.04183006535947712
0 0.014338235294117646 0.24052287581699347 0.0125 0.047058823529411764
0 0.4047794117647059 0.3509803921568627 0.0125 0.048366013071895426
0 0.2323529411764706 0.9091503267973856 0.016176470588235296 0.048366013071895426
0 0.23970588235294119 0.9274509803921569 0.020588235294117647 0.048366013071895426
0 0.05625 0.9470588235294117 0.027205882352941177 0.07712418300653595