0 0.3264705882352941 0.8921568627450981 0.025 0.08496732026143791
0 0.29558823529411765 0.8928104575163399 0.025 0.08366013071895424
0 0.49301470588235297 0.5313725490196078 0.013970588235294118 0.050980392156862744
0 0.4900735294117647 0.3758169934640523 0.013970588235294118 0.03529411764705882
0 0.6161764705882353 0.5104575163398692 0.014705882352941176 0.06666666666666667
0 0.38088235294117645 0.19673202614379084 0.008823529411764706 0.043137254901960784
0 0.37977941176470587 0.17647058823529413 0.009558823529411765 0.0392156862745098
0 0.4849264705882353 0.1300653594771242 0.006617647058823529 0.030065359477124184
0 0.5106617647058823 0.12026143790849673 0.005147058823529412 0.03137254901960784
0 0.5033088235294118 0.12156862745098039 0.006617647058823529 0.01568627450980392
0 0.45036764705882354 0.11830065359477124 0.006617647058823529 0.0196078431372549
0 0.44926470588235295 0.11764705882352941 0.0058823529411764705 0.01568627450980392
0 0.6680147058823529 0.5248366013071896 0.011029411764705883 0.06928104575163399
0 0.7132352941176471 0.3686274509803922 0.011764705882352941 0.054901960784313725
0 0.4404411764705882 0.06209150326797386 0.004411764705882353 0.022222222222222223
0 0.4602941176470588 0.06209150326797386 0.0058823529411764705 0.0196078431372549
0 0.36433823529411763 0.06862745098039216 0.006617647058823529 0.027450980392156862
0 0.3977941176470588 0.01895424836601307 0.0029411764705882353 0.0196078431372549