0 0.634375 0.6810185185185185 0.00625 0.03611111111111111
0 0.32578125 0.8981481481481481 0.009895833333333333 0.04814814814814815
0 0.32838541666666665 0.9009259259259259 0.0046875 0.022222222222222223
0 0.3294270833333333 0.9041666666666667 0.0140625 0.03611111111111111
0 0.4921875 0.9212962962962963 0.010416666666666666 0.040740740740740744
0 0.5200520833333333 0.9337962962962963 0.009895833333333333 0.03981481481481482
0 0.63125 0.9740740740740741 0.009375 0.03888888888888889
0 0.640625 0.9828703703703704 0.011458333333333333 0.032407407407407406
0 0.4421875 0.8481481481481481 0.009375 0.03518518518518519
0 0.4666666666666667 0.8425925925925926 0.009375 0.03333333333333333
0 0.415625 0.7597222222222222 0.008333333333333333 0.03981481481481482
0 0.4044270833333333 0.7583333333333333 0.0078125 0.040740740740740744
0 0.39479166666666665 0.7666666666666667 0.008333333333333333 0.040740740740740744
0 0.41770833333333335 0.6902777777777778 0.009375 0.03425925925925926
0 0.4296875 0.6643518518518519 0.007291666666666667 0.03425925925925926
0 0.10234375 0.7509259259259259 0.011979166666666667 0.03518518518518519
0 0.23854166666666668 0.5699074074074074 0.008333333333333333 0.017592592592592594
0 0.2674479166666667 0.5569444444444445 0.005729166666666666 0.010185185185185186
0 0.3078125 0.5180555555555556 0.004166666666666667 0.01574074074074074
0 0.31484375 0.5106481481481482 0.0046875 0.019444444444444445
0 0.3182291666666667 0.5009259259259259 0.00625 0.025925925925925925
0 0.3606770833333333 0.4356481481481482 0.005729166666666666 0.01574074074074074
0 0.27734375 0.5893518518518519 0.005729166666666666 0.021296296296296296
0 0.28203125 0.5902777777777778 0.005729166666666666 0.019444444444444445
0 0.27838541666666666 0.5842592592592593 0.005729166666666666 0.024074074074074074
0 0.2864583333333333 0.5837962962962963 0.00625 0.021296296296296296
0 0.29322916666666665 0.5842592592592593 0.00625 0.018518518518518517
0 0.30078125 0.5791666666666667 0.0067708333333333336 0.023148148148148147
0 0.29375 0.5777777777777777 0.00625 0.020370370370370372
0 0.2984375 0.5694444444444444 0.005208333333333333 0.018518518518518517
0 0.30130208333333336 0.5532407407407407 0.0078125 0.01574074074074074
0 0.30833333333333335 0.5560185185185185 0.007291666666666667 0.017592592592592594
0 0.31692708333333336 0.5523148148148148 0.0046875 0.017592592592592594
0 0.3125 0.5504629629629629 0.00625 0.019444444444444445
0 0.32526041666666666 0.5305555555555556 0.0067708333333333336 0.020370370370370372
0 0.33203125 0.5273148148148148 0.0067708333333333336 0.017592592592592594
0 0.33515625 0.5092592592592593 0.0078125 0.024074074074074074
0 0.3416666666666667 0.5120370370370371 0.007291666666666667 0.016666666666666666
0 0.3385416666666667 0.5041666666666667 0.005208333333333333 0.019444444444444445
0 0.33697916666666666 0.5009259259259259 0.003125 0.018518518518518517
0 0.3953125 0.425 0.005208333333333333 0.016666666666666666
0 0.5377604166666666 0.5638888888888889 0.0067708333333333336 0.025925925925925925
0 0.5190104166666667 0.6569444444444444 0.0078125 0.025
0 0.4557291666666667 0.638425925925926 0.007291666666666667 0.025
0 0.48359375 0.6152777777777778 0.0067708333333333336 0.021296296296296296
0 0.4953125 0.6171296296296296 0.007291666666666667 0.021296296296296296
0 0.4953125 0.6236111111111111 0.005208333333333333 0.01574074074074074
0 0.5375 0.6125 0.008333333333333333 0.023148148148148147
0 0.5375 0.611574074074074 0.008333333333333333 0.026851851851851852
0 0.5268229166666667 0.5638888888888889 0.005729166666666666 0.022222222222222223
0 0.4427083333333333 0.5953703703703703 0.005208333333333333 0.024074074074074074
0 0.4393229166666667 0.5907407407407408 0.0046875 0.025925925925925925
0 0.43385416666666665 0.5898148148148148 0.005208333333333333 0.02962962962962963
0 0.44166666666666665 0.5847222222222223 0.004166666666666667 0.028703703703703703
0 0.45807291666666666 0.5976851851851852 0.0067708333333333336 0.023148148148148147
0 0.47265625 0.5782407407407407 0.005729166666666666 0.021296296296296296
0 0.4747395833333333 0.5462962962962963 0.005729166666666666 0.020370370370370372
0 0.5072916666666667 0.5430555555555555 0.009375 0.021296296296296296
0 0.5088541666666667 0.5407407407407407 0.00625 0.022222222222222223
0 0.4856770833333333 0.5203703703703704 0.005729166666666666 0.020370370370370372
0 0.4869791666666667 0.5032407407407408 0.004166666666666667 0.017592592592592594
0 0.4671875 0.5125 0.005208333333333333 0.023148148148148147
0 0.48723958333333334 0.44166666666666665 0.0046875 0.022222222222222223
0 0.54453125 0.4476851851851852 0.005729166666666666 0.017592592592592594
0 0.5450520833333333 0.41435185185185186 0.0046875 0.013888888888888888
0 0.5018229166666667 0.4009259259259259 0.0036458333333333334 0.014814814814814815
0 0.49557291666666664 0.3861111111111111 0.0036458333333333334 0.016666666666666666
0 0.52109375 0.36666666666666664 0.0036458333333333334 0.012962962962962963
0 0.52265625 0.35185185185185186 0.0036458333333333334 0.011111111111111112
0 0.5229166666666667 0.350462962962963 0.004166666666666667 0.012037037037037037
0 0.52578125 0.34120370370370373 0.0036458333333333334 0.012037037037037037
0 0.5453125 0.3449074074074074 0.003125 0.010185185185185186
0 0.5528645833333333 0.3282407407407407 0.0026041666666666665 0.010185185185185186
0 0.52265625 0.3106481481481482 0.0026041666666666665 0.012037037037037037
0 0.5166666666666667 0.31574074074074077 0.004166666666666667 0.011111111111111112
0 0.5385416666666667 0.31527777777777777 0.0020833333333333333 0.013888888888888888
0 0.5341145833333333 0.31851851851851853 0.0026041666666666665 0.011111111111111112
0 0.5270833333333333 0.31666666666666665 0.004166666666666667 0.009259259259259259
0 0.5325520833333334 0.30925925925925923 0.0026041666666666665 0.009259259259259259
0 0.5486979166666667 0.30972222222222223 0.0026041666666666665 0.010185185185185186
0 0.5286458333333334 0.2986111111111111 0.003125 0.012037037037037037
0 0.5330729166666667 0.28935185185185186 0.0026041666666666665 0.012037037037037037
0 0.5466145833333333 0.2935185185185185 0.0026041666666666665 0.009259259259259259
0 0.55234375 0.29444444444444445 0.0026041666666666665 0.009259259259259259
0 0.5578125 0.2898148148148148 0.0020833333333333333 0.009259259259259259
0 0.5557291666666667 0.2861111111111111 0.0020833333333333333 0.009259259259259259
0 0.5497395833333333 0.28703703703703703 0.0026041666666666665 0.007407407407407408
0 0.5479166666666667 0.2810185185185185 0.003125 0.010185185185185186
0 0.55390625 0.2773148148148148 0.0026041666666666665 0.008333333333333333
0 0.5661458333333333 0.2800925925925926 0.0020833333333333333 0.010185185185185186
0 0.5635416666666667 0.28055555555555556 0.003125 0.011111111111111112
0 0.5328125 0.25925925925925924 0.0020833333333333333 0.011111111111111112
0 0.5666666666666667 0.27175925925925926 0.0020833333333333333 0.010185185185185186
0 0.5651041666666666 0.2689814814814815 0.0020833333333333333 0.008333333333333333
0 0.5559895833333334 0.26944444444444443 0.0026041666666666665 0.007407407407407408
0 0.5598958333333334 0.26990740740740743 0.0020833333333333333 0.006481481481481481
0 0.5393229166666667 0.25972222222222224 0.0015625 0.006481481481481481
0 0.5388020833333333 0.25092592592592594 0.0026041666666666665 0.007407407407407408
0 0.5515625 0.2574074074074074 0.0020833333333333333 0.007407407407407408
0 0.5528645833333333 0.24351851851851852 0.0015625 0.007407407407407408
0 0.5666666666666667 0.23796296296296296 0.0020833333333333333 0.007407407407407408
0 0.5752604166666667 0.19722222222222222 0.0015625 0.007407407407407408
0 0.5760416666666667 0.19074074074074074 0.0010416666666666667 0.005555555555555556