0 0.2453125 0.5953703703703703 0.013541666666666667 0.05
0 0.26145833333333335 0.5962962962962963 0.014583333333333334 0.05185185185185185
0 0.23802083333333332 0.4305555555555556 0.009375 0.05
0 0.5838541666666667 0.5805555555555556 0.015625 0.046296296296296294
0 0.7630208333333334 0.9287037037037037 0.028125 0.06111111111111111
0 0.7822916666666667 0.9675925925925926 0.029166666666666667 0.06481481481481481
0 0.3458333333333333 0.33796296296296297 0.008333333333333333 0.024074074074074074
0 0.3651041666666667 0.33425925925925926 0.009375 0.024074074074074074
0 0.384375 0.26481481481481484 0.004166666666666667 0.014814814814814815
0 0.5020833333333333 0.29814814814814816 0.004166666666666667 0.014814814814814815
0 0.5020833333333333 0.29444444444444445 0.004166666666666667 0.018518518518518517
0 0.5036458333333333 0.28888888888888886 0.005208333333333333 0.018518518518518517
0 0.4921875 0.2388888888888889 0.003125 0.014814814814814815
0 0.5463541666666667 0.4203703703703704 0.013541666666666667 0.03333333333333333