0 0.02610294117647059 0.9352941176470588 0.03455882352941177 0.06143790849673202
0 0.40036764705882355 0.7705882352941177 0.016911764705882352 0.08496732026143791
0 0.42205882352941176 0.7745098039215687 0.01911764705882353 0.08496732026143791
0 0.40183823529411766 0.6215686274509804 0.01838235294117647 0.06928104575163399
0 0.9625 0.7679738562091504 0.022058823529411766 0.040522875816993466
0 0.8349264705882353 0.7150326797385621 0.016911764705882352 0.06535947712418301
0 0.5970588235294118 0.5490196078431373 0.014705882352941176 0.054901960784313725
0 0.8845588235294117 0.6169934640522876 0.01764705882352941 0.0392156862745098
0 0.7136029411764706 0.30196078431372547 0.008088235294117648 0.04183006535947712
0 0.7095588235294118 0.2908496732026144 0.007352941176470588 0.0457516339869281
0 0.6665441176470588 0.2725490196078431 0.008088235294117648 0.043137254901960784
0 0.6022058823529411 0.3588235294117647 0.010294117647058823 0.03790849673202614
0 0.60625 0.35555555555555557 0.009558823529411765 0.0392156862745098
0 0.4334558823529412 0.3287581699346405 0.009558823529411765 0.040522875816993466
0 0.5150735294117647 0.22156862745098038 0.009558823529411765 0.027450980392156862
0 0.5261029411764706 0.2222222222222222 0.006617647058823529 0.02875816993464052
0 0.4319852941176471 0.1607843137254902 0.006617647058823529 0.03398692810457516
0 0.42573529411764705 0.16143790849673204 0.007352941176470588 0.03529411764705882
0 0.4209558823529412 0.15947712418300652 0.006617647058823529 0.03398692810457516
0 0.5356617647058823 0.11372549019607843 0.006617647058823529 0.026143790849673203
0 0.5169117647058824 0.10915032679738562 0.0058823529411764705 0.022222222222222223
0 0.49522058823529413 0.06405228758169934 0.005147058823529412 0.02091503267973856
0 0.48125 0.047058823529411764 0.003676470588235294 0.01568627450980392
0 0.4496323529411765 0.02483660130718954 0.003676470588235294 0.018300653594771243