0 0.09044117647058823 0.6411764705882353 0.022058823529411766 0.048366013071895426
0 0.09669117647058824 0.43333333333333335 0.015441176470588236 0.050980392156862744
0 0.04485294117647059 0.5176470588235295 0.01764705882352941 0.05751633986928104
0 0.06801470588235294 0.5091503267973856 0.015441176470588236 0.058823529411764705
0 0.16470588235294117 0.37777777777777777 0.013235294117647059 0.044444444444444446
0 0.1974264705882353 0.36993464052287583 0.013970588235294118 0.044444444444444446
0 0.2731617647058823 0.3686274509803922 0.008088235294117648 0.04183006535947712
0 0.19264705882352942 0.3464052287581699 0.008823529411764706 0.044444444444444446
0 0.18088235294117647 0.36993464052287583 0.011764705882352941 0.0392156862745098
0 0.17683823529411766 0.36013071895424836 0.006617647058823529 0.043137254901960784
0 0.08566176470588235 0.37058823529411766 0.013970588235294118 0.043137254901960784
0 0.07720588235294118 0.28104575163398693 0.011764705882352941 0.04183006535947712
0 0.375 0.28823529411764703 0.007352941176470588 0.040522875816993466
0 0.43713235294117647 0.2954248366013072 0.009558823529411765 0.023529411764705882
0 0.6139705882352942 0.25882352941176473 0.008823529411764706 0.036601307189542485
0 0.44227941176470587 0.20980392156862746 0.008088235294117648 0.032679738562091505
0 0.4360294117647059 0.20980392156862746 0.0058823529411764705 0.032679738562091505
0 0.4863970588235294 0.18562091503267975 0.005147058823529412 0.023529411764705882
0 0.5577205882352941 0.134640522875817 0.005147058823529412 0.026143790849673203
0 0.5632352941176471 0.12810457516339868 0.0058823529411764705 0.02091503267973856
0 0.5209558823529412 0.1477124183006536 0.005147058823529412 0.02875816993464052
0 0.5724264705882353 0.06470588235294118 0.005147058823529412 0.022222222222222223
0 0.49669117647058825 0.07254901960784314 0.005147058823529412 0.0196078431372549
0 0.5654411764705882 0.038562091503267976 0.0029411764705882353 0.0196078431372549
0 0.5621323529411765 0.03986928104575163 0.0022058823529411764 0.01699346405228758
0 0.8544117647058823 0.33202614379084966 0.010294117647058823 0.044444444444444446
0 0.8386029411764706 0.2954248366013072 0.006617647058823529 0.04183006535947712
0 0.8352941176470589 0.2797385620915033 0.008823529411764706 0.04183006535947712
0 0.8176470588235294 0.2647058823529412 0.008823529411764706 0.03790849673202614
0 0.6948529411764706 0.26666666666666666 0.008823529411764706 0.02875816993464052
0 0.774264705882353 0.1300653594771242 0.0058823529411764705 0.02483660130718954
0 0.8227941176470588 0.15098039215686274 0.004411764705882353 0.02483660130718954
0 0.6797794117647059 0.016339869281045753 0.003676470588235294 0.01437908496732026
0 0.56875 0.01045751633986928 0.003676470588235294 0.013071895424836602
0 0.5735294117647058 0.00849673202614379 0.004411764705882353 0.01699346405228758
0 0.5786764705882353 0.00784313725490196 0.0029411764705882353 0.01568627450980392
0 0.5875 0.0058823529411764705 0.0029411764705882353 0.011764705882352941