0 0.5147058823529411 0.9281045751633987 0.011764705882352941 0.023529411764705882
0 0.33088235294117646 0.7352941176470589 0.013235294117647059 0.022222222222222223
0 0.2875 0.777124183006536 0.013235294117647059 0.027450980392156862
0 0.5194852941176471 0.792156862745098 0.0125 0.02875816993464052
0 0.4742647058823529 0.23137254901960785 0.010294117647058823 0.03137254901960784
0 0.5569852941176471 0.5143790849673202 0.011029411764705883 0.030065359477124184
0 0.41323529411764703 0.30522875816993467 0.013235294117647059 0.027450980392156862
0 0.11985294117647059 0.2973856209150327 0.01764705882352941 0.030065359477124184
0 0.09117647058823529 0.28169934640522876 0.01764705882352941 0.022222222222222223
0 0.7290441176470588 0.07712418300653595 0.013970588235294118 0.02875816993464052
0 0.6882352941176471 0.1411764705882353 0.011764705882352941 0.023529411764705882