0 0.09191176470588236 0.3633986928104575 0.03235294117647059 0.10196078431372549
0 0.06911764705882353 0.3405228758169935 0.03529411764705882 0.08758169934640522
0 0.029044117647058824 0.030065359477124184 0.030147058823529412 0.06013071895424837
0 0.8904411764705882 0.6183006535947713 0.027941176470588237 0.0915032679738562
0 0.9654411764705882 0.4261437908496732 0.027941176470588237 0.07581699346405228
0 0.981985294117647 0.4647058823529412 0.016911764705882352 0.0718954248366013
0 0.9246323529411765 0.4150326797385621 0.04191176470588235 0.08496732026143791
0 0.9091911764705882 0.373202614379085 0.03602941176470588 0.07973856209150326
0 0.868014705882353 0.23071895424836603 0.028676470588235293 0.07973856209150326
0 0.8893382352941176 0.2549019607843137 0.03455882352941177 0.08627450980392157
0 0.8893382352941176 0.22156862745098038 0.03897058823529412 0.08758169934640522
0 0.9073529411764706 0.23921568627450981 0.030882352941176472 0.09411764705882353
0 0.919485294117647 0.18104575163398692 0.03455882352941177 0.09542483660130718
0 0.9338235294117647 0.21241830065359477 0.029411764705882353 0.07973856209150326
0 0.7533088235294118 0.08823529411764706 0.019852941176470587 0.08235294117647059
0 0.7764705882352941 0.07647058823529412 0.01764705882352941 0.06405228758169934
0 0.7878676470588235 0.08496732026143791 0.021323529411764706 0.0784313725490196
0 0.7797794117647059 0.09542483660130718 0.015441176470588236 0.06535947712418301
0 0.7625 0.11503267973856209 0.029411764705882353 0.08104575163398693
0 0.7786764705882353 0.9784313725490196 0.04264705882352941 0.043137254901960784