0 0.425 0.15816993464052287 0.007352941176470588 0.03398692810457516
0 0.40661764705882353 0.46601307189542485 0.014705882352941176 0.050980392156862744
0 0.6702205882352941 0.807843137254902 0.015441176470588236 0.06274509803921569
0 0.5841911764705883 0.7071895424836602 0.01838235294117647 0.044444444444444446
0 0.5430147058823529 0.3104575163398693 0.011029411764705883 0.03529411764705882
0 0.5533088235294118 0.23790849673202613 0.011029411764705883 0.036601307189542485
0 0.5014705882352941 0.2437908496732026 0.008823529411764706 0.040522875816993466
0 0.4875 0.24640522875816995 0.013235294117647059 0.043137254901960784
0 0.47058823529411764 0.20784313725490197 0.008823529411764706 0.036601307189542485
0 0.5238970588235294 0.14967320261437908 0.011029411764705883 0.030065359477124184
0 0.5386029411764706 0.15098039215686274 0.008088235294117648 0.03529411764705882
0 0.5525735294117647 0.13594771241830064 0.006617647058823529 0.03137254901960784
0 0.45330882352941176 0.030065359477124184 0.006617647058823529 0.02875816993464052
0 0.43713235294117647 0.06666666666666667 0.008088235294117648 0.02091503267973856
0 0.5470588235294118 0.050980392156862744 0.0058823529411764705 0.02875816993464052
0 0.5404411764705882 0.02483660130718954 0.004411764705882353 0.02875816993464052
0 0.5397058823529411 0.021568627450980392 0.004411764705882353 0.02483660130718954
0 0.5308823529411765 0.01699346405228758 0.0058823529411764705 0.023529411764705882
0 0.5213235294117647 0.00784313725490196 0.0058823529411764705 0.01568627450980392