0 0.2529411764705882 0.8045751633986928 0.014705882352941176 0.0718954248366013
0 0.28860294117647056 0.6006535947712418 0.011029411764705883 0.058823529411764705
0 0.40294117647058825 0.6235294117647059 0.016176470588235296 0.03398692810457516
0 0.010294117647058823 0.5098039215686274 0.013235294117647059 0.044444444444444446
0 0.004044117647058824 0.5143790849673202 0.008088235294117648 0.043137254901960784
0 0.2801470588235294 0.35228758169934643 0.010294117647058823 0.03790849673202614
0 0.30330882352941174 0.3457516339869281 0.008088235294117648 0.040522875816993466
0 0.29375 0.34248366013071896 0.009558823529411765 0.0392156862745098
0 0.28088235294117647 0.33986928104575165 0.007352941176470588 0.02875816993464052
0 0.3977941176470588 0.41241830065359475 0.011764705882352941 0.027450980392156862
0 0.4022058823529412 0.41045751633986927 0.008823529411764706 0.036601307189542485
0 0.40955882352941175 0.4084967320261438 0.007352941176470588 0.030065359477124184
0 0.5139705882352941 0.3758169934640523 0.008823529411764706 0.027450980392156862
0 0.513235294117647 0.365359477124183 0.007352941176470588 0.022222222222222223
0 0.42205882352941176 0.3627450980392157 0.010294117647058823 0.03790849673202614
0 0.48308823529411765 0.2477124183006536 0.0058823529411764705 0.02483660130718954
0 0.5080882352941176 0.1326797385620915 0.004411764705882353 0.0196078431372549
0 0.6985294117647058 0.5058823529411764 0.010294117647058823 0.03398692810457516
0 0.6797794117647059 0.2477124183006536 0.006617647058823529 0.02483660130718954
0 0.8121323529411765 0.4065359477124183 0.0125 0.0392156862745098
0 0.736764705882353 0.13398692810457516 0.004411764705882353 0.022222222222222223
0 0.5779411764705882 0.10980392156862745 0.0029411764705882353 0.013071895424836602
0 0.5841911764705883 0.09673202614379085 0.005147058823529412 0.01568627450980392
0 0.6095588235294118 0.09869281045751634 0.004411764705882353 0.01699346405228758
0 0.5577205882352941 0.06601307189542484 0.003676470588235294 0.01437908496732026
0 0.7147058823529412 0.08104575163398693 0.0029411764705882353 0.01045751633986928
0 0.6672794117647058 0.05947712418300653 0.003676470588235294 0.01437908496732026
0 0.7488970588235294 0.05555555555555555 0.003676470588235294 0.009150326797385621
0 0.7536764705882353 0.05555555555555555 0.004411764705882353 0.009150326797385621
0 0.4474264705882353 0.16993464052287582 0.005147058823529412 0.023529411764705882
0 0.46544117647058825 0.1287581699346405 0.0029411764705882353 0.022222222222222223
0 0.4632352941176471 0.13529411764705881 0.0058823529411764705 0.01699346405228758
0 0.8753676470588235 0.6901960784313725 0.019852941176470587 0.05751633986928104