0 0.14044117647058824 0.7562091503267974 0.01764705882352941 0.043137254901960784
0 0.017279411764705883 0.6241830065359477 0.01838235294117647 0.040522875816993466
0 0.008455882352941176 0.6006535947712418 0.016911764705882352 0.043137254901960784
0 0.10772058823529412 0.5568627450980392 0.013970588235294118 0.03398692810457516
0 0.1213235294117647 0.5699346405228758 0.014705882352941176 0.0392156862745098
0 0.1474264705882353 0.45294117647058824 0.011029411764705883 0.03529411764705882
0 0.09632352941176471 0.43594771241830066 0.013235294117647059 0.032679738562091505
0 0.19852941176470587 0.3934640522875817 0.011764705882352941 0.026143790849673203
0 0.16213235294117648 0.3790849673202614 0.008088235294117648 0.036601307189542485
0 0.1676470588235294 0.3784313725490196 0.008823529411764706 0.03529411764705882
0 0.24926470588235294 0.3784313725490196 0.007352941176470588 0.03790849673202614
0 0.2625 0.373202614379085 0.007352941176470588 0.032679738562091505
0 0.3948529411764706 0.434640522875817 0.008823529411764706 0.032679738562091505
0 0.30772058823529413 0.33137254901960783 0.006617647058823529 0.030065359477124184
0 0.2933823529411765 0.3065359477124183 0.0058823529411764705 0.030065359477124184
0 0.3040441176470588 0.3045751633986928 0.006617647058823529 0.02875816993464052
0 0.3224264705882353 0.33202614379084966 0.005147058823529412 0.026143790849673203
0 0.3261029411764706 0.33137254901960783 0.005147058823529412 0.030065359477124184
0 0.3286764705882353 0.33464052287581697 0.0058823529411764705 0.03137254901960784
0 0.32316176470588237 0.3084967320261438 0.005147058823529412 0.026143790849673203
0 0.32683823529411765 0.31176470588235294 0.005147058823529412 0.022222222222222223
0 0.3341911764705882 0.31437908496732025 0.005147058823529412 0.030065359477124184
0 0.33897058823529413 0.3202614379084967 0.004411764705882353 0.018300653594771243
0 0.3397058823529412 0.30522875816993467 0.0029411764705882353 0.01437908496732026
0 0.3408088235294118 0.31241830065359477 0.005147058823529412 0.03398692810457516
0 0.3224264705882353 0.2973856209150327 0.006617647058823529 0.030065359477124184
0 0.32830882352941176 0.3026143790849673 0.005147058823529412 0.02483660130718954
0 0.33455882352941174 0.31437908496732025 0.0058823529411764705 0.030065359477124184
0 0.33455882352941174 0.3058823529411765 0.0058823529411764705 0.026143790849673203
0 0.3613970588235294 0.25620915032679736 0.005147058823529412 0.023529411764705882
0 0.38125 0.2568627450980392 0.003676470588235294 0.0196078431372549
0 0.38566176470588237 0.2581699346405229 0.005147058823529412 0.02483660130718954
0 0.3911764705882353 0.25555555555555554 0.004411764705882353 0.02483660130718954
0 0.3981617647058823 0.25163398692810457 0.005147058823529412 0.02483660130718954
0 0.4202205882352941 0.16013071895424835 0.0022058823529411764 0.01437908496732026
0 0.42463235294117646 0.16143790849673204 0.0022058823529411764 0.01437908496732026
0 0.44227941176470587 0.14967320261437908 0.0022058823529411764 0.01437908496732026
0 0.4522058823529412 0.13856209150326798 0.0029411764705882353 0.01568627450980392
0 0.4522058823529412 0.12287581699346405 0.0029411764705882353 0.013071895424836602
0 0.4459558823529412 0.12352941176470589 0.0022058823529411764 0.01437908496732026
0 0.4602941176470588 0.10915032679738562 0.0029411764705882353 0.011764705882352941
0 0.4400735294117647 0.1 0.0022058823529411764 0.009150326797385621
0 0.4470588235294118 0.10065359477124183 0.0029411764705882353 0.01045751633986928
0 0.44375 0.10196078431372549 0.0022058823529411764 0.01045751633986928
0 0.5033088235294118 0.13856209150326798 0.003676470588235294 0.01045751633986928
0 0.47095588235294117 0.1934640522875817 0.003676470588235294 0.018300653594771243
0 0.5139705882352941 0.1980392156862745 0.004411764705882353 0.0196078431372549
0 0.7213235294117647 0.43529411764705883 0.008823529411764706 0.03398692810457516
0 0.5139705882352941 0.4339869281045752 0.008823529411764706 0.02875816993464052
0 0.5261029411764706 0.42810457516339867 0.009558823529411765 0.032679738562091505
0 0.6551470588235294 0.31241830065359477 0.004411764705882353 0.02875816993464052
0 0.6602941176470588 0.30392156862745096 0.0058823529411764705 0.027450980392156862
0 0.6705882352941176 0.31437908496732025 0.0058823529411764705 0.032679738562091505
0 0.5897058823529412 0.2849673202614379 0.0058823529411764705 0.023529411764705882
0 0.6 0.2679738562091503 0.004411764705882353 0.02091503267973856
0 0.611764705882353 0.27450980392156865 0.007352941176470588 0.013071895424836602
0 0.6147058823529412 0.21045751633986928 0.004411764705882353 0.023529411764705882
0 0.5654411764705882 0.16797385620915034 0.0029411764705882353 0.01699346405228758
0 0.5279411764705882 0.09934640522875816 0.0029411764705882353 0.00784313725490196
0 0.513235294117647 0.07516339869281045 0.0029411764705882353 0.006535947712418301
0 0.5286764705882353 0.0784313725490196 0.0014705882352941176 0.00784313725490196