0 0.5067708333333333 0.7712962962962963 0.011458333333333333 0.046296296296296294
0 0.45364583333333336 0.6851851851851852 0.009375 0.037037037037037035
0 0.415625 0.6546296296296297 0.010416666666666666 0.03518518518518519
0 0.40729166666666666 0.7240740740740741 0.008333333333333333 0.02962962962962963
0 0.40729166666666666 0.7194444444444444 0.008333333333333333 0.03148148148148148
0 0.3807291666666667 0.8027777777777778 0.013541666666666667 0.03518518518518519
0 0.3859375 0.5703703703703704 0.007291666666666667 0.025925925925925925
0 0.4786458333333333 0.4648148148148148 0.005208333333333333 0.018518518518518517
0 0.3333333333333333 0.5601851851851852 0.004166666666666667 0.03148148148148148
0 0.32864583333333336 0.5611111111111111 0.005208333333333333 0.022222222222222223
0 0.33489583333333334 0.5583333333333333 0.005208333333333333 0.016666666666666666
0 0.40208333333333335 0.48148148148148145 0.00625 0.018518518518518517
0 0.3848958333333333 0.5027777777777778 0.007291666666666667 0.024074074074074074
0 0.5229166666666667 0.5092592592592593 0.004166666666666667 0.025925925925925925
0 0.51875 0.5064814814814815 0.00625 0.024074074074074074
0 0.515625 0.5018518518518519 0.00625 0.022222222222222223
0 0.34010416666666665 0.55 0.007291666666666667 0.022222222222222223
0 0.33645833333333336 0.8527777777777777 0.010416666666666666 0.06851851851851852
0 0.3229166666666667 0.8546296296296296 0.0125 0.06111111111111111
0 0.3015625 0.9407407407407408 0.017708333333333333 0.07407407407407407
0 0.27239583333333334 0.9490740740740741 0.017708333333333333 0.06481481481481481
0 0.34270833333333334 0.7555555555555555 0.010416666666666666 0.05925925925925926
0 0.33541666666666664 0.7518518518518519 0.010416666666666666 0.06296296296296296
0 0.5791666666666667 0.8092592592592592 0.0125 0.044444444444444446
0 0.5109375 0.45555555555555555 0.005208333333333333 0.018518518518518517
0 0.5072916666666667 0.4685185185185185 0.004166666666666667 0.014814814814814815
0 0.6729166666666667 0.5111111111111111 0.008333333333333333 0.025925925925925925
0 0.484375 0.4185185185185185 0.004166666666666667 0.011111111111111112
0 0.37864583333333335 0.4777777777777778 0.005208333333333333 0.025925925925925925
0 0.37135416666666665 0.4777777777777778 0.005208333333333333 0.022222222222222223
0 0.35520833333333335 0.48518518518518516 0.00625 0.022222222222222223
0 0.39114583333333336 0.6537037037037037 0.013541666666666667 0.02962962962962963
0 0.3807291666666667 0.6564814814814814 0.009375 0.027777777777777776
0 0.36302083333333335 0.6351851851851852 0.009375 0.040740740740740744
0 0.3734375 0.65 0.011458333333333333 0.040740740740740744
0 0.3458333333333333 0.6296296296296297 0.008333333333333333 0.040740740740740744
0 0.371875 0.6777777777777778 0.008333333333333333 0.02962962962962963