0 0.5025735294117647 0.39215686274509803 0.005147058823529412 0.01045751633986928
0 0.6900735294117647 0.6143790849673203 0.006617647058823529 0.01045751633986928
0 0.8147058823529412 0.6006535947712418 0.0058823529411764705 0.011764705882352941
0 0.4496323529411765 0.8790849673202614 0.005147058823529412 0.009150326797385621
0 0.7867647058823529 0.6980392156862745 0.007352941176470588 0.01045751633986928
0 0.16397058823529412 0.6986928104575163 0.010294117647058823 0.009150326797385621
0 0.5955882352941176 0.9117647058823529 0.007352941176470588 0.006535947712418301
0 0.8095588235294118 0.2549019607843137 0.010294117647058823 0.01045751633986928
0 0.5058823529411764 0.5771241830065359 0.004411764705882353 0.011764705882352941
0 0.6389705882352941 0.4065359477124183 0.008823529411764706 0.00784313725490196
0 0.6738970588235295 0.5980392156862745 0.006617647058823529 0.009150326797385621
0 0.6566176470588235 0.42287581699346405 0.0058823529411764705 0.011764705882352941
0 0.70625 0.5712418300653594 0.006617647058823529 0.013071895424836602