0 0.20625 0.6640522875816993 0.03455882352941177 0.08627450980392157
0 0.1875 0.6856209150326797 0.030882352941176472 0.07973856209150326
0 0.17463235294117646 0.3660130718954248 0.019852941176470587 0.06535947712418301
0 0.13419117647058823 0.3607843137254902 0.019852941176470587 0.06535947712418301
0 0.2613970588235294 0.6091503267973856 0.027205882352941177 0.0784313725490196
0 0.27095588235294116 0.5908496732026144 0.027205882352941177 0.0784313725490196
0 0.42720588235294116 0.7235294117647059 0.027941176470588237 0.1111111111111111
0 0.5036764705882353 0.6777777777777778 0.027941176470588237 0.1111111111111111
0 0.4985294117647059 0.581045751633987 0.020588235294117647 0.06666666666666667
0 0.45551470588235293 0.5117647058823529 0.021323529411764706 0.0718954248366013
0 0.5786764705882353 0.6555555555555556 0.026470588235294117 0.07450980392156863
0 0.6871323529411765 0.8516339869281045 0.0375 0.09542483660130718
0 0.6970588235294117 0.8699346405228758 0.023529411764705882 0.0718954248366013
0 0.5025735294117647 0.5620915032679739 0.022794117647058822 0.0784313725490196
0 0.2801470588235294 0.5882352941176471 0.01911764705882353 0.06535947712418301
0 0.35625 0.5967320261437908 0.019852941176470587 0.09281045751633987
0 0.3761029411764706 0.5836601307189543 0.019852941176470587 0.10065359477124183
0 0.46139705882352944 0.7509803921568627 0.02426470588235294 0.12156862745098039
0 0.7783088235294118 0.5320261437908497 0.025735294117647058 0.08888888888888889
0 0.8970588235294118 0.46405228758169936 0.020588235294117647 0.07320261437908497
0 0.5143382352941176 0.3261437908496732 0.01838235294117647 0.07712418300653595
0 0.5400735294117647 0.31241830065359477 0.01838235294117647 0.0784313725490196
0 0.5838235294117647 0.31176470588235294 0.014705882352941176 0.06666666666666667
0 0.13345588235294117 0.35947712418300654 0.019852941176470587 0.06535947712418301
0 0.05073529411764706 0.42091503267973857 0.027941176470588237 0.044444444444444446
0 0.45 0.3241830065359477 0.016176470588235296 0.06797385620915032
0 0.5977941176470588 0.3287581699346405 0.014705882352941176 0.06666666666666667
0 0.6106617647058824 0.27647058823529413 0.0125 0.043137254901960784
0 0.6433823529411765 0.27647058823529413 0.011764705882352941 0.030065359477124184
0 0.6455882352941177 0.26209150326797387 0.011764705882352941 0.030065359477124184
0 0.6588235294117647 0.2503267973856209 0.013235294117647059 0.050980392156862744
0 0.75 0.26405228758169935 0.01911764705882353 0.04183006535947712
0 0.8830882352941176 0.23202614379084968 0.014705882352941176 0.048366013071895426
0 0.89375 0.23398692810457516 0.015441176470588236 0.04967320261437908
0 0.9742647058823529 0.29934640522875816 0.013235294117647059 0.05228758169934641
0 0.15073529411764705 0.060784313725490195 0.010294117647058823 0.027450980392156862
0 0.05698529411764706 0.052941176470588235 0.008088235294117648 0.030065359477124184
0 0.14779411764705883 0.013725490196078431 0.004411764705882353 0.02483660130718954
0 0.15330882352941178 0.015032679738562092 0.005147058823529412 0.02483660130718954
0 0.34705882352941175 0.16013071895424835 0.010294117647058823 0.0457516339869281
0 0.3290441176470588 0.09803921568627451 0.009558823529411765 0.03398692810457516
0 0.3025735294117647 0.07058823529411765 0.008088235294117648 0.023529411764705882
0 0.28051470588235294 0.01895424836601307 0.008088235294117648 0.027450980392156862