0 0.04401041666666667 0.4708333333333333 0.0078125 0.028703703703703703
0 0.05 0.7055555555555556 0.013541666666666667 0.05555555555555555
0 0.09244791666666667 0.9824074074074074 0.0171875 0.03518518518518519
0 0.052083333333333336 0.3962962962962963 0.010416666666666666 0.03333333333333333
0 0.07708333333333334 0.7935185185185185 0.016666666666666666 0.053703703703703705
0 0.047135416666666666 0.5791666666666667 0.011979166666666667 0.03981481481481482
0 0.07734375 0.6472222222222223 0.0140625 0.04814814814814815
0 0.1390625 0.7425925925925926 0.011458333333333333 0.05185185185185185
0 0.07942708333333333 0.7097222222222223 0.013020833333333334 0.05092592592592592
0 0.09583333333333334 0.6560185185185186 0.011458333333333333 0.041666666666666664
0 0.08229166666666667 0.4652777777777778 0.010416666666666666 0.032407407407407406
0 0.09791666666666667 0.49166666666666664 0.007291666666666667 0.040740740740740744
0 0.8208333333333333 0.7236111111111111 0.0125 0.05462962962962963
0 0.8205729166666667 0.7097222222222223 0.009895833333333333 0.05092592592592592
0 0.81640625 0.6361111111111111 0.0109375 0.05
0 0.9091145833333333 0.7175925925925926 0.0109375 0.053703703703703705
0 0.89609375 0.7226851851851852 0.0140625 0.05648148148148148
0 0.9049479166666666 0.7439814814814815 0.013020833333333334 0.058333333333333334
0 0.8901041666666667 0.75 0.015625 0.046296296296296294
0 0.6807291666666667 0.5787037037037037 0.011458333333333333 0.04814814814814815
0 0.7348958333333333 0.562037037037037 0.014583333333333334 0.02962962962962963
0 0.6427083333333333 0.5148148148148148 0.011458333333333333 0.03518518518518519
0 0.6841145833333333 0.5148148148148148 0.011979166666666667 0.03148148148148148