0 0.4591911764705882 0.361437908496732 0.0022058823529411764 0.01699346405228758
0 0.40147058823529413 0.3464052287581699 0.0029411764705882353 0.013071895424836602
0 0.41948529411764707 0.35294117647058826 0.003676470588235294 0.01045751633986928
0 0.4088235294117647 0.34509803921568627 0.0029411764705882353 0.01045751633986928
0 0.44926470588235295 0.3392156862745098 0.0029411764705882353 0.009150326797385621
0 0.4158088235294118 0.3457516339869281 0.003676470588235294 0.011764705882352941
0 0.4636029411764706 0.3633986928104575 0.0022058823529411764 0.01568627450980392
0 0.46544117647058825 0.36209150326797385 0.0029411764705882353 0.01568627450980392
0 0.46654411764705883 0.36209150326797385 0.0022058823529411764 0.01568627450980392
0 0.5216911764705883 0.4235294117647059 0.003676470588235294 0.013071895424836602
0 0.5345588235294118 0.43071895424836604 0.0029411764705882353 0.0196078431372549
0 0.5099264705882353 0.44248366013071894 0.003676470588235294 0.02483660130718954
0 0.6794117647058824 0.5137254901960784 0.007352941176470588 0.03137254901960784
0 0.5742647058823529 0.5882352941176471 0.010294117647058823 0.04183006535947712
0 0.43713235294117647 0.6431372549019608 0.013970588235294118 0.044444444444444446
0 0.4375 0.6411764705882353 0.013235294117647059 0.043137254901960784
0 0.35625 0.5470588235294118 0.009558823529411765 0.02483660130718954
0 0.2702205882352941 0.6490196078431373 0.011029411764705883 0.058823529411764705
0 0.2595588235294118 0.7183006535947712 0.01911764705882353 0.027450980392156862
0 0.4319852941176471 0.4071895424836601 0.005147058823529412 0.01699346405228758
0 0.7128676470588236 0.592156862745098 0.008088235294117648 0.026143790849673203