0 0.33125 0.06470588235294118 0.006617647058823529 0.032679738562091505
0 0.3375 0.06601307189542484 0.0058823529411764705 0.030065359477124184
0 0.33676470588235297 0.11633986928104575 0.0058823529411764705 0.036601307189542485
0 0.3286764705882353 0.11764705882352941 0.0058823529411764705 0.03398692810457516
0 0.32794117647058824 0.11176470588235295 0.004411764705882353 0.01699346405228758
0 0.2514705882352941 0.2830065359477124 0.010294117647058823 0.048366013071895426
0 0.6154411764705883 0.2150326797385621 0.008823529411764706 0.03790849673202614
0 0.5672794117647059 0.3104575163398693 0.013970588235294118 0.048366013071895426
0 0.8411764705882353 0.2222222222222222 0.008823529411764706 0.03398692810457516
0 0.8102941176470588 0.21633986928104576 0.007352941176470588 0.03529411764705882
0 0.7919117647058823 0.2437908496732026 0.008823529411764706 0.030065359477124184
0 0.7841911764705882 0.2457516339869281 0.008088235294117648 0.03137254901960784
0 0.7727941176470589 0.24901960784313726 0.010294117647058823 0.040522875816993466
0 0.7886029411764706 0.238562091503268 0.009558823529411765 0.03529411764705882
0 0.7893382352941176 0.26601307189542484 0.011029411764705883 0.040522875816993466
0 0.7224264705882353 0.2718954248366013 0.009558823529411765 0.047058823529411764
0 0.7591911764705882 0.2856209150326797 0.013970588235294118 0.043137254901960784
0 0.7639705882352941 0.2751633986928105 0.0058823529411764705 0.01699346405228758
0 0.7463235294117647 0.265359477124183 0.008823529411764706 0.04183006535947712
0 0.7463235294117647 0.27712418300653596 0.008823529411764706 0.04183006535947712
0 0.7268382352941176 0.32941176470588235 0.0125 0.036601307189542485
0 0.7227941176470588 0.8098039215686275 0.026470588235294117 0.05620915032679739
0 0.2286764705882353 0.7823529411764706 0.01911764705882353 0.050980392156862744
0 0.2301470588235294 0.7032679738562092 0.020588235294117647 0.07058823529411765
0 0.03161764705882353 0.969281045751634 0.033823529411764704 0.06143790849673202
0 0.1625 0.4189542483660131 0.013235294117647059 0.05359477124183006
0 0.41801470588235295 0.4895424836601307 0.016911764705882352 0.058823529411764705