0 0.4264705882352941 0.20130718954248367 0.004411764705882353 0.02091503267973856
0 0.4632352941176471 0.21241830065359477 0.004411764705882353 0.0196078431372549
0 0.4886029411764706 0.21633986928104576 0.003676470588235294 0.02483660130718954
0 0.4647058823529412 0.17254901960784313 0.004411764705882353 0.02091503267973856
0 0.4742647058823529 0.1738562091503268 0.0029411764705882353 0.023529411764705882
0 0.47095588235294117 0.1392156862745098 0.005147058823529412 0.022222222222222223
0 0.4625 0.032679738562091505 0.0029411764705882353 0.013071895424836602
0 0.4834558823529412 0.03790849673202614 0.003676470588235294 0.01568627450980392
0 0.48713235294117646 0.021568627450980392 0.0022058823529411764 0.011764705882352941
0 0.48933823529411763 0.01895424836601307 0.0022058823529411764 0.01437908496732026
0 0.4959558823529412 0.05163398692810457 0.011029411764705883 0.01699346405228758
0 0.49411764705882355 0.047058823529411764 0.016176470588235296 0.01568627450980392
0 0.5143382352941176 0.00849673202614379 0.0022058823529411764 0.011764705882352941
0 0.5246323529411765 0.1522875816993464 0.0022058823529411764 0.011764705882352941
0 0.5264705882352941 0.1522875816993464 0.0029411764705882353 0.011764705882352941
0 0.5253676470588236 0.15555555555555556 0.003676470588235294 0.013071895424836602
0 0.6143382352941177 0.15555555555555556 0.005147058823529412 0.02091503267973856
0 0.6202205882352941 0.15751633986928104 0.005147058823529412 0.0196078431372549
0 0.6011029411764706 0.13202614379084968 0.003676470588235294 0.01568627450980392
0 0.8702205882352941 0.2111111111111111 0.003676470588235294 0.022222222222222223
0 0.8897058823529411 0.2150326797385621 0.004411764705882353 0.022222222222222223
0 0.36213235294117646 0.16209150326797386 0.003676470588235294 0.018300653594771243
0 0.3672794117647059 0.16143790849673204 0.003676470588235294 0.01699346405228758
0 0.37279411764705883 0.1588235294117647 0.004411764705882353 0.022222222222222223
0 0.38823529411764707 0.1718954248366013 0.004411764705882353 0.02483660130718954
0 0.04963235294117647 0.7542483660130719 0.011029411764705883 0.03137254901960784
0 0.05477941176470588 0.7555555555555555 0.011029411764705883 0.0392156862745098
0 0.11102941176470588 0.6993464052287581 0.013235294117647059 0.04967320261437908
0 0.10588235294117647 0.5450980392156862 0.008823529411764706 0.0392156862745098
0 0.12058823529411765 0.5287581699346405 0.0058823529411764705 0.0196078431372549
0 0.13198529411764706 0.41633986928104577 0.005147058823529412 0.01437908496732026
0 0.07830882352941176 0.3895424836601307 0.009558823529411765 0.036601307189542485
0 0.07426470588235294 0.18627450980392157 0.004411764705882353 0.022222222222222223
0 0.07536764705882353 0.18562091503267975 0.005147058823529412 0.02091503267973856
0 0.1161764705882353 0.19150326797385622 0.004411764705882353 0.022222222222222223
0 0.21066176470588235 0.19607843137254902 0.005147058823529412 0.023529411764705882
0 0.21470588235294116 0.2 0.004411764705882353 0.023529411764705882
0 0.2275735294117647 0.1758169934640523 0.005147058823529412 0.02483660130718954
0 0.23933823529411766 0.18496732026143792 0.0022058823529411764 0.009150326797385621
0 0.2566176470588235 0.2196078431372549 0.004411764705882353 0.023529411764705882
0 0.17022058823529412 0.20718954248366014 0.005147058823529412 0.02483660130718954
0 0.15845588235294117 0.24509803921568626 0.005147058823529412 0.02483660130718954
0 0.17316176470588235 0.20326797385620915 0.003676470588235294 0.022222222222222223
0 0.17426470588235293 0.21045751633986928 0.0058823529411764705 0.026143790849673203
0 0.17904411764705883 0.21176470588235294 0.005147058823529412 0.023529411764705882
0 0.18419117647058825 0.2045751633986928 0.003676470588235294 0.02483660130718954
0 0.1636029411764706 0.17712418300653596 0.005147058823529412 0.022222222222222223
0 0.17977941176470588 0.15751633986928104 0.006617647058823529 0.02483660130718954
0 0.17720588235294119 0.16732026143790849 0.0029411764705882353 0.013071895424836602
0 0.19669117647058823 0.16470588235294117 0.005147058823529412 0.023529411764705882
0 0.20698529411764705 0.15490196078431373 0.005147058823529412 0.022222222222222223
0 0.14191176470588235 0.18627450980392157 0.007352941176470588 0.02483660130718954
0 0.12720588235294117 0.15555555555555556 0.004411764705882353 0.02091503267973856
0 0.13455882352941176 0.16143790849673204 0.004411764705882353 0.022222222222222223
0 0.0974264705882353 0.1 0.003676470588235294 0.01699346405228758
0 0.10477941176470588 0.10065359477124183 0.003676470588235294 0.018300653594771243
0 0.1150735294117647 0.06470588235294118 0.003676470588235294 0.01699346405228758
0 0.10992647058823529 0.1065359477124183 0.005147058823529412 0.01699346405228758
0 0.11286764705882353 0.1065359477124183 0.003676470588235294 0.0196078431372549
0 0.11691176470588235 0.10784313725490197 0.004411764705882353 0.01699346405228758
0 0.12426470588235294 0.10326797385620914 0.004411764705882353 0.018300653594771243
0 0.12830882352941175 0.10392156862745099 0.005147058823529412 0.01699346405228758
0 0.1463235294117647 0.13333333333333333 0.0029411764705882353 0.023529411764705882
0 0.011764705882352941 0.1542483660130719 0.0058823529411764705 0.023529411764705882
0 0.31433823529411764 0.1477124183006536 0.003676470588235294 0.018300653594771243
0 0.31875 0.12483660130718954 0.003676470588235294 0.0196078431372549
0 0.33198529411764705 0.11633986928104575 0.003676470588235294 0.018300653594771243
0 0.33492647058823527 0.11699346405228758 0.003676470588235294 0.0196078431372549
0 0.3386029411764706 0.11503267973856209 0.003676470588235294 0.018300653594771243
0 0.40845588235294117 0.05751633986928104 0.0022058823529411764 0.01568627450980392
0 0.4139705882352941 0.05751633986928104 0.0029411764705882353 0.01568627450980392
0 0.3220588235294118 0.052941176470588235 0.004411764705882353 0.0196078431372549
0 0.3261029411764706 0.052941176470588235 0.003676470588235294 0.0196078431372549
0 0.11764705882352941 0.05359477124183006 0.0029411764705882353 0.01568627450980392
0 0.12169117647058823 0.054901960784313725 0.005147058823529412 0.013071895424836602
0 0.13713235294117648 0.06274509803921569 0.003676470588235294 0.013071895424836602
0 0.12794117647058822 0.032679738562091505 0.0029411764705882353 0.013071895424836602