0 0.7150735294117647 0.3516339869281046 0.009558823529411765 0.04183006535947712
0 0.6444852941176471 0.10130718954248366 0.003676470588235294 0.022222222222222223
0 0.6455882352941177 0.047058823529411764 0.0029411764705882353 0.02091503267973856
0 0.56875 0.016339869281045753 0.003676470588235294 0.01699346405228758
0 0.5731617647058823 0.03071895424836601 0.003676470588235294 0.0196078431372549
0 0.5308823529411765 0.10522875816993464 0.0058823529411764705 0.02483660130718954
0 0.5238970588235294 0.15359477124183007 0.003676470588235294 0.027450980392156862
0 0.5202205882352942 0.1627450980392157 0.005147058823529412 0.027450980392156862
0 0.5044117647058823 0.13986928104575164 0.004411764705882353 0.023529411764705882
0 0.5073529411764706 0.17712418300653596 0.004411764705882353 0.02483660130718954
0 0.5455882352941176 0.2777777777777778 0.0029411764705882353 0.027450980392156862
0 0.5580882352941177 0.2633986928104575 0.004411764705882353 0.022222222222222223
0 0.022426470588235294 0.6869281045751634 0.013970588235294118 0.05359477124183006
0 0.026838235294117645 0.6718954248366014 0.013970588235294118 0.05228758169934641
0 0.16470588235294117 0.6111111111111112 0.011764705882352941 0.050980392156862744
0 0.17977941176470588 0.6235294117647059 0.0125 0.04967320261437908
0 0.20330882352941176 0.5450980392156862 0.011029411764705883 0.04967320261437908
0 0.22647058823529412 0.36013071895424836 0.010294117647058823 0.040522875816993466
0 0.16654411764705881 0.361437908496732 0.006617647058823529 0.032679738562091505
0 0.1724264705882353 0.3627450980392157 0.006617647058823529 0.030065359477124184
0 0.17904411764705883 0.36209150326797385 0.006617647058823529 0.02875816993464052
0 0.4238970588235294 0.165359477124183 0.005147058823529412 0.02483660130718954
0 0.3297794117647059 0.09019607843137255 0.005147058823529412 0.018300653594771243
0 0.39191176470588235 0.02875816993464052 0.004411764705882353 0.02091503267973856
0 0.3966911764705882 0.030065359477124184 0.003676470588235294 0.018300653594771243
0 0.4441176470588235 0.31895424836601305 0.008823529411764706 0.036601307189542485
0 0.6963235294117647 0.20392156862745098 0.0058823529411764705 0.03137254901960784