0 0.21580882352941178 0.9771241830065359 0.013970588235294118 0.0457516339869281
0 0.20404411764705882 0.9699346405228758 0.0125 0.03137254901960784
0 0.30661764705882355 0.777124183006536 0.014705882352941176 0.040522875816993466
0 0.5610294117647059 0.8104575163398693 0.016176470588235296 0.03137254901960784
0 0.5606617647058824 0.8405228758169935 0.015441176470588236 0.03137254901960784
0 0.631985294117647 0.969281045751634 0.01838235294117647 0.040522875816993466
0 0.7444852941176471 0.9836601307189542 0.01838235294117647 0.030065359477124184
0 0.7518382352941176 0.9673202614379085 0.016911764705882352 0.0392156862745098
0 0.7676470588235295 0.9751633986928104 0.014705882352941176 0.04183006535947712
0 0.663235294117647 0.7986928104575164 0.016176470588235296 0.04183006535947712
0 0.6753676470588236 0.7947712418300653 0.015441176470588236 0.047058823529411764
0 0.66875 0.7745098039215687 0.013970588235294118 0.0457516339869281
0 0.8143382352941176 0.8464052287581699 0.019852941176470587 0.03790849673202614
0 0.8073529411764706 0.8339869281045752 0.022058823529411766 0.036601307189542485
0 0.8772058823529412 0.8679738562091504 0.020588235294117647 0.04183006535947712
0 0.9091911764705882 0.6777777777777778 0.02426470588235294 0.043137254901960784
0 0.8411764705882353 0.4496732026143791 0.01764705882352941 0.04183006535947712
0 0.8158088235294118 0.44575163398692813 0.016911764705882352 0.04183006535947712
0 0.6908088235294118 0.6986928104575163 0.013970588235294118 0.03790849673202614
0 0.5966911764705882 0.6745098039215687 0.013970588235294118 0.04183006535947712
0 0.6790441176470589 0.5816993464052288 0.0125 0.044444444444444446
0 0.6628676470588235 0.5758169934640522 0.011029411764705883 0.043137254901960784
0 0.6551470588235294 0.5686274509803921 0.013235294117647059 0.047058823529411764
0 0.6790441176470589 0.48823529411764705 0.013970588235294118 0.03529411764705882
0 0.6055147058823529 0.43529411764705883 0.0125 0.044444444444444446
0 0.6014705882352941 0.3464052287581699 0.008823529411764706 0.04183006535947712
0 0.555514705882353 0.3673202614379085 0.008088235294117648 0.04183006535947712
0 0.5654411764705882 0.3209150326797386 0.010294117647058823 0.03529411764705882
0 0.5378676470588235 0.3503267973856209 0.011029411764705883 0.03137254901960784
0 0.5025735294117647 0.40261437908496733 0.013970588235294118 0.036601307189542485
0 0.4919117647058823 0.3633986928104575 0.010294117647058823 0.036601307189542485
0 0.6161764705882353 0.18888888888888888 0.010294117647058823 0.03529411764705882
0 0.6161764705882353 0.17973856209150327 0.0058823529411764705 0.0196078431372549
0 0.6253676470588235 0.15555555555555556 0.009558823529411765 0.04183006535947712
0 0.5904411764705882 0.12745098039215685 0.008823529411764706 0.040522875816993466
0 0.5838235294117647 0.1261437908496732 0.007352941176470588 0.040522875816993466
0 0.5970588235294118 0.12287581699346405 0.007352941176470588 0.04183006535947712
0 0.6073529411764705 0.10522875816993464 0.007352941176470588 0.043137254901960784
0 0.6191176470588236 0.08431372549019608 0.007352941176470588 0.03529411764705882
0 0.5746323529411764 0.12549019607843137 0.008088235294117648 0.036601307189542485
0 0.5900735294117647 0.1 0.008088235294117648 0.027450980392156862
0 0.5595588235294118 0.08758169934640522 0.007352941176470588 0.03137254901960784
0 0.5463235294117647 0.03790849673202614 0.007352941176470588 0.036601307189542485
0 0.544485294117647 0.015032679738562092 0.008088235294117648 0.030065359477124184
0 0.5389705882352941 0.01045751633986928 0.007352941176470588 0.02091503267973856
0 0.4801470588235294 0.2065359477124183 0.008823529411764706 0.036601307189542485
0 0.4823529411764706 0.21241830065359477 0.007352941176470588 0.027450980392156862
0 0.48051470588235295 0.14836601307189543 0.009558823529411765 0.027450980392156862
0 0.4834558823529412 0.07320261437908497 0.009558823529411765 0.02875816993464052
0 0.48970588235294116 0.044444444444444446 0.008823529411764706 0.03137254901960784
0 0.475 0.03071895424836601 0.008823529411764706 0.027450980392156862
0 0.45 0.07647058823529412 0.011764705882352941 0.022222222222222223
0 0.6022058823529411 0.021568627450980392 0.007352941176470588 0.03529411764705882
0 0.34852941176470587 0.22679738562091503 0.014705882352941176 0.043137254901960784
0 0.4922794117647059 0.17973856209150327 0.008088235294117648 0.03790849673202614
0 0.5011029411764706 0.17450980392156862 0.006617647058823529 0.043137254901960784
0 0.49411764705882355 0.17647058823529413 0.007352941176470588 0.02091503267973856
0 0.21911764705882353 0.4372549019607843 0.011764705882352941 0.043137254901960784
0 0.24338235294117647 0.12352941176470589 0.008823529411764706 0.03529411764705882
0 0.2411764705882353 0.0392156862745098 0.010294117647058823 0.044444444444444446
0 0.34963235294117645 0.01241830065359477 0.008088235294117648 0.02483660130718954