0 0.6889705882352941 0.7797385620915033 0.027941176470588237 0.10326797385620914
0 0.674264705882353 0.773202614379085 0.020588235294117647 0.09803921568627451
0 0.8408088235294118 0.42483660130718953 0.009558823529411765 0.06274509803921569
0 0.8272058823529411 0.4111111111111111 0.011764705882352941 0.06405228758169934
0 0.8161764705882353 0.4196078431372549 0.008823529411764706 0.054901960784313725
0 0.7878676470588235 0.4215686274509804 0.0125 0.05359477124183006
0 0.7801470588235294 0.2758169934640523 0.004411764705882353 0.02875816993464052
0 0.7591911764705882 0.2496732026143791 0.006617647058823529 0.013071895424836602
0 0.8128676470588235 0.2196078431372549 0.003676470588235294 0.023529411764705882
0 0.7404411764705883 0.18169934640522875 0.0058823529411764705 0.018300653594771243
0 0.5981617647058823 0.5490196078431373 0.016911764705882352 0.06535947712418301
0 0.6106617647058824 0.3908496732026144 0.011029411764705883 0.047058823529411764
0 0.33051470588235293 0.40588235294117647 0.011029411764705883 0.050980392156862744
0 0.36580882352941174 0.2542483660130719 0.006617647058823529 0.032679738562091505
0 0.3613970588235294 0.2522875816993464 0.005147058823529412 0.03398692810457516
0 0.34816176470588234 0.25163398692810457 0.006617647058823529 0.030065359477124184
0 0.17426470588235293 0.37712418300653594 0.011764705882352941 0.058823529411764705
0 0.25477941176470587 0.3352941176470588 0.011029411764705883 0.048366013071895426
0 0.26433823529411765 0.3333333333333333 0.009558823529411765 0.04183006535947712
0 0.2400735294117647 0.3281045751633987 0.011029411764705883 0.03398692810457516
0 0.2301470588235294 0.3287581699346405 0.007352941176470588 0.032679738562091505
0 0.1161764705882353 0.24183006535947713 0.0058823529411764705 0.02091503267973856