0 0.7182291666666667 0.8856481481481482 0.019791666666666666 0.06944444444444445
0 0.7255208333333333 0.9430555555555555 0.019791666666666666 0.0824074074074074
0 0.7359375 0.9462962962962963 0.011458333333333333 0.05925925925925926
0 0.8606770833333334 0.9708333333333333 0.0171875 0.05648148148148148
0 0.83984375 0.8356481481481481 0.0203125 0.06388888888888888
0 0.8171875 0.8458333333333333 0.017708333333333333 0.06574074074074074
0 0.8080729166666667 0.9004629629629629 0.025520833333333333 0.075
0 0.7895833333333333 0.8324074074074074 0.014583333333333334 0.07222222222222222
0 0.7703125 0.837037037037037 0.015625 0.06481481481481481
0 0.79765625 0.874537037037037 0.019270833333333334 0.06018518518518518
0 0.7677083333333333 0.8444444444444444 0.016666666666666666 0.06111111111111111
0 0.19583333333333333 0.5268518518518519 0.008333333333333333 0.044444444444444446
0 0.18385416666666668 0.5462962962962963 0.007291666666666667 0.046296296296296294
0 0.1875 0.5435185185185185 0.007291666666666667 0.04259259259259259
0 0.7018229166666666 0.7518518518518519 0.0078125 0.03888888888888889
0 0.71640625 0.7402777777777778 0.015104166666666667 0.058333333333333334
0 0.7677083333333333 0.6930555555555555 0.015625 0.05648148148148148
0 0.7046875 0.7078703703703704 0.008333333333333333 0.05648148148148148
0 0.7184895833333333 0.687962962962963 0.0109375 0.05555555555555555
0 0.7263020833333333 0.7324074074074074 0.011979166666666667 0.05740740740740741
0 0.7221354166666667 0.7111111111111111 0.011979166666666667 0.044444444444444446
0 0.7260416666666667 0.6694444444444444 0.009375 0.05185185185185185
0 0.7104166666666667 0.6125 0.015625 0.05092592592592592
0 0.6994791666666667 0.5560185185185185 0.011458333333333333 0.04537037037037037
0 0.8432291666666667 0.6546296296296297 0.0125 0.05555555555555555
0 0.8598958333333333 0.6685185185185185 0.013541666666666667 0.05555555555555555
0 0.8653645833333333 0.6606481481481481 0.013020833333333334 0.05092592592592592
0 0.88203125 0.6476851851851851 0.018229166666666668 0.05462962962962963
0 0.87265625 0.5662037037037037 0.0067708333333333336 0.03796296296296296
0 0.8822916666666667 0.5675925925925925 0.009375 0.040740740740740744
0 0.8794270833333333 0.524074074074074 0.0109375 0.044444444444444446
0 0.88359375 0.5337962962962963 0.009895833333333333 0.041666666666666664
0 0.7903645833333334 0.5652777777777778 0.0109375 0.04351851851851852
0 0.7763020833333333 0.6273148148148148 0.008854166666666666 0.05462962962962963
0 0.7919270833333333 0.6162037037037037 0.013020833333333334 0.032407407407407406
0 0.7658854166666667 0.5527777777777778 0.008854166666666666 0.027777777777777776
0 0.7942708333333334 0.45555555555555555 0.008333333333333333 0.025925925925925925
0 0.7708333333333334 0.44722222222222224 0.007291666666666667 0.03888888888888889
0 0.7669270833333334 0.45092592592592595 0.0067708333333333336 0.03518518518518519
0 0.7614583333333333 0.4537037037037037 0.007291666666666667 0.03518518518518519
0 0.7111979166666667 0.4263888888888889 0.011979166666666667 0.04537037037037037
0 0.7286458333333333 0.4842592592592593 0.009375 0.05
0 0.7205729166666667 0.4875 0.009895833333333333 0.04537037037037037
0 0.71796875 0.46944444444444444 0.011979166666666667 0.040740740740740744
0 0.7497395833333333 0.4935185185185185 0.0078125 0.037037037037037035
0 0.6984375 0.5060185185185185 0.008333333333333333 0.04351851851851852
0 0.6895833333333333 0.5083333333333333 0.009375 0.03888888888888889
0 0.69765625 0.4828703703703704 0.011979166666666667 0.03611111111111111
0 0.6497395833333334 0.3384259259259259 0.0067708333333333336 0.03981481481481482
0 0.6565104166666667 0.33796296296296297 0.008854166666666666 0.044444444444444446
0 0.6869791666666667 0.3263888888888889 0.005208333333333333 0.026851851851851852
0 0.6986979166666667 0.32592592592592595 0.005729166666666666 0.027777777777777776
0 0.6317708333333333 0.3263888888888889 0.005208333333333333 0.026851851851851852
0 0.6122395833333333 0.3050925925925926 0.005729166666666666 0.025
0 0.6346354166666667 0.25787037037037036 0.0046875 0.019444444444444445
0 0.6408854166666667 0.2625 0.0046875 0.019444444444444445
0 0.54140625 0.3574074074074074 0.009895833333333333 0.02962962962962963
0 0.5559895833333334 0.3592592592592593 0.008854166666666666 0.03148148148148148
0 0.5567708333333333 0.3523148148148148 0.010416666666666666 0.03425925925925926
0 0.61328125 0.2884259259259259 0.0036458333333333334 0.019444444444444445
0 0.6169270833333333 0.2898148148148148 0.0046875 0.022222222222222223
0 0.6744791666666666 0.29212962962962963 0.005208333333333333 0.021296296296296296
0 0.6614583333333334 0.2953703703703704 0.005208333333333333 0.024074074074074074
0 0.66171875 0.287962962962963 0.0046875 0.022222222222222223
0 0.6372395833333333 0.29212962962962963 0.0046875 0.021296296296296296
0 0.6229166666666667 0.2902777777777778 0.004166666666666667 0.021296296296296296
0 0.6268229166666667 0.2912037037037037 0.0046875 0.019444444444444445
0 0.63203125 0.29259259259259257 0.0046875 0.024074074074074074
0 0.6393229166666666 0.30925925925925923 0.0046875 0.022222222222222223
0 0.6442708333333333 0.3055555555555556 0.005208333333333333 0.022222222222222223
0 0.48098958333333336 0.35648148148148145 0.0078125 0.025925925925925925
0 0.49765625 0.35324074074074074 0.0078125 0.03425925925925926
0 0.04635416666666667 0.7462962962962963 0.014583333333333334 0.03888888888888889
0 0.007552083333333333 0.7967592592592593 0.015104166666666667 0.04722222222222222
0 0.036458333333333336 0.6694444444444444 0.016666666666666666 0.05555555555555555
0 0.019010416666666665 0.7018518518518518 0.013020833333333334 0.046296296296296294
0 0.011197916666666667 0.6953703703703704 0.0140625 0.05740740740740741
0 0.16171875 0.3263888888888889 0.009895833333333333 0.03611111111111111
0 0.17239583333333333 0.32685185185185184 0.008333333333333333 0.037037037037037035
0 0.10546875 0.4166666666666667 0.008854166666666666 0.044444444444444446
0 0.09348958333333333 0.4203703703703704 0.009895833333333333 0.04814814814814815
0 0.07604166666666666 0.44814814814814813 0.009375 0.04259259259259259
0 0.08333333333333333 0.4601851851851852 0.010416666666666666 0.04814814814814815
0 0.05911458333333333 0.48194444444444445 0.013020833333333334 0.04537037037037037
0 0.12578125 0.4013888888888889 0.0078125 0.049074074074074076
0 0.13255208333333332 0.40046296296296297 0.009895833333333333 0.049074074074074076
0 0.13255208333333332 0.35648148148148145 0.009895833333333333 0.03888888888888889
0 0.11380208333333333 0.4462962962962963 0.008854166666666666 0.044444444444444446
0 0.12083333333333333 0.4486111111111111 0.010416666666666666 0.04722222222222222
0 0.11223958333333334 0.4722222222222222 0.009895833333333333 0.04814814814814815
0 0.10026041666666667 0.4981481481481482 0.0140625 0.04814814814814815
0 0.07630208333333334 0.5671296296296297 0.0109375 0.041666666666666664
0 0.08385416666666666 0.5745370370370371 0.009375 0.03796296296296296
0 0.08098958333333334 0.549074074074074 0.008854166666666666 0.04259259259259259
0 0.08880208333333334 0.5541666666666667 0.009895833333333333 0.041666666666666664
0 0.09505208333333333 0.5282407407407408 0.0109375 0.04537037037037037
0 0.09270833333333334 0.5162037037037037 0.009375 0.03796296296296296
0 0.0953125 0.5476851851851852 0.008333333333333333 0.03611111111111111
0 0.40572916666666664 0.3453703703703704 0.008333333333333333 0.040740740740740744
0 0.3893229166666667 0.3541666666666667 0.0078125 0.03796296296296296
0 0.38723958333333336 0.3486111111111111 0.0078125 0.03796296296296296
0 0.36354166666666665 0.34953703703703703 0.007291666666666667 0.03611111111111111
0 0.3658854166666667 0.3439814814814815 0.0067708333333333336 0.03611111111111111
0 0.34765625 0.3458333333333333 0.009895833333333333 0.03981481481481482
0 0.346875 0.34120370370370373 0.009375 0.03981481481481482
0 0.3216145833333333 0.3421296296296296 0.0109375 0.03981481481481482
0 0.26510416666666664 0.35 0.007291666666666667 0.03148148148148148
0 0.2721354166666667 0.350462962962963 0.0067708333333333336 0.03611111111111111
0 0.2604166666666667 0.3074074074074074 0.005208333333333333 0.024074074074074074
0 0.26588541666666665 0.3055555555555556 0.005729166666666666 0.024074074074074074
0 0.2713541666666667 0.3060185185185185 0.005208333333333333 0.021296296296296296
0 0.2755208333333333 0.3 0.005208333333333333 0.020370370370370372
0 0.28958333333333336 0.2791666666666667 0.005208333333333333 0.025
0 0.27005208333333336 0.29768518518518516 0.005729166666666666 0.021296296296296296
0 0.27630208333333334 0.3212962962962963 0.0067708333333333336 0.024074074074074074
0 0.2838541666666667 0.3212962962962963 0.005208333333333333 0.020370370370370372
0 0.284375 0.30925925925925923 0.005208333333333333 0.020370370370370372
0 0.2869791666666667 0.3199074074074074 0.00625 0.023148148148148147
0 0.2903645833333333 0.31666666666666665 0.005729166666666666 0.025925925925925925
0 0.2947916666666667 0.3143518518518518 0.004166666666666667 0.021296296296296296
0 0.29739583333333336 0.3212962962962963 0.004166666666666667 0.020370370370370372
0 0.31171875 0.32037037037037036 0.0046875 0.016666666666666666
0 0.34739583333333335 0.28194444444444444 0.005208333333333333 0.023148148148148147
0 0.6236979166666666 0.5898148148148148 0.009895833333333333 0.05
0 0.625 0.5361111111111111 0.00625 0.040740740740740744
0 0.6208333333333333 0.5324074074074074 0.010416666666666666 0.044444444444444446
0 0.6325520833333333 0.5365740740740741 0.0078125 0.041666666666666664
0 0.3614583333333333 0.22916666666666666 0.003125 0.01574074074074074
0 0.36354166666666665 0.22870370370370371 0.003125 0.018518518518518517
0 0.3690104166666667 0.21342592592592594 0.0036458333333333334 0.01574074074074074
0 0.3932291666666667 0.20277777777777778 0.003125 0.014814814814814815
0 0.3614583333333333 0.21064814814814814 0.003125 0.006481481481481481