0 0.021354166666666667 0.725925925925926 0.011458333333333333 0.037037037037037035
0 0.27708333333333335 0.4601851851851852 0.00625 0.027777777777777776
0 0.3020833333333333 0.49907407407407406 0.008333333333333333 0.03518518518518519
0 0.27708333333333335 0.7583333333333333 0.010416666666666666 0.04259259259259259
0 0.34791666666666665 0.3287037037037037 0.004166666666666667 0.016666666666666666
0 0.3104166666666667 0.25555555555555554 0.0020833333333333333 0.011111111111111112
0 0.31302083333333336 0.25462962962962965 0.003125 0.012962962962962963
0 0.4421875 0.1935185185185185 0.003125 0.009259259259259259
0 0.484375 0.3101851851851852 0.004166666666666667 0.012962962962962963
0 0.45625 0.325 0.004166666666666667 0.012962962962962963
0 0.45677083333333335 0.2962962962962963 0.003125 0.011111111111111112
0 0.56875 0.4648148148148148 0.0125 0.03333333333333333
0 0.415625 0.43425925925925923 0.00625 0.016666666666666666
0 0.7510416666666667 0.6907407407407408 0.008333333333333333 0.037037037037037035
0 0.9291666666666667 0.25833333333333336 0.00625 0.016666666666666666