0 0.7091911764705883 0.8202614379084967 0.009558823529411765 0.0457516339869281
0 0.7169117647058824 0.818954248366013 0.007352941176470588 0.0457516339869281
0 0.7290441176470588 0.818954248366013 0.011029411764705883 0.0457516339869281
0 0.6830882352941177 0.7947712418300653 0.010294117647058823 0.0392156862745098
0 0.7761029411764706 0.9098039215686274 0.009558823529411765 0.047058823529411764
0 0.736764705882353 0.9032679738562092 0.011764705882352941 0.047058823529411764
0 0.5731617647058823 0.665359477124183 0.005147058823529412 0.03137254901960784
0 0.6246323529411765 0.6248366013071895 0.008088235294117648 0.02875816993464052
0 0.6113970588235295 0.5941176470588235 0.006617647058823529 0.022222222222222223
0 0.5632352941176471 0.5326797385620915 0.004411764705882353 0.0196078431372549
0 0.5683823529411764 0.5326797385620915 0.0058823529411764705 0.0196078431372549
0 0.49926470588235294 0.538562091503268 0.0058823529411764705 0.01568627450980392