0 0.28860294117647056 0.9686274509803922 0.008088235294117648 0.03137254901960784
0 0.29816176470588235 0.9535947712418301 0.006617647058823529 0.032679738562091505
0 0.29669117647058824 0.9509803921568627 0.005147058823529412 0.01699346405228758
0 0.49264705882352944 0.9745098039215686 0.007352941176470588 0.03790849673202614
0 0.41102941176470587 0.7745098039215687 0.0058823529411764705 0.02483660130718954
0 0.5110294117647058 0.803921568627451 0.0058823529411764705 0.023529411764705882
0 0.5169117647058824 0.8091503267973856 0.0058823529411764705 0.023529411764705882
0 0.5183823529411765 0.8 0.0058823529411764705 0.023529411764705882
0 0.36875 0.7843137254901961 0.006617647058823529 0.02875816993464052
0 0.41507352941176473 0.7444444444444445 0.006617647058823529 0.027450980392156862
0 0.5426470588235294 0.6483660130718955 0.004411764705882353 0.018300653594771243
0 0.5588235294117647 0.6679738562091503 0.0058823529411764705 0.02091503267973856
0 0.5672794117647059 0.6568627450980392 0.005147058823529412 0.0196078431372549
0 0.55 0.6496732026143791 0.0058823529411764705 0.02091503267973856
0 0.5889705882352941 0.6111111111111112 0.004411764705882353 0.01699346405228758
0 0.45294117647058824 0.5967320261437908 0.004411764705882353 0.01699346405228758
0 0.4547794117647059 0.5725490196078431 0.003676470588235294 0.01568627450980392
0 0.5330882352941176 0.5673202614379085 0.004411764705882353 0.01568627450980392
0 0.58125 0.5660130718954248 0.003676470588235294 0.01568627450980392
0 0.5841911764705883 0.5647058823529412 0.003676470588235294 0.01568627450980392
0 0.45588235294117646 0.515032679738562 0.0029411764705882353 0.013071895424836602