0 0.8166666666666667 0.6342592592592593 0.01875 0.05740740740740741
0 0.8557291666666667 0.6518518518518519 0.013541666666666667 0.05555555555555555
0 0.8635416666666667 0.6462962962962963 0.0125 0.05925925925925926
0 0.8572916666666667 0.5972222222222222 0.01875 0.03888888888888889
0 0.8083333333333333 0.55 0.014583333333333334 0.03333333333333333
0 0.7791666666666667 0.5351851851851852 0.010416666666666666 0.04814814814814815
0 0.7942708333333334 0.5314814814814814 0.013541666666666667 0.03333333333333333
0 0.6588541666666666 0.6083333333333333 0.007291666666666667 0.04259259259259259
0 0.5317708333333333 0.7574074074074074 0.015625 0.06296296296296296
0 0.4859375 0.41388888888888886 0.009375 0.020370370370370372
0 0.5052083333333334 0.4287037037037037 0.0125 0.03148148148148148
0 0.4973958333333333 0.38796296296296295 0.007291666666666667 0.024074074074074074
0 0.084375 0.9722222222222222 0.025 0.05555555555555555
0 0.2552083333333333 0.6592592592592592 0.0125 0.05555555555555555
0 0.2890625 0.6157407407407407 0.013541666666666667 0.05
0 0.2916666666666667 0.6212962962962963 0.010416666666666666 0.053703703703703705
0 0.39427083333333335 0.4111111111111111 0.005208333333333333 0.02962962962962963
0 0.40260416666666665 0.24351851851851852 0.005208333333333333 0.016666666666666666
0 0.421875 0.30833333333333335 0.00625 0.024074074074074074
0 0.39947916666666666 0.29444444444444445 0.009375 0.025925925925925925
0 0.4036458333333333 0.29444444444444445 0.005208333333333333 0.022222222222222223
0 0.4296875 0.27685185185185185 0.005208333333333333 0.024074074074074074