0 0.023958333333333335 0.5439814814814815 0.010416666666666666 0.03425925925925926
0 0.026041666666666668 0.5763888888888888 0.010416666666666666 0.041666666666666664
0 0.06354166666666666 0.5060185185185185 0.008333333333333333 0.028703703703703703
0 0.07369791666666667 0.5064814814814815 0.0078125 0.02962962962962963
0 0.065625 0.5231481481481481 0.007291666666666667 0.03148148148148148
0 0.05911458333333333 0.5333333333333333 0.009895833333333333 0.03148148148148148
0 0.06145833333333333 0.5638888888888889 0.007291666666666667 0.03518518518518519
0 0.06640625 0.5740740740740741 0.005729166666666666 0.03888888888888889
0 0.07369791666666667 0.5740740740740741 0.008854166666666666 0.037037037037037035
0 0.07161458333333333 0.5648148148148148 0.008854166666666666 0.03888888888888889
0 0.07317708333333334 0.5546296296296296 0.0078125 0.037037037037037035
0 0.01015625 0.625 0.013020833333333334 0.04814814814814815
0 0.0049479166666666664 0.6541666666666667 0.009895833333333333 0.03611111111111111
0 0.00546875 0.6842592592592592 0.0109375 0.040740740740740744
0 0.006510416666666667 0.7212962962962963 0.013020833333333334 0.05555555555555555
0 0.022916666666666665 0.7111111111111111 0.014583333333333334 0.06296296296296296
0 0.03333333333333333 0.6925925925925925 0.013541666666666667 0.06111111111111111
0 0.028645833333333332 0.7953703703703704 0.029166666666666667 0.07037037037037037
0 0.023697916666666666 0.8310185185185185 0.0234375 0.06388888888888888
0 0.07265625 0.8009259259259259 0.0203125 0.08518518518518518
0 0.11901041666666666 0.9291666666666667 0.0265625 0.08611111111111111
0 0.12447916666666667 0.9731481481481481 0.025 0.053703703703703705
0 0.0859375 0.5282407407407408 0.00625 0.03425925925925926
0 0.09244791666666667 0.5282407407407408 0.0067708333333333336 0.032407407407407406
0 0.10703125 0.5111111111111111 0.0067708333333333336 0.025925925925925925
0 0.140625 0.5064814814814815 0.00625 0.024074074074074074
0 0.175 0.5476851851851852 0.010416666666666666 0.030555555555555555
0 0.18098958333333334 0.4842592592592593 0.0078125 0.025925925925925925
0 0.18723958333333332 0.48518518518518516 0.005729166666666666 0.025925925925925925
0 0.18463541666666666 0.4962962962962963 0.0046875 0.027777777777777776
0 0.19244791666666666 0.49583333333333335 0.0046875 0.028703703703703703
0 0.19375 0.49398148148148147 0.005208333333333333 0.028703703703703703
0 0.20130208333333333 0.4675925925925926 0.005729166666666666 0.022222222222222223
0 0.20546875 0.5 0.0046875 0.027777777777777776
0 0.22447916666666667 0.5087962962962963 0.005208333333333333 0.025
0 0.24375 0.5027777777777778 0.00625 0.02962962962962963
0 0.24557291666666667 0.4638888888888889 0.0036458333333333334 0.022222222222222223
0 0.25442708333333336 0.47314814814814815 0.0046875 0.025925925925925925
0 0.27395833333333336 0.4638888888888889 0.004166666666666667 0.020370370370370372
0 0.28489583333333335 0.48333333333333334 0.005208333333333333 0.027777777777777776
0 0.2890625 0.4671296296296296 0.003125 0.021296296296296296
0 0.27317708333333335 0.41574074074074074 0.0026041666666666665 0.012962962962962963
0 0.275 0.41435185185185186 0.0020833333333333333 0.012037037037037037
0 0.27421875 0.425 0.0036458333333333334 0.012962962962962963
0 0.25364583333333335 0.45416666666666666 0.004166666666666667 0.01574074074074074
0 0.2791666666666667 0.42824074074074076 0.003125 0.012037037037037037
0 0.2799479166666667 0.43333333333333335 0.0026041666666666665 0.014814814814814815
0 0.284375 0.4166666666666667 0.003125 0.014814814814814815
0 0.28932291666666665 0.412962962962963 0.0026041666666666665 0.011111111111111112
0 0.28932291666666665 0.4287037037037037 0.0026041666666666665 0.014814814814814815
0 0.2921875 0.42314814814814816 0.003125 0.018518518518518517
0 0.30703125 0.4449074074074074 0.0036458333333333334 0.01574074074074074
0 0.31979166666666664 0.4587962962962963 0.004166666666666667 0.019444444444444445
0 0.32369791666666664 0.46064814814814814 0.0036458333333333334 0.019444444444444445
0 0.32838541666666665 0.4648148148148148 0.0046875 0.018518518518518517
0 0.3341145833333333 0.47824074074074074 0.005729166666666666 0.025
0 0.22447916666666667 0.5541666666666667 0.007291666666666667 0.030555555555555555
0 0.375 0.4847222222222222 0.004166666666666667 0.01574074074074074
0 0.38203125 0.4898148148148148 0.0046875 0.016666666666666666
0 0.3846354166666667 0.49675925925925923 0.005729166666666666 0.019444444444444445
0 0.3768229166666667 0.5018518518518519 0.0046875 0.025925925925925925
0 0.3723958333333333 0.5185185185185185 0.00625 0.022222222222222223
0 0.3611979166666667 0.5222222222222223 0.005729166666666666 0.018518518518518517
0 0.3609375 0.5319444444444444 0.00625 0.025
0 0.3424479166666667 0.549074074074074 0.008854166666666666 0.03148148148148148
0 0.32421875 0.5527777777777778 0.008854166666666666 0.02962962962962963
0 0.31484375 0.5763888888888888 0.008854166666666666 0.032407407407407406
0 0.30520833333333336 0.6041666666666666 0.009375 0.03611111111111111
0 0.32369791666666664 0.6328703703703704 0.0109375 0.04351851851851852
0 0.2908854166666667 0.6412037037037037 0.011979166666666667 0.04722222222222222
0 0.2830729166666667 0.6856481481481481 0.0109375 0.05462962962962963
0 0.19635416666666666 0.7291666666666666 0.017708333333333333 0.06018518518518518
0 0.2518229166666667 0.7157407407407408 0.016145833333333335 0.06296296296296296
0 0.24817708333333333 0.7648148148148148 0.0171875 0.06666666666666667
0 0.28932291666666665 0.7574074074074074 0.015104166666666667 0.06851851851851852
0 0.3421875 0.7189814814814814 0.015625 0.049074074074074076
0 0.4171875 0.45925925925925926 0.005208333333333333 0.018518518518518517
0 0.47708333333333336 0.49583333333333335 0.004166666666666667 0.026851851851851852
0 0.4739583333333333 0.49444444444444446 0.004166666666666667 0.020370370370370372
0 0.47213541666666664 0.4935185185185185 0.0036458333333333334 0.018518518518518517
0 0.5127604166666667 0.43425925925925923 0.0026041666666666665 0.012962962962962963
0 0.50546875 0.4222222222222222 0.0026041666666666665 0.009259259259259259
0 0.48072916666666665 0.4305555555555556 0.003125 0.011111111111111112
0 0.51796875 0.44583333333333336 0.0036458333333333334 0.013888888888888888
0 0.5091145833333334 0.46111111111111114 0.0046875 0.012962962962962963
0 0.5125 0.46620370370370373 0.003125 0.013888888888888888
0 0.5177083333333333 0.4689814814814815 0.003125 0.013888888888888888
0 0.515625 0.4740740740740741 0.004166666666666667 0.016666666666666666
0 0.51796875 0.48333333333333334 0.0046875 0.020370370370370372
0 0.53046875 0.4689814814814815 0.0036458333333333334 0.019444444444444445
0 0.5338541666666666 0.47314814814814815 0.004166666666666667 0.012962962962962963
0 0.52734375 0.4773148148148148 0.0036458333333333334 0.013888888888888888
0 0.5260416666666666 0.4791666666666667 0.004166666666666667 0.013888888888888888
0 0.5247395833333334 0.4837962962962963 0.0046875 0.013888888888888888
0 0.5236979166666667 0.49027777777777776 0.0046875 0.01574074074074074
0 0.5208333333333334 0.49537037037037035 0.00625 0.016666666666666666
0 0.5330729166666667 0.49166666666666664 0.005729166666666666 0.020370370370370372
0 0.5315104166666667 0.512962962962963 0.005729166666666666 0.022222222222222223
0 0.5640625 0.4773148148148148 0.004166666666666667 0.019444444444444445
0 0.5645833333333333 0.4935185185185185 0.004166666666666667 0.024074074074074074
0 0.54609375 0.49074074074074076 0.0046875 0.018518518518518517
0 0.54453125 0.49907407407407406 0.005729166666666666 0.020370370370370372
0 0.54765625 0.5009259259259259 0.0046875 0.016666666666666666
0 0.5479166666666667 0.5143518518518518 0.00625 0.025
0 0.5565104166666667 0.4935185185185185 0.0046875 0.025925925925925925
0 0.5674479166666667 0.4925925925925926 0.0036458333333333334 0.022222222222222223
0 0.57890625 0.4888888888888889 0.005729166666666666 0.020370370370370372
0 0.5723958333333333 0.4981481481481482 0.005208333333333333 0.020370370370370372
0 0.5713541666666667 0.5277777777777778 0.00625 0.025925925925925925
0 0.5809895833333333 0.5 0.005729166666666666 0.027777777777777776
0 0.5846354166666666 0.5101851851851852 0.0046875 0.024074074074074074
0 0.5760416666666667 0.5185185185185185 0.005208333333333333 0.022222222222222223
0 0.5809895833333333 0.5217592592592593 0.005729166666666666 0.026851851851851852
0 0.6020833333333333 0.49537037037037035 0.005208333333333333 0.022222222222222223
0 0.6013020833333333 0.5287037037037037 0.005729166666666666 0.024074074074074074
0 0.6049479166666667 0.5416666666666666 0.0067708333333333336 0.03148148148148148
0 0.5958333333333333 0.5069444444444444 0.00625 0.026851851851851852
0 0.6078125 0.49027777777777776 0.005208333333333333 0.025
0 0.6098958333333333 0.5157407407407407 0.00625 0.024074074074074074
0 0.61484375 0.5166666666666667 0.005729166666666666 0.027777777777777776
0 0.5942708333333333 0.46620370370370373 0.00625 0.013888888888888888
0 0.6197916666666666 0.49444444444444446 0.00625 0.018518518518518517
0 0.6268229166666667 0.49675925925925923 0.005729166666666666 0.01574074074074074
0 0.6252604166666667 0.5120370370370371 0.0046875 0.025925925925925925
0 0.6291666666666667 0.5180555555555556 0.00625 0.030555555555555555
0 0.6348958333333333 0.5180555555555556 0.005208333333333333 0.030555555555555555
0 0.55703125 0.5106481481481482 0.005729166666666666 0.021296296296296296
0 0.5619791666666667 0.5157407407407407 0.005208333333333333 0.018518518518518517
0 0.559375 0.5273148148148148 0.00625 0.025
0 0.6533854166666667 0.49398148148148147 0.005729166666666666 0.019444444444444445
0 0.66640625 0.49444444444444446 0.005729166666666666 0.016666666666666666
0 0.659375 0.5398148148148149 0.007291666666666667 0.03518518518518519
0 0.6721354166666667 0.5175925925925926 0.0078125 0.024074074074074074
0 0.7072916666666667 0.5351851851851852 0.00625 0.03333333333333333
0 0.6856770833333333 0.5814814814814815 0.0078125 0.040740740740740744
0 0.60859375 0.5856481481481481 0.009895833333333333 0.03981481481481482
0 0.6234375 0.5912037037037037 0.008333333333333333 0.03425925925925926
0 0.6380208333333334 0.5935185185185186 0.010416666666666666 0.02962962962962963
0 0.6651041666666667 0.6060185185185185 0.010416666666666666 0.03796296296296296
0 0.5942708333333333 0.6537037037037037 0.0125 0.05
0 0.6036458333333333 0.6393518518518518 0.010416666666666666 0.041666666666666664
0 0.6403645833333333 0.6615740740740741 0.016145833333333335 0.049074074074074076
0 0.6606770833333333 0.6476851851851851 0.0109375 0.041666666666666664
0 0.5440104166666667 0.8175925925925925 0.019270833333333334 0.0962962962962963
0 0.5768229166666666 0.7893518518518519 0.015104166666666667 0.0787037037037037
0 0.57890625 0.7949074074074074 0.0171875 0.0824074074074074
0 0.5986979166666667 0.736574074074074 0.0140625 0.06388888888888888
0 0.603125 0.7379629629629629 0.017708333333333333 0.06851851851851852
0 0.6234375 0.762962962962963 0.0125 0.07037037037037037
0 0.621875 0.7675925925925926 0.010416666666666666 0.07407407407407407
0 0.7096354166666666 0.6523148148148148 0.013020833333333334 0.04537037037037037
0 0.93984375 0.45787037037037037 0.0036458333333333334 0.01574074074074074
0 0.9455729166666667 0.45694444444444443 0.0036458333333333334 0.013888888888888888
0 0.84609375 0.4652777777777778 0.005729166666666666 0.021296296296296296
0 0.9244791666666666 0.45601851851851855 0.004166666666666667 0.01574074074074074
0 0.7859375 0.46805555555555556 0.004166666666666667 0.019444444444444445
0 0.7588541666666667 0.5611111111111111 0.009375 0.03888888888888889
0 0.7692708333333333 0.5763888888888888 0.010416666666666666 0.03981481481481482
0 0.8018229166666667 0.5796296296296296 0.0078125 0.044444444444444446
0 0.8208333333333333 0.5856481481481481 0.008333333333333333 0.041666666666666664
0 0.7296875 0.6689814814814815 0.015625 0.041666666666666664
0 0.71640625 0.7125 0.011979166666666667 0.049074074074074076
0 0.7484375 0.7837962962962963 0.017708333333333333 0.07685185185185185
0 0.8213541666666667 0.7819444444444444 0.019791666666666666 0.08055555555555556
0 0.7083333333333334 0.7314814814814815 0.010416666666666666 0.06666666666666667
0 0.71328125 0.7620370370370371 0.011979166666666667 0.044444444444444446
0 0.7328125 0.7662037037037037 0.013541666666666667 0.0712962962962963
0 0.7203125 0.7569444444444444 0.011458333333333333 0.06944444444444445
0 0.7453125 0.7300925925925926 0.010416666666666666 0.058333333333333334
0 0.7442708333333333 0.7185185185185186 0.011458333333333333 0.05740740740740741
0 0.7580729166666667 0.6898148148148148 0.011979166666666667 0.05925925925925926
0 0.7643229166666666 0.6550925925925926 0.0109375 0.05462962962962963
0 0.7817708333333333 0.6574074074074074 0.010416666666666666 0.053703703703703705
0 0.9114583333333334 0.5597222222222222 0.008333333333333333 0.03611111111111111
0 0.9140625 0.5541666666666667 0.009375 0.03425925925925926
0 0.9247395833333333 0.5606481481481481 0.009895833333333333 0.03425925925925926
0 0.9330729166666667 0.5509259259259259 0.0078125 0.03888888888888889
0 0.9838541666666667 0.6342592592592593 0.011458333333333333 0.05
0 0.95078125 0.638425925925926 0.008854166666666666 0.04537037037037037
0 0.93046875 0.6504629629629629 0.015104166666666667 0.05092592592592592
0 0.8986979166666667 0.6402777777777777 0.0109375 0.05277777777777778
0 0.91953125 0.5986111111111111 0.011979166666666667 0.028703703703703703
0 0.9171875 0.6300925925925925 0.008333333333333333 0.04351851851851852
0 0.9234375 0.6393518518518518 0.011458333333333333 0.05648148148148148
0 0.9364583333333333 0.638425925925926 0.010416666666666666 0.05092592592592592
0 0.8059895833333334 0.6805555555555556 0.015104166666666667 0.05925925925925926
0 0.7984375 0.7018518518518518 0.010416666666666666 0.04814814814814815
0 0.7966145833333333 0.7208333333333333 0.009895833333333333 0.06018518518518518
0 0.8013020833333333 0.7300925925925926 0.0109375 0.06574074074074074
0 0.8067708333333333 0.7393518518518518 0.010416666666666666 0.06574074074074074
0 0.8109375 0.7425925925925926 0.010416666666666666 0.06481481481481481
0 0.8174479166666667 0.7435185185185185 0.011979166666666667 0.07407407407407407
0 0.8174479166666667 0.7157407407407408 0.0078125 0.06111111111111111
0 0.82421875 0.725462962962963 0.011979166666666667 0.06388888888888888
0 0.8315104166666667 0.7643518518518518 0.0109375 0.0787037037037037
0 0.8760416666666667 0.7694444444444445 0.015625 0.05
0 0.8859375 0.9296296296296296 0.029166666666666667 0.07407407407407407
0 0.8359375 0.7013888888888888 0.008333333333333333 0.03611111111111111