0 0.21029411764705883 0.6529411764705882 0.01764705882352941 0.05359477124183006
0 0.21360294117647058 0.5836601307189543 0.015441176470588236 0.040522875816993466
0 0.24485294117647058 0.5202614379084968 0.016176470588235296 0.054901960784313725
0 0.2301470588235294 0.5222222222222223 0.014705882352941176 0.05359477124183006
0 0.3375 0.20522875816993463 0.010294117647058823 0.036601307189542485
0 0.3272058823529412 0.023529411764705882 0.014705882352941176 0.02875816993464052
0 0.6242647058823529 0.8084967320261438 0.01764705882352941 0.050980392156862744
0 0.6595588235294118 0.5607843137254902 0.014705882352941176 0.05228758169934641
0 0.6047794117647058 0.5418300653594771 0.016911764705882352 0.043137254901960784
0 0.60625 0.25620915032679736 0.013970588235294118 0.044444444444444446
0 0.5908088235294118 0.11503267973856209 0.013970588235294118 0.044444444444444446
0 0.4834558823529412 0.16143790849673204 0.0125 0.0457516339869281
0 0.569485294117647 0.23398692810457516 0.011029411764705883 0.044444444444444446
0 0.5977941176470588 0.47516339869281043 0.011764705882352941 0.043137254901960784
0 0.7022058823529411 0.4934640522875817 0.01764705882352941 0.050980392156862744
0 0.7386029411764706 0.477124183006536 0.0125 0.044444444444444446
0 0.8577205882352941 0.4 0.016911764705882352 0.044444444444444446
0 0.7305147058823529 0.46405228758169936 0.01838235294117647 0.04183006535947712
0 0.6893382352941176 0.4843137254901961 0.013970588235294118 0.048366013071895426
0 0.6952205882352941 0.47908496732026146 0.013970588235294118 0.048366013071895426
0 0.7069852941176471 0.4745098039215686 0.013970588235294118 0.044444444444444446
0 0.8375 0.16470588235294117 0.01911764705882353 0.044444444444444446
0 0.8382352941176471 0.2797385620915033 0.01764705882352941 0.044444444444444446
0 0.8345588235294118 0.4947712418300654 0.01911764705882353 0.0457516339869281
0 0.6279411764705882 0.3581699346405229 0.011764705882352941 0.0392156862745098
0 0.6625 0.40261437908496733 0.010294117647058823 0.04183006535947712
0 0.6569852941176471 0.3915032679738562 0.013970588235294118 0.043137254901960784
0 0.6378676470588235 0.36666666666666664 0.011029411764705883 0.027450980392156862
0 0.631985294117647 0.3431372549019608 0.011029411764705883 0.03790849673202614
0 0.5246323529411765 0.20065359477124184 0.0125 0.03790849673202614
0 0.55625 0.24444444444444444 0.0125 0.044444444444444446
0 0.6349264705882353 0.16862745098039217 0.015441176470588236 0.0392156862745098
0 0.5834558823529412 0.21437908496732025 0.011029411764705883 0.02875816993464052
0 0.5830882352941177 0.20326797385620915 0.011764705882352941 0.03529411764705882
0 0.6290441176470588 0.09281045751633987 0.009558823529411765 0.036601307189542485
0 0.6040441176470588 0.07450980392156863 0.009558823529411765 0.036601307189542485
0 0.6132352941176471 0.07581699346405228 0.010294117647058823 0.036601307189542485
0 0.6213235294117647 0.06405228758169934 0.010294117647058823 0.036601307189542485
0 0.4658088235294118 0.15359477124183007 0.011029411764705883 0.032679738562091505
0 0.49522058823529413 0.03398692810457516 0.011029411764705883 0.02875816993464052
0 0.6393382352941176 0.058823529411764705 0.006617647058823529 0.03137254901960784
0 0.6363970588235294 0.043137254901960784 0.011029411764705883 0.018300653594771243
0 0.6930147058823529 0.016339869281045753 0.011029411764705883 0.032679738562091505
0 0.7047794117647059 0.016339869281045753 0.011029411764705883 0.032679738562091505
0 0.4661764705882353 0.3 0.016176470588235296 0.02483660130718954