0 0.16727941176470587 0.6084967320261437 0.015441176470588236 0.02483660130718954
0 0.3514705882352941 0.5725490196078431 0.016176470588235296 0.02091503267973856
0 0.24669117647058825 0.1869281045751634 0.01838235294117647 0.02091503267973856
0 0.5893382352941177 0.21830065359477124 0.011029411764705883 0.01568627450980392
0 0.5933823529411765 0.23529411764705882 0.007352941176470588 0.01045751633986928
0 0.5033088235294118 0.42483660130718953 0.0125 0.02091503267973856
0 0.8378676470588236 0.6758169934640523 0.016911764705882352 0.047058823529411764
0 0.9584558823529412 0.6196078431372549 0.025735294117647058 0.02875816993464052
0 0.8136029411764706 0.7137254901960784 0.013970588235294118 0.02875816993464052
0 0.8290441176470589 0.7209150326797386 0.011029411764705883 0.022222222222222223
0 0.9110294117647059 0.4522875816993464 0.016176470588235296 0.02875816993464052
0 0.09485294117647058 0.4477124183006536 0.025 0.022222222222222223
0 0.9040441176470588 0.09803921568627451 0.015441176470588236 0.03137254901960784
0 0.7551470588235294 0.6405228758169934 0.027941176470588237 0.03137254901960784