0 0.9636029411764706 0.5352941176470588 0.021323529411764706 0.07973856209150326
0 0.9661764705882353 0.9379084967320261 0.041176470588235294 0.09281045751633987
0 0.9904411764705883 0.9535947712418301 0.01911764705882353 0.06405228758169934
0 0.5257352941176471 0.7045751633986929 0.026470588235294117 0.06274509803921569
0 0.5246323529411765 0.6888888888888889 0.02426470588235294 0.06797385620915032
0 0.4577205882352941 0.49411764705882355 0.01838235294117647 0.06013071895424837
0 0.22683823529411765 0.5294117647058824 0.0125 0.04183006535947712
0 0.2172794117647059 0.5359477124183006 0.0125 0.04183006535947712
0 0.20808823529411766 0.5333333333333333 0.01911764705882353 0.047058823529411764
0 0.21286764705882352 0.5058823529411764 0.022794117647058822 0.05228758169934641
0 0.03419117647058824 0.39673202614379083 0.015441176470588236 0.06143790849673202
0 0.01948529411764706 0.396078431372549 0.019852941176470587 0.06013071895424837
0 0.21433823529411763 0.3764705882352941 0.013970588235294118 0.06013071895424837
0 0.2139705882352941 0.35490196078431374 0.010294117647058823 0.02483660130718954
0 0.004779411764705883 0.22287581699346407 0.009558823529411765 0.02483660130718954
0 0.24595588235294116 0.1607843137254902 0.005147058823529412 0.023529411764705882
0 0.31066176470588236 0.24901960784313726 0.006617647058823529 0.03529411764705882
0 0.30514705882352944 0.2437908496732026 0.0058823529411764705 0.03790849673202614
0 0.4547794117647059 0.3235294117647059 0.009558823529411765 0.0457516339869281
0 0.46433823529411766 0.32287581699346407 0.011029411764705883 0.05228758169934641
0 0.4724264705882353 0.3065359477124183 0.009558823529411765 0.0457516339869281
0 0.45808823529411763 0.24248366013071895 0.007352941176470588 0.03529411764705882
0 0.47205882352941175 0.2326797385620915 0.0058823529411764705 0.03398692810457516
0 0.4801470588235294 0.257516339869281 0.0058823529411764705 0.03398692810457516
0 0.48308823529411765 0.2647058823529412 0.0058823529411764705 0.030065359477124184
0 0.5055147058823529 0.22091503267973855 0.005147058823529412 0.036601307189542485
0 0.5172794117647059 0.2261437908496732 0.008088235294117648 0.036601307189542485
0 0.5264705882352941 0.22875816993464052 0.007352941176470588 0.03137254901960784
0 0.4933823529411765 0.2326797385620915 0.0058823529411764705 0.02875816993464052
0 0.49080882352941174 0.23006535947712417 0.006617647058823529 0.023529411764705882
0 0.4988970588235294 0.2411764705882353 0.003676470588235294 0.01437908496732026
0 0.5547794117647059 0.22679738562091503 0.008088235294117648 0.03529411764705882
0 0.5584558823529412 0.2111111111111111 0.008088235294117648 0.03529411764705882
0 0.6349264705882353 0.27647058823529413 0.005147058823529412 0.027450980392156862
0 0.64375 0.2679738562091503 0.005147058823529412 0.04183006535947712
0 0.6544117647058824 0.2699346405228758 0.008823529411764706 0.027450980392156862
0 0.6474264705882353 0.2758169934640523 0.006617647058823529 0.036601307189542485
0 0.8334558823529412 0.2169934640522876 0.009558823529411765 0.018300653594771243
0 0.8007352941176471 0.2130718954248366 0.004411764705882353 0.026143790849673203
0 0.8235294117647058 0.2 0.007352941176470588 0.01568627450980392
0 0.7363970588235295 0.26143790849673204 0.009558823529411765 0.03398692810457516
0 0.6305147058823529 0.21045751633986928 0.008088235294117648 0.01568627450980392
0 0.6235294117647059 0.21176470588235294 0.007352941176470588 0.018300653594771243
0 0.6147058823529412 0.20915032679738563 0.007352941176470588 0.01568627450980392
0 0.5988970588235294 0.20915032679738563 0.005147058823529412 0.01568627450980392
0 0.5919117647058824 0.2111111111111111 0.007352941176470588 0.01699346405228758