0 0.02463235294117647 0.27058823529411763 0.011029411764705883 0.04183006535947712
0 0.03308823529411765 0.29150326797385623 0.010294117647058823 0.044444444444444446
0 0.039705882352941174 0.2954248366013072 0.011764705882352941 0.04183006535947712
0 0.1025735294117647 0.2901960784313726 0.0125 0.044444444444444446
0 0.11286764705882353 0.28431372549019607 0.011029411764705883 0.043137254901960784
0 0.10955882352941176 0.18235294117647058 0.007352941176470588 0.03529411764705882
0 0.10220588235294117 0.17450980392156862 0.008823529411764706 0.03529411764705882
0 0.013602941176470588 0.4477124183006536 0.015441176470588236 0.050980392156862744
0 0.2125 0.6568627450980392 0.013235294117647059 0.05359477124183006
0 0.37316176470588236 0.9607843137254902 0.0125 0.06274509803921569
0 0.36580882352941174 0.9411764705882353 0.0125 0.05751633986928104
0 0.3654411764705882 0.9183006535947712 0.011764705882352941 0.058823529411764705
0 0.21286764705882352 0.06535947712418301 0.006617647058823529 0.026143790849673203
0 0.2827205882352941 0.29934640522875816 0.0125 0.044444444444444446
0 0.31948529411764703 0.2019607843137255 0.008088235294117648 0.032679738562091505
0 0.18933823529411764 0.21176470588235294 0.011029411764705883 0.02875816993464052
0 0.3709558823529412 0.06274509803921569 0.008088235294117648 0.03398692810457516
0 0.38125 0.05816993464052288 0.006617647058823529 0.03790849673202614
0 0.3926470588235294 0.044444444444444446 0.0058823529411764705 0.03398692810457516
0 0.39889705882352944 0.045098039215686274 0.006617647058823529 0.030065359477124184
0 0.3996323529411765 0.060784313725490195 0.005147058823529412 0.032679738562091505
0 0.4172794117647059 0.10326797385620914 0.006617647058823529 0.036601307189542485
0 0.3360294117647059 0.16797385620915034 0.007352941176470588 0.03790849673202614
0 0.3272058823529412 0.1503267973856209 0.008823529411764706 0.036601307189542485
0 0.3375 0.16013071895424835 0.0058823529411764705 0.032679738562091505
0 0.4202205882352941 0.17777777777777778 0.006617647058823529 0.03398692810457516
0 0.45073529411764707 0.18758169934640523 0.008823529411764706 0.03790849673202614
0 0.5202205882352942 0.20130718954248367 0.008088235294117648 0.036601307189542485
0 0.3805147058823529 0.26405228758169935 0.009558823529411765 0.03398692810457516
0 0.4 0.29215686274509806 0.0058823529411764705 0.03529411764705882
0 0.40551470588235294 0.296078431372549 0.005147058823529412 0.032679738562091505
0 0.4036764705882353 0.3176470588235294 0.008823529411764706 0.03398692810457516
0 0.48308823529411765 0.33202614379084966 0.0058823529411764705 0.036601307189542485
0 0.5077205882352941 0.2856209150326797 0.008088235294117648 0.043137254901960784
0 0.45955882352941174 0.4084967320261438 0.011764705882352941 0.03790849673202614
0 0.5875 0.49084967320261436 0.008823529411764706 0.048366013071895426
0 0.5621323529411765 0.9359477124183007 0.0125 0.06013071895424837
0 0.5606617647058824 0.9084967320261438 0.015441176470588236 0.06274509803921569
0 0.580514705882353 0.5437908496732026 0.0125 0.054901960784313725
0 0.475 0.3954248366013072 0.008823529411764706 0.050980392156862744
0 0.611764705882353 0.24836601307189543 0.0058823529411764705 0.04183006535947712
0 0.6507352941176471 0.24444444444444444 0.0058823529411764705 0.036601307189542485
0 0.6731617647058824 0.25098039215686274 0.005147058823529412 0.0392156862745098
0 0.5882352941176471 0.3130718954248366 0.0058823529411764705 0.03790849673202614
0 0.5808823529411765 0.31437908496732025 0.007352941176470588 0.03529411764705882
0 0.5775735294117647 0.33464052287581697 0.008088235294117648 0.03137254901960784
0 0.538235294117647 0.3607843137254902 0.007352941176470588 0.044444444444444446
0 0.5441176470588235 0.361437908496732 0.007352941176470588 0.02483660130718954
0 0.7919117647058823 0.2 0.0058823529411764705 0.036601307189542485
0 0.8051470588235294 0.2065359477124183 0.0058823529411764705 0.036601307189542485
0 0.9492647058823529 0.25359477124183005 0.008823529411764706 0.036601307189542485
0 0.4852941176470588 0.3281045751633987 0.004411764705882353 0.018300653594771243