0 0.9125 0.43071895424836604 0.014705882352941176 0.050980392156862744
0 0.8757352941176471 0.37712418300653594 0.016176470588235296 0.048366013071895426
0 0.8408088235294118 0.5124183006535947 0.021323529411764706 0.044444444444444446
0 0.819485294117647 0.5013071895424837 0.016911764705882352 0.048366013071895426
0 0.7841911764705882 0.5078431372549019 0.0125 0.050980392156862744
0 0.7621323529411764 0.5666666666666667 0.013970588235294118 0.05359477124183006
0 0.7720588235294118 0.5542483660130719 0.013235294117647059 0.036601307189542485
0 0.7860294117647059 0.5509803921568628 0.016176470588235296 0.043137254901960784
0 0.649264705882353 0.39281045751633986 0.013235294117647059 0.058823529411764705
0 0.6507352941176471 0.5326797385620915 0.016176470588235296 0.0457516339869281
0 0.6253676470588235 0.515686274509804 0.015441176470588236 0.03529411764705882
0 0.5893382352941177 0.4261437908496732 0.015441176470588236 0.03137254901960784
0 0.5643382352941176 0.4084967320261438 0.0125 0.058823529411764705
0 0.5533088235294118 0.4137254901960784 0.0125 0.05620915032679739
0 0.5400735294117647 0.4130718954248366 0.013970588235294118 0.06274509803921569
0 0.5522058823529412 0.49411764705882355 0.01911764705882353 0.06013071895424837
0 0.5518382352941177 0.48169934640522877 0.01838235294117647 0.06405228758169934
0 0.53125 0.5771241830065359 0.016911764705882352 0.03790849673202614
0 0.45845588235294116 0.5431372549019607 0.016911764705882352 0.06666666666666667
0 0.44816176470588237 0.5745098039215686 0.015441176470588236 0.06666666666666667
0 0.27794117647058825 0.5830065359477125 0.01911764705882353 0.07058823529411765
0 0.2088235294117647 0.6078431372549019 0.01911764705882353 0.06535947712418301
0 0.40588235294117647 0.4117647058823529 0.013235294117647059 0.05751633986928104
0 0.38933823529411765 0.4503267973856209 0.021323529411764706 0.058823529411764705
0 0.38125 0.46078431372549017 0.013970588235294118 0.03790849673202614
0 0.34558823529411764 0.4973856209150327 0.020588235294117647 0.050980392156862744
0 0.3503676470588235 0.45555555555555555 0.013970588235294118 0.06405228758169934
0 0.3474264705882353 0.4287581699346405 0.0125 0.06013071895424837
0 0.19338235294117648 0.42810457516339867 0.014705882352941176 0.06666666666666667
0 0.17941176470588235 0.46862745098039216 0.016176470588235296 0.06143790849673202
0 0.07867647058823529 0.396078431372549 0.016176470588235296 0.06013071895424837
0 0.052941176470588235 0.34509803921568627 0.01911764705882353 0.06013071895424837
0 0.0661764705882353 0.3261437908496732 0.01764705882352941 0.058823529411764705
0 0.01948529411764706 0.2411764705882353 0.021323529411764706 0.040522875816993466
0 0.04375 0.020261437908496733 0.009558823529411765 0.03790849673202614
0 0.19264705882352942 0.06339869281045751 0.010294117647058823 0.03529411764705882
0 0.1988970588235294 0.0673202614379085 0.009558823529411765 0.030065359477124184
0 0.26433823529411765 0.11437908496732026 0.0125 0.043137254901960784
0 0.33492647058823527 0.0738562091503268 0.011029411764705883 0.032679738562091505
0 0.34375 0.060784313725490195 0.011029411764705883 0.02483660130718954
0 0.3551470588235294 0.06862745098039216 0.010294117647058823 0.0196078431372549
0 0.4117647058823529 0.07581699346405228 0.008823529411764706 0.03398692810457516
0 0.40625 0.07777777777777778 0.008088235294117648 0.032679738562091505