0 0.46510416666666665 0.19814814814814816 0.003125 0.007407407407407408
0 0.4708333333333333 0.20092592592592592 0.004166666666666667 0.009259259259259259
0 0.246875 0.7407407407407407 0.014583333333333334 0.05555555555555555
0 0.34739583333333335 0.43333333333333335 0.009375 0.02962962962962963
0 0.38958333333333334 0.4361111111111111 0.008333333333333333 0.020370370370370372
0 0.41458333333333336 0.3509259259259259 0.00625 0.024074074074074074
0 0.4791666666666667 0.2537037037037037 0.004166666666666667 0.018518518518518517
0 0.48333333333333334 0.25925925925925924 0.004166666666666667 0.014814814814814815
0 0.46197916666666666 0.22962962962962963 0.003125 0.011111111111111112
0 0.459375 0.24814814814814815 0.004166666666666667 0.011111111111111112
0 0.4395833333333333 0.26481481481481484 0.004166666666666667 0.011111111111111112
0 0.44895833333333335 0.25833333333333336 0.004166666666666667 0.009259259259259259
0 0.44583333333333336 0.2564814814814815 0.004166666666666667 0.016666666666666666
0 0.45364583333333336 0.21666666666666667 0.003125 0.011111111111111112
0 0.4296875 0.25092592592592594 0.005208333333333333 0.016666666666666666
0 0.4484375 0.24166666666666667 0.003125 0.009259259259259259
0 0.4479166666666667 0.22962962962962963 0.004166666666666667 0.014814814814814815
0 0.45677083333333335 0.2175925925925926 0.003125 0.012962962962962963
0 0.5125 0.3472222222222222 0.00625 0.020370370370370372
0 0.5338541666666666 0.37962962962962965 0.005208333333333333 0.018518518518518517
0 0.540625 0.3611111111111111 0.00625 0.022222222222222223
0 0.55 0.3648148148148148 0.004166666666666667 0.018518518518518517
0 0.5598958333333334 0.3685185185185185 0.007291666666666667 0.02962962962962963
0 0.5348958333333333 0.2111111111111111 0.003125 0.011111111111111112
0 0.5322916666666667 0.2324074074074074 0.004166666666666667 0.012962962962962963
0 0.5432291666666667 0.23425925925925925 0.003125 0.012962962962962963
0 0.5526041666666667 0.31203703703703706 0.005208333333333333 0.016666666666666666
0 0.5510416666666667 0.2675925925925926 0.004166666666666667 0.012962962962962963
0 0.5447916666666667 0.275 0.004166666666666667 0.012962962962962963
0 0.534375 0.25925925925925924 0.0020833333333333333 0.011111111111111112
0 0.7208333333333333 0.6361111111111111 0.014583333333333334 0.07222222222222222