0 0.5636029411764706 0.2830065359477124 0.008088235294117648 0.03790849673202614
0 0.6525735294117647 0.28104575163398693 0.009558823529411765 0.03137254901960784
0 0.5272058823529412 0.01568627450980392 0.004411764705882353 0.018300653594771243
0 0.4919117647058823 0.0392156862745098 0.004411764705882353 0.013071895424836602
0 0.49411764705882355 0.06143790849673202 0.0058823529411764705 0.018300653594771243
0 0.4738970588235294 0.1895424836601307 0.005147058823529412 0.026143790849673203
0 0.6205882352941177 0.1895424836601307 0.0058823529411764705 0.026143790849673203
0 0.6279411764705882 0.16470588235294117 0.0058823529411764705 0.023529411764705882
0 0.6941176470588235 0.9758169934640523 0.016176470588235296 0.048366013071895426
0 0.5463235294117647 0.12287581699346405 0.004411764705882353 0.023529411764705882
0 0.7919117647058823 0.9803921568627451 0.01764705882352941 0.0392156862745098