0 0.0900735294117647 0.6568627450980392 0.016911764705882352 0.05359477124183006
0 0.08161764705882353 0.6516339869281046 0.016176470588235296 0.06928104575163399
0 0.20294117647058824 0.3516339869281046 0.010294117647058823 0.044444444444444446
0 0.21580882352941178 0.35228758169934643 0.009558823529411765 0.043137254901960784
0 0.24632352941176472 0.3712418300653595 0.011764705882352941 0.047058823529411764
0 0.23786764705882352 0.3686274509803922 0.0125 0.044444444444444446
0 0.17941176470588235 0.3130718954248366 0.011764705882352941 0.032679738562091505
0 0.26286764705882354 0.29477124183006537 0.006617647058823529 0.03790849673202614
0 0.5386029411764706 0.3803921568627451 0.011029411764705883 0.036601307189542485
0 0.5363970588235294 0.3281045751633987 0.009558823529411765 0.03398692810457516
0 0.5371323529411764 0.3254901960784314 0.009558823529411765 0.03398692810457516
0 0.8772058823529412 0.46797385620915033 0.014705882352941176 0.0392156862745098
0 0.8944852941176471 0.43333333333333335 0.008088235294117648 0.032679738562091505
0 0.8772058823529412 0.42026143790849674 0.016176470588235296 0.048366013071895426
0 0.7823529411764706 0.22026143790849673 0.008823529411764706 0.02483660130718954
0 0.7827205882352941 0.21176470588235294 0.008088235294117648 0.023529411764705882
0 0.6029411764705882 0.09869281045751634 0.0058823529411764705 0.022222222222222223
0 0.39889705882352944 0.15947712418300652 0.008088235294117648 0.03398692810457516
0 0.375 0.1758169934640523 0.0058823529411764705 0.032679738562091505
0 0.36433823529411763 0.18104575163398692 0.008088235294117648 0.032679738562091505
0 0.3683823529411765 0.17712418300653596 0.0058823529411764705 0.032679738562091505
0 0.48566176470588235 0.1130718954248366 0.006617647058823529 0.027450980392156862
0 0.4970588235294118 0.02483660130718954 0.004411764705882353 0.026143790849673203
0 0.513235294117647 0.01764705882352941 0.004411764705882353 0.01437908496732026
0 0.5426470588235294 0.06666666666666667 0.004411764705882353 0.02091503267973856
0 0.5595588235294118 0.03790849673202614 0.004411764705882353 0.018300653594771243