0 0.01801470588235294 0.5849673202614379 0.01838235294117647 0.06405228758169934
0 0.029411764705882353 0.5862745098039216 0.020588235294117647 0.06666666666666667
0 0.036397058823529414 0.5607843137254902 0.019852941176470587 0.06535947712418301
0 0.1761029411764706 0.36797385620915035 0.0125 0.0457516339869281
0 0.1875 0.36797385620915035 0.011764705882352941 0.030065359477124184
0 0.7224264705882353 0.9169934640522875 0.021323529411764706 0.07973856209150326
0 0.7139705882352941 0.8915032679738563 0.027941176470588237 0.08104575163398693
0 0.7970588235294118 0.9013071895424837 0.025 0.05620915032679739
0 0.7636029411764705 0.8431372549019608 0.021323529411764706 0.06535947712418301
0 0.6746323529411765 0.5431372549019607 0.0125 0.06143790849673202
0 0.6889705882352941 0.5248366013071896 0.016176470588235296 0.0457516339869281
0 0.60625 0.40784313725490196 0.011029411764705883 0.023529411764705882
0 0.5761029411764705 0.3738562091503268 0.0125 0.047058823529411764
0 0.575 0.36797385620915035 0.010294117647058823 0.0457516339869281
0 0.5720588235294117 0.330718954248366 0.008823529411764706 0.044444444444444446
0 0.5775735294117647 0.3176470588235294 0.009558823529411765 0.04183006535947712
0 0.56875 0.21764705882352942 0.006617647058823529 0.03529411764705882
0 0.5235294117647059 0.1588235294117647 0.007352941176470588 0.03529411764705882
0 0.5301470588235294 0.15947712418300652 0.007352941176470588 0.036601307189542485
0 0.425 0.7091503267973857 0.020588235294117647 0.06666666666666667
0 0.43161764705882355 0.5202614379084968 0.013235294117647059 0.04967320261437908
0 0.4338235294117647 0.5163398692810458 0.011764705882352941 0.047058823529411764
0 0.41102941176470587 0.36797385620915035 0.011764705882352941 0.05620915032679739
0 0.46654411764705883 0.30718954248366015 0.0125 0.047058823529411764
0 0.5165441176470589 0.3241830065359477 0.009558823529411765 0.0392156862745098
0 0.5389705882352941 0.3065359477124183 0.008823529411764706 0.03790849673202614
0 0.4386029411764706 0.07581699346405228 0.005147058823529412 0.023529411764705882
0 0.44191176470588234 0.07973856209150326 0.004411764705882353 0.018300653594771243
0 0.44485294117647056 0.07516339869281045 0.0058823529411764705 0.022222222222222223
0 0.4922794117647059 0.0934640522875817 0.008088235294117648 0.022222222222222223
0 0.5139705882352941 0.08366013071895424 0.0058823529411764705 0.023529411764705882
0 0.5220588235294118 0.09477124183006536 0.0058823529411764705 0.027450980392156862
0 0.5272058823529412 0.09281045751633987 0.004411764705882353 0.02091503267973856
0 0.5386029411764706 0.08300653594771241 0.005147058823529412 0.02483660130718954
0 0.5198529411764706 0.08300653594771241 0.004411764705882353 0.022222222222222223
0 0.5125 0.018300653594771243 0.004411764705882353 0.02091503267973856
0 0.47573529411764703 0.030065359477124184 0.004411764705882353 0.018300653594771243