0 0.5213541666666667 0.4009259259259259 0.005208333333333333 0.012962962962962963
0 0.5114583333333333 0.4 0.004166666666666667 0.011111111111111112
0 0.47239583333333335 0.4166666666666667 0.005208333333333333 0.011111111111111112
0 0.475 0.43148148148148147 0.004166666666666667 0.011111111111111112
0 0.46145833333333336 0.4583333333333333 0.004166666666666667 0.012962962962962963
0 0.4817708333333333 0.48055555555555557 0.007291666666666667 0.012962962962962963
0 0.5140625 0.5194444444444445 0.007291666666666667 0.016666666666666666
0 0.3692708333333333 0.6648148148148149 0.007291666666666667 0.037037037037037035
0 0.3416666666666667 0.8092592592592592 0.008333333333333333 0.05185185185185185
0 0.41302083333333334 0.6944444444444444 0.009375 0.040740740740740744
0 0.4140625 0.6916666666666667 0.007291666666666667 0.03148148148148148
0 0.4864583333333333 0.7064814814814815 0.010416666666666666 0.03888888888888889
0 0.53125 0.6861111111111111 0.008333333333333333 0.027777777777777776
0 0.5302083333333333 0.6851851851851852 0.010416666666666666 0.02962962962962963