0 0.12794117647058822 0.6843137254901961 0.030882352941176472 0.08235294117647059
0 0.2474264705882353 0.722875816993464 0.022794117647058822 0.09411764705882353
0 0.2536764705882353 0.7111111111111111 0.014705882352941176 0.09934640522875816
0 0.48308823529411765 0.5098039215686274 0.014705882352941176 0.07320261437908497
0 0.9768382352941176 0.8986928104575164 0.0375 0.08235294117647059
0 0.12426470588235294 0.3718954248366013 0.010294117647058823 0.03790849673202614
0 0.13125 0.3758169934640523 0.009558823529411765 0.030065359477124184
0 0.3518382352941177 0.0673202614379085 0.0022058823529411764 0.009150326797385621
0 0.3463235294117647 0.06470588235294118 0.0029411764705882353 0.009150326797385621
0 0.35110294117647056 0.1084967320261438 0.005147058823529412 0.013071895424836602
0 0.007352941176470588 0.3464052287581699 0.014705882352941176 0.05228758169934641
0 0.34154411764705883 0.1300653594771242 0.003676470588235294 0.01437908496732026
0 0.45551470588235293 0.13398692810457516 0.005147058823529412 0.01699346405228758
0 0.47205882352941175 0.1477124183006536 0.004411764705882353 0.01568627450980392
0 0.4764705882352941 0.14575163398692811 0.004411764705882353 0.01699346405228758
0 0.48051470588235295 0.14052287581699346 0.003676470588235294 0.01437908496732026
0 0.48455882352941176 0.14052287581699346 0.004411764705882353 0.01437908496732026
0 0.45036764705882354 0.13529411764705881 0.005147058823529412 0.01437908496732026
0 0.5036764705882353 0.18366013071895426 0.007352941176470588 0.022222222222222223
0 0.5691176470588235 0.24248366013071895 0.0058823529411764705 0.01699346405228758
0 0.5775735294117647 0.24444444444444444 0.005147058823529412 0.01568627450980392
0 0.5830882352941177 0.24444444444444444 0.0058823529411764705 0.018300653594771243
0 0.575 0.2627450980392157 0.007352941176470588 0.02091503267973856
0 0.586764705882353 0.2633986928104575 0.0058823529411764705 0.01699346405228758
0 0.5930147058823529 0.26405228758169935 0.005147058823529412 0.018300653594771243
0 0.5893382352941177 0.25882352941176473 0.005147058823529412 0.018300653594771243
0 0.5823529411764706 0.25882352941176473 0.004411764705882353 0.013071895424836602