0 0.5354166666666667 0.7935185185185185 0.010416666666666666 0.03518518518518519
0 0.534375 0.7824074074074074 0.010416666666666666 0.03888888888888889
0 0.40260416666666665 0.7601851851851852 0.011458333333333333 0.03888888888888889
0 0.40208333333333335 0.7657407407407407 0.008333333333333333 0.03148148148148148
0 0.35625 0.9722222222222222 0.008333333333333333 0.02962962962962963
0 0.35625 0.9712962962962963 0.01875 0.053703703703703705
0 0.359375 0.9601851851851851 0.014583333333333334 0.04259259259259259
0 0.540625 0.41388888888888886 0.004166666666666667 0.020370370370370372
0 0.5208333333333334 0.32685185185185184 0.004166666666666667 0.016666666666666666
0 0.49166666666666664 0.31296296296296294 0.004166666666666667 0.011111111111111112
0 0.4859375 0.32592592592592595 0.003125 0.011111111111111112