0 0.5494791666666666 0.39351851851851855 0.003125 0.012962962962962963
0 0.5526041666666667 0.42685185185185187 0.003125 0.012962962962962963
0 0.55625 0.5407407407407407 0.004166666666666667 0.018518518518518517
0 0.5776041666666667 0.8333333333333334 0.007291666666666667 0.03333333333333333
0 0.5953125 0.837037037037037 0.009375 0.03333333333333333
0 0.5880208333333333 0.8416666666666667 0.007291666666666667 0.024074074074074074
0 0.5828125 0.85 0.007291666666666667 0.025925925925925925
0 0.47239583333333335 0.7490740740740741 0.007291666666666667 0.024074074074074074
0 0.48020833333333335 0.7722222222222223 0.00625 0.02962962962962963
0 0.3390625 0.7046296296296296 0.005208333333333333 0.027777777777777776
0 0.2921875 0.9805555555555555 0.007291666666666667 0.03148148148148148
0 0.22864583333333333 0.9740740740740741 0.009375 0.025925925925925925
0 0.28854166666666664 0.6481481481481481 0.00625 0.025925925925925925
0 0.30052083333333335 0.7129629629629629 0.007291666666666667 0.025925925925925925
0 0.42291666666666666 0.6157407407407407 0.004166666666666667 0.016666666666666666
0 0.425 0.6157407407407407 0.004166666666666667 0.020370370370370372
0 0.4869791666666667 0.5166666666666667 0.005208333333333333 0.014814814814814815
0 0.49114583333333334 0.5907407407407408 0.003125 0.018518518518518517
0 0.5473958333333333 0.44907407407407407 0.003125 0.012962962962962963
0 0.5505208333333333 0.44907407407407407 0.003125 0.012962962962962963
0 0.5546875 0.46111111111111114 0.003125 0.014814814814814815
0 0.5567708333333333 0.46296296296296297 0.003125 0.014814814814814815