0 0.13014705882352942 0.6261437908496732 0.03235294117647059 0.10196078431372549
0 0.17647058823529413 0.7549019607843137 0.030882352941176472 0.11895424836601307
0 0.30367647058823527 0.726797385620915 0.025 0.08104575163398693
0 0.13566176470588234 0.369281045751634 0.021323529411764706 0.07450980392156863
0 0.1963235294117647 0.3281045751633987 0.011764705882352941 0.04967320261437908
0 0.3088235294117647 0.22418300653594772 0.013235294117647059 0.0457516339869281
0 0.513235294117647 0.17516339869281045 0.011764705882352941 0.03398692810457516
0 0.6860294117647059 0.14444444444444443 0.010294117647058823 0.030065359477124184
0 0.9474264705882353 0.2699346405228758 0.016911764705882352 0.06928104575163399
0 0.9654411764705882 0.26209150326797387 0.011764705882352941 0.06143790849673202
0 0.9599264705882353 0.2823529411764706 0.009558823529411765 0.03398692810457516
0 0.5525735294117647 0.5398692810457516 0.02426470588235294 0.054901960784313725