0 0.8404411764705882 0.7202614379084967 0.03823529411764706 0.1411764705882353
0 0.8047794117647059 0.6392156862745098 0.04485294117647059 0.11764705882352941
0 0.736764705882353 0.6692810457516339 0.03235294117647059 0.13333333333333333
0 0.7349264705882353 0.6542483660130719 0.030147058823529412 0.13202614379084968
0 0.30661764705882355 0.7627450980392156 0.03235294117647059 0.11372549019607843
0 0.25036764705882353 0.6967320261437908 0.03161764705882353 0.12810457516339868
0 0.26875 0.6601307189542484 0.03897058823529412 0.13856209150326798
0 0.08897058823529412 0.6254901960784314 0.04852941176470588 0.134640522875817
0 0.04301470588235294 0.5934640522875817 0.030147058823529412 0.12810457516339868
0 0.05625 0.5379084967320261 0.022794117647058822 0.1111111111111111
0 0.009558823529411765 0.5091503267973856 0.011764705882352941 0.0457516339869281
0 0.007352941176470588 0.48104575163398694 0.013235294117647059 0.047058823529411764
0 0.03051470588235294 0.4947712418300654 0.0125 0.050980392156862744
0 0.03823529411764706 0.47058823529411764 0.014705882352941176 0.0392156862745098
0 0.022058823529411766 0.4470588235294118 0.01764705882352941 0.054901960784313725
0 0.021691176470588235 0.43137254901960786 0.013970588235294118 0.05228758169934641
0 0.005147058823529412 0.4176470588235294 0.008823529411764706 0.03529411764705882
0 0.006617647058823529 0.4398692810457516 0.010294117647058823 0.040522875816993466
0 0.05183823529411765 0.49084967320261436 0.013970588235294118 0.043137254901960784
0 0.05220588235294118 0.47843137254901963 0.011764705882352941 0.044444444444444446
0 0.06286764705882353 0.4823529411764706 0.011029411764705883 0.05751633986928104
0 0.06470588235294118 0.47320261437908495 0.014705882352941176 0.06013071895424837
0 0.05845588235294118 0.43529411764705883 0.013970588235294118 0.05228758169934641
0 0.10588235294117647 0.4398692810457516 0.014705882352941176 0.03529411764705882
0 0.10588235294117647 0.39477124183006534 0.011764705882352941 0.05228758169934641
0 0.11727941176470588 0.3764705882352941 0.0125 0.044444444444444446
0 0.01801470588235294 0.3581699346405229 0.013970588235294118 0.0392156862745098
0 0.016911764705882352 0.32745098039215687 0.011764705882352941 0.027450980392156862
0 0.03419117647058824 0.33464052287581697 0.011029411764705883 0.044444444444444446
0 0.04044117647058824 0.3392156862745098 0.013235294117647059 0.048366013071895426
0 0.06948529411764706 0.3300653594771242 0.013970588235294118 0.040522875816993466
0 0.05955882352941176 0.18888888888888888 0.0058823529411764705 0.030065359477124184
0 0.05551470588235294 0.18758169934640523 0.008088235294117648 0.030065359477124184
0 0.07720588235294118 0.2673202614379085 0.008823529411764706 0.040522875816993466
0 0.08419117647058824 0.2751633986928105 0.008088235294117648 0.040522875816993466
0 0.09338235294117647 0.27320261437908494 0.008823529411764706 0.0392156862745098
0 0.09889705882352941 0.3026143790849673 0.0125 0.03790849673202614
0 0.11544117647058824 0.3137254901960784 0.008823529411764706 0.02875816993464052
0 0.12169117647058823 0.33202614379084966 0.006617647058823529 0.04183006535947712
0 0.1775735294117647 0.33137254901960783 0.011029411764705883 0.048366013071895426
0 0.10073529411764706 0.24444444444444444 0.010294117647058823 0.036601307189542485
0 0.08897058823529412 0.19215686274509805 0.010294117647058823 0.03137254901960784
0 0.10330882352941176 0.1954248366013072 0.009558823529411765 0.030065359477124184
0 0.14227941176470588 0.20392156862745098 0.006617647058823529 0.03398692810457516
0 0.12242647058823529 0.18104575163398692 0.006617647058823529 0.030065359477124184
0 0.14558823529411766 0.18366013071895426 0.0058823529411764705 0.022222222222222223
0 0.1474264705882353 0.17908496732026144 0.006617647058823529 0.02091503267973856
0 0.14411764705882352 0.17777777777777778 0.0058823529411764705 0.02091503267973856
0 0.18933823529411764 0.16732026143790849 0.005147058823529412 0.023529411764705882
0 0.19301470588235295 0.15816993464052287 0.005147058823529412 0.026143790849673203
0 0.20073529411764707 0.16470588235294117 0.0058823529411764705 0.026143790849673203
0 0.21213235294117647 0.165359477124183 0.003676470588235294 0.030065359477124184
0 0.21029411764705883 0.16470588235294117 0.0058823529411764705 0.023529411764705882
0 0.2202205882352941 0.169281045751634 0.006617647058823529 0.032679738562091505
0 0.13566176470588234 0.269281045751634 0.008088235294117648 0.02875816993464052
0 0.1827205882352941 0.22941176470588234 0.006617647058823529 0.027450980392156862
0 0.1900735294117647 0.21764705882352942 0.008088235294117648 0.02483660130718954
0 0.21433823529411763 0.2019607843137255 0.009558823529411765 0.022222222222222223
0 0.22279411764705884 0.18496732026143792 0.0058823529411764705 0.02483660130718954
0 0.22904411764705881 0.1934640522875817 0.006617647058823529 0.02091503267973856
0 0.20036764705882354 0.26209150326797387 0.008088235294117648 0.03790849673202614
0 0.20955882352941177 0.2477124183006536 0.010294117647058823 0.03790849673202614
0 0.2202205882352941 0.2496732026143791 0.008088235294117648 0.03137254901960784
0 0.22647058823529412 0.2411764705882353 0.0058823529411764705 0.032679738562091505
0 0.21764705882352942 0.238562091503268 0.007352941176470588 0.027450980392156862
0 0.22941176470588234 0.22287581699346407 0.0058823529411764705 0.032679738562091505
0 0.2426470588235294 0.1980392156862745 0.007352941176470588 0.0196078431372549
0 0.24411764705882352 0.17908496732026144 0.007352941176470588 0.02091503267973856
0 0.2599264705882353 0.2196078431372549 0.008088235294117648 0.026143790849673203
0 0.26323529411764707 0.20588235294117646 0.0058823529411764705 0.02483660130718954
0 0.2676470588235294 0.19869281045751633 0.007352941176470588 0.03137254901960784
0 0.2713235294117647 0.20522875816993463 0.004411764705882353 0.023529411764705882
0 0.2746323529411765 0.2 0.005147058823529412 0.023529411764705882
0 0.2761029411764706 0.19150326797385622 0.006617647058823529 0.022222222222222223
0 0.27941176470588236 0.19673202614379084 0.0058823529411764705 0.022222222222222223
0 0.2922794117647059 0.18888888888888888 0.006617647058823529 0.02483660130718954
0 0.28198529411764706 0.12679738562091503 0.003676470588235294 0.01568627450980392
0 0.30073529411764705 0.13856209150326798 0.0058823529411764705 0.018300653594771243
0 0.31213235294117647 0.1261437908496732 0.003676470588235294 0.022222222222222223
0 0.3176470588235294 0.12745098039215685 0.004411764705882353 0.022222222222222223
0 0.32279411764705884 0.12810457516339868 0.004411764705882353 0.023529411764705882
0 0.3551470588235294 0.10392156862745099 0.004411764705882353 0.02483660130718954
0 0.36066176470588235 0.09607843137254903 0.003676470588235294 0.022222222222222223
0 0.3613970588235294 0.0738562091503268 0.005147058823529412 0.01699346405228758
0 0.4261029411764706 0.0784313725490196 0.019852941176470587 0.0392156862745098
0 0.569485294117647 0.10196078431372549 0.005147058823529412 0.018300653594771243
0 0.575735294117647 0.1287581699346405 0.004411764705882353 0.022222222222222223
0 0.5709558823529411 0.33725490196078434 0.009558823529411765 0.03137254901960784
0 0.6455882352941177 0.39673202614379083 0.008823529411764706 0.03529411764705882
0 0.6378676470588235 0.4300653594771242 0.008088235294117648 0.054901960784313725
0 0.6544117647058824 0.42483660130718953 0.010294117647058823 0.03137254901960784
0 0.6617647058823529 0.45751633986928103 0.010294117647058823 0.03398692810457516
0 0.7952205882352941 0.19869281045751633 0.008088235294117648 0.02875816993464052
0 0.7731617647058824 0.23071895424836603 0.005147058823529412 0.032679738562091505
0 0.7665441176470589 0.22745098039215686 0.006617647058823529 0.03137254901960784
0 0.7636029411764705 0.2522875816993464 0.005147058823529412 0.03137254901960784
0 0.7705882352941177 0.2477124183006536 0.0058823529411764705 0.03529411764705882
0 0.8169117647058823 0.22026143790849673 0.008823529411764706 0.027450980392156862
0 0.8205882352941176 0.21830065359477124 0.004411764705882353 0.023529411764705882
0 0.8294117647058824 0.2019607843137255 0.004411764705882353 0.02483660130718954
0 0.8334558823529412 0.2019607843137255 0.005147058823529412 0.027450980392156862
0 0.8485294117647059 0.21830065359477124 0.0058823529411764705 0.02875816993464052
0 0.8613970588235295 0.2111111111111111 0.005147058823529412 0.030065359477124184
0 0.8959558823529412 0.22287581699346407 0.005147058823529412 0.027450980392156862
0 0.8746323529411765 0.2326797385620915 0.008088235294117648 0.026143790849673203
0 0.8713235294117647 0.21176470588235294 0.0058823529411764705 0.02875816993464052
0 0.8665441176470589 0.21045751633986928 0.005147058823529412 0.02875816993464052
0 0.8775735294117647 0.22156862745098038 0.005147058823529412 0.02483660130718954
0 0.8746323529411765 0.21437908496732025 0.005147058823529412 0.026143790849673203
0 0.7341911764705882 0.2901960784313726 0.008088235294117648 0.04183006535947712
0 0.736764705882353 0.32222222222222224 0.008823529411764706 0.043137254901960784
0 0.7959558823529411 0.34901960784313724 0.009558823529411765 0.04183006535947712
0 0.6830882352941177 0.40065359477124185 0.011764705882352941 0.043137254901960784
0 0.6970588235294117 0.4019607843137255 0.008823529411764706 0.03790849673202614
0 0.6952205882352941 0.40784313725490196 0.008088235294117648 0.04967320261437908
0 0.705514705882353 0.4091503267973856 0.008088235294117648 0.044444444444444446
0 0.7216911764705882 0.36470588235294116 0.008088235294117648 0.0392156862745098
0 0.7268382352941176 0.37712418300653594 0.006617647058823529 0.048366013071895426
0 0.7334558823529411 0.3869281045751634 0.009558823529411765 0.047058823529411764
0 0.8900735294117647 0.5431372549019607 0.027205882352941177 0.10588235294117647
0 0.8735294117647059 0.538562091503268 0.016176470588235296 0.07058823529411765
0 0.8591911764705882 0.5372549019607843 0.016911764705882352 0.07581699346405228
0 0.8533088235294117 0.5254901960784314 0.019852941176470587 0.06797385620915032
0 0.8246323529411764 0.5588235294117647 0.016911764705882352 0.06143790849673202
0 0.8077205882352941 0.5575163398692811 0.016911764705882352 0.06928104575163399
0 0.8121323529411765 0.5320261437908497 0.011029411764705883 0.05228758169934641
0 0.8290441176470589 0.545751633986928 0.0125 0.06405228758169934
0 0.8352941176470589 0.4869281045751634 0.013235294117647059 0.06143790849673202
0 0.7511029411764706 0.5071895424836601 0.0125 0.05228758169934641
0 0.7397058823529412 0.503921568627451 0.016176470588235296 0.050980392156862744
0 0.736764705882353 0.48366013071895425 0.011764705882352941 0.05228758169934641
0 0.7672794117647059 0.42287581699346405 0.0125 0.05620915032679739
0 0.7801470588235294 0.4261437908496732 0.007352941176470588 0.054901960784313725
0 0.7981617647058824 0.43071895424836604 0.008088235294117648 0.048366013071895426
0 0.8077205882352941 0.4326797385620915 0.011029411764705883 0.05228758169934641
0 0.7492647058823529 0.3764705882352941 0.008823529411764706 0.047058823529411764
0 0.7544117647058823 0.365359477124183 0.007352941176470588 0.0457516339869281
0 0.768014705882353 0.39215686274509803 0.009558823529411765 0.04183006535947712
0 0.7889705882352941 0.4111111111111111 0.007352941176470588 0.0457516339869281
0 0.8022058823529412 0.40784313725490196 0.008823529411764706 0.044444444444444446
0 0.7919117647058823 0.39019607843137255 0.008823529411764706 0.040522875816993466
0 0.7805147058823529 0.3862745098039216 0.008088235294117648 0.032679738562091505
0 0.7845588235294118 0.37777777777777777 0.0058823529411764705 0.02875816993464052
0 0.7764705882352941 0.3764705882352941 0.008823529411764706 0.036601307189542485
0 0.8095588235294118 0.37058823529411766 0.010294117647058823 0.030065359477124184
0 0.8040441176470589 0.3915032679738562 0.009558823529411765 0.040522875816993466
0 0.7713235294117647 0.34901960784313724 0.010294117647058823 0.0392156862745098