0 0.0625 0.7947712418300653 0.010294117647058823 0.026143790849673203
0 0.06654411764705882 0.7751633986928105 0.013970588235294118 0.04967320261437908
0 0.07683823529411765 0.7588235294117647 0.0125 0.043137254901960784
0 0.4022058823529412 0.7862745098039216 0.013235294117647059 0.040522875816993466
0 0.40441176470588236 0.7640522875816993 0.013235294117647059 0.03529411764705882
0 0.5055147058823529 0.8862745098039215 0.013970588235294118 0.04183006535947712
0 0.5705882352941176 0.7091503267973857 0.013235294117647059 0.048366013071895426
0 0.5356617647058823 0.46797385620915033 0.008088235294117648 0.03137254901960784
0 0.5514705882352942 0.4 0.011764705882352941 0.03137254901960784
0 0.47794117647058826 0.365359477124183 0.0058823529411764705 0.022222222222222223
0 0.4536764705882353 0.20980392156862746 0.0029411764705882353 0.009150326797385621
0 0.3371323529411765 0.11045751633986928 0.0022058823529411764 0.011764705882352941
0 0.3411764705882353 0.12156862745098039 0.004411764705882353 0.01045751633986928
0 0.32941176470588235 0.11960784313725491 0.004411764705882353 0.011764705882352941
0 0.32573529411764707 0.16405228758169935 0.004411764705882353 0.01699346405228758
0 0.26433823529411765 0.2725490196078431 0.005147058823529412 0.02483660130718954
0 0.18382352941176472 0.3333333333333333 0.008823529411764706 0.026143790849673203
0 0.23970588235294119 0.3431372549019608 0.0058823529411764705 0.02483660130718954
0 0.24301470588235294 0.3509803921568627 0.005147058823529412 0.0196078431372549
0 0.24669117647058825 0.3673202614379085 0.006617647058823529 0.02875816993464052
0 0.23823529411764705 0.37058823529411766 0.0058823529411764705 0.030065359477124184
0 0.2400735294117647 0.369281045751634 0.005147058823529412 0.022222222222222223
0 0.21948529411764706 0.38758169934640524 0.005147058823529412 0.022222222222222223
0 0.22904411764705881 0.37516339869281046 0.005147058823529412 0.023529411764705882