0 0.01801470588235294 0.538562091503268 0.022794117647058822 0.08104575163398693
0 0.030147058823529412 0.47320261437908495 0.01764705882352941 0.07581699346405228
0 0.6606617647058823 0.3542483660130719 0.0125 0.04183006535947712
0 0.6084558823529411 0.4261437908496732 0.0125 0.06797385620915032
0 0.6334558823529411 0.44640522875816996 0.015441176470588236 0.048366013071895426
0 0.6235294117647059 0.43594771241830066 0.010294117647058823 0.058823529411764705
0 0.6709558823529411 0.5287581699346405 0.025735294117647058 0.07973856209150326
0 0.7672794117647059 0.7581699346405228 0.03161764705882353 0.09934640522875816
0 0.7827205882352941 0.6535947712418301 0.021323529411764706 0.08888888888888889
0 0.7724264705882353 0.6477124183006536 0.01838235294117647 0.08235294117647059
0 0.9014705882352941 0.2901960784313726 0.039705882352941174 0.047058823529411764
0 0.8169117647058823 0.43856209150326797 0.020588235294117647 0.05620915032679739