0 0.013235294117647059 0.7660130718954249 0.023529411764705882 0.047058823529411764
0 0.15698529411764706 0.626797385620915 0.019852941176470587 0.06666666666666667
0 0.28860294117647056 0.39738562091503266 0.013970588235294118 0.03137254901960784
0 0.26176470588235295 0.3431372549019608 0.007352941176470588 0.043137254901960784
0 0.27205882352941174 0.34248366013071896 0.008823529411764706 0.04183006535947712
0 0.23345588235294118 0.31895424836601305 0.009558823529411765 0.047058823529411764
0 0.3426470588235294 0.32222222222222224 0.014705882352941176 0.050980392156862744
0 0.35404411764705884 0.36797385620915035 0.008088235294117648 0.0457516339869281
0 0.3613970588235294 0.3803921568627451 0.005147058823529412 0.02875816993464052
0 0.35955882352941176 0.40588235294117647 0.013235294117647059 0.048366013071895426
0 0.4 0.2718954248366013 0.008823529411764706 0.04183006535947712
0 0.3926470588235294 0.3627450980392157 0.008823529411764706 0.050980392156862744
0 0.40404411764705883 0.361437908496732 0.015441176470588236 0.043137254901960784
0 0.41360294117647056 0.34248366013071896 0.0125 0.04183006535947712
0 0.43014705882352944 0.3509803921568627 0.010294117647058823 0.043137254901960784
0 0.5014705882352941 0.17320261437908496 0.007352941176470588 0.03529411764705882
0 0.5128676470588235 0.17712418300653596 0.006617647058823529 0.032679738562091505
0 0.5452205882352941 0.16797385620915034 0.008088235294117648 0.030065359477124184
0 0.524264705882353 0.0738562091503268 0.004411764705882353 0.02483660130718954
0 0.5360294117647059 0.08627450980392157 0.0029411764705882353 0.018300653594771243
0 0.5393382352941176 0.08366013071895424 0.005147058823529412 0.023529411764705882
0 0.5474264705882353 0.09803921568627451 0.005147058823529412 0.02875816993464052
0 0.5518382352941177 0.1 0.003676470588235294 0.030065359477124184
0 0.6143382352941177 0.08169934640522876 0.005147058823529412 0.027450980392156862
0 0.5974264705882353 0.2542483660130719 0.009558823529411765 0.022222222222222223
0 0.6268382352941176 0.2875816993464052 0.0125 0.04183006535947712
0 0.6345588235294117 0.28823529411764703 0.008823529411764706 0.032679738562091505
0 0.5753676470588235 0.361437908496732 0.009558823529411765 0.048366013071895426
0 0.5470588235294118 0.3790849673202614 0.011764705882352941 0.03137254901960784
0 0.9036764705882353 0.2973856209150327 0.013235294117647059 0.043137254901960784
0 0.9058823529411765 0.4549019607843137 0.013235294117647059 0.05751633986928104
0 0.9573529411764706 0.365359477124183 0.011764705882352941 0.03529411764705882
0 0.08897058823529412 0.3660130718954248 0.013235294117647059 0.04967320261437908
0 0.14044117647058824 0.6189542483660131 0.023529411764705882 0.050980392156862744