0 0.5360294117647059 0.5222222222222223 0.011764705882352941 0.03790849673202614
0 0.5352941176470588 0.37777777777777777 0.007352941176470588 0.03398692810457516
0 0.5808823529411765 0.3130718954248366 0.007352941176470588 0.03529411764705882
0 0.5849264705882353 0.31699346405228757 0.006617647058823529 0.03529411764705882
0 0.6161764705882353 0.3254901960784314 0.0058823529411764705 0.0392156862745098
0 0.061764705882352944 0.5934640522875817 0.013235294117647059 0.03137254901960784
0 0.09191176470588236 0.5470588235294118 0.014705882352941176 0.050980392156862744
0 0.15698529411764706 0.3836601307189543 0.011029411764705883 0.032679738562091505
0 0.21286764705882352 0.3980392156862745 0.011029411764705883 0.03790849673202614
0 0.22242647058823528 0.2 0.005147058823529412 0.02091503267973856
0 0.22426470588235295 0.20522875816993463 0.0058823529411764705 0.03137254901960784
0 0.25183823529411764 0.24705882352941178 0.009558823529411765 0.03137254901960784
0 0.4738970588235294 0.21633986928104576 0.006617647058823529 0.02483660130718954
0 0.5308823529411765 0.17647058823529413 0.004411764705882353 0.02875816993464052
0 0.5084558823529411 0.12352941176470589 0.016911764705882352 0.027450980392156862
0 0.3386029411764706 0.06601307189542484 0.006617647058823529 0.022222222222222223
0 0.3547794117647059 0.052941176470588235 0.006617647058823529 0.01699346405228758
0 0.3610294117647059 0.05163398692810457 0.0029411764705882353 0.0196078431372549
0 0.36213235294117646 0.036601307189542485 0.003676470588235294 0.02091503267973856
0 0.3963235294117647 0.052941176470588235 0.004411764705882353 0.0196078431372549
0 0.5136029411764705 0.046405228758169936 0.005147058823529412 0.01437908496732026
0 0.5139705882352941 0.046405228758169936 0.004411764705882353 0.01699346405228758
0 0.7183823529411765 0.3535947712418301 0.010294117647058823 0.030065359477124184
0 0.7198529411764706 0.26862745098039215 0.008823529411764706 0.032679738562091505
0 0.6044117647058823 0.046405228758169936 0.004411764705882353 0.0196078431372549