0 0.7349264705882353 0.058823529411764705 0.005147058823529412 0.02091503267973856
0 0.7253676470588235 0.058823529411764705 0.006617647058823529 0.026143790849673203
0 0.955514705882353 0.07254901960784314 0.005147058823529412 0.01437908496732026
0 0.9716911764705882 0.10522875816993464 0.008088235294117648 0.027450980392156862
0 0.856985294117647 0.5954248366013072 0.011029411764705883 0.032679738562091505
0 0.8224264705882353 0.5575163398692811 0.0125 0.05620915032679739
0 0.6525735294117647 0.75359477124183 0.022794117647058822 0.06666666666666667
0 0.6852941176470588 0.7261437908496732 0.014705882352941176 0.06928104575163399
0 0.6125 0.8509803921568627 0.023529411764705882 0.07320261437908497
0 0.6246323529411765 0.8745098039215686 0.01838235294117647 0.08627450980392157
0 0.6511029411764706 0.9026143790849673 0.025735294117647058 0.050980392156862744
0 0.6588235294117647 0.8555555555555555 0.023529411764705882 0.07450980392156863
0 0.6768382352941177 0.8405228758169935 0.019852941176470587 0.044444444444444446
0 0.6819852941176471 0.8261437908496732 0.022794117647058822 0.047058823529411764
0 0.6893382352941176 0.8150326797385621 0.019852941176470587 0.043137254901960784
0 0.6095588235294118 0.526797385620915 0.013235294117647059 0.044444444444444446
0 0.6948529411764706 0.5673202614379085 0.01911764705882353 0.05751633986928104
0 0.586764705882353 0.5947712418300654 0.016176470588235296 0.054901960784313725
0 0.6220588235294118 0.6549019607843137 0.010294117647058823 0.06535947712418301
0 0.6345588235294117 0.6627450980392157 0.010294117647058823 0.06535947712418301
0 0.6599264705882353 0.6183006535947713 0.009558823529411765 0.0392156862745098
0 0.26801470588235293 0.3352941176470588 0.0125 0.048366013071895426
0 0.29375 0.330718954248366 0.011029411764705883 0.044444444444444446
0 0.3069852941176471 0.35490196078431374 0.011029411764705883 0.03529411764705882
0 0.7349264705882353 0.33137254901960783 0.009558823529411765 0.040522875816993466
0 0.7930147058823529 0.2725490196078431 0.008088235294117648 0.03529411764705882
0 0.799264705882353 0.23790849673202613 0.011764705882352941 0.026143790849673203
0 0.3397058823529412 0.6006535947712418 0.016176470588235296 0.05359477124183006
0 0.6470588235294118 0.16470588235294117 0.007352941176470588 0.026143790849673203
0 0.5569852941176471 0.19084967320261437 0.006617647058823529 0.03398692810457516
0 0.5356617647058823 0.2065359477124183 0.006617647058823529 0.02091503267973856
0 0.5106617647058823 0.23071895424836603 0.006617647058823529 0.027450980392156862
0 0.5158088235294118 0.23071895424836603 0.006617647058823529 0.02483660130718954