0 0.4765625 0.46944444444444444 0.005208333333333333 0.022222222222222223
0 0.4661458333333333 0.46944444444444444 0.005208333333333333 0.022222222222222223
0 0.65390625 0.5773148148148148 0.008854166666666666 0.04351851851851852
0 0.6588541666666666 0.625462962962963 0.011458333333333333 0.032407407407407406
0 0.4903645833333333 0.44305555555555554 0.0046875 0.03425925925925926
0 0.48489583333333336 0.43194444444444446 0.005208333333333333 0.028703703703703703
0 0.6591145833333333 0.5574074074074075 0.0109375 0.025925925925925925
0 0.5625 0.549074074074074 0.011458333333333333 0.03333333333333333
0 0.4231770833333333 0.4486111111111111 0.0036458333333333334 0.019444444444444445
0 0.40963541666666664 0.37962962962962965 0.0036458333333333334 0.014814814814814815
0 0.45338541666666665 0.39490740740740743 0.0036458333333333334 0.019444444444444445
0 0.6690104166666667 0.5657407407407408 0.009895833333333333 0.018518518518518517