0 0.53125 0.5320261437908497 0.008088235294117648 0.047058823529411764
0 0.5389705882352941 0.5326797385620915 0.008823529411764706 0.0457516339869281
0 0.39191176470588235 0.5411764705882353 0.011764705882352941 0.044444444444444446
0 0.5569852941176471 0.35490196078431374 0.006617647058823529 0.040522875816993466
0 0.4375 0.16862745098039217 0.007352941176470588 0.023529411764705882
0 0.4275735294117647 0.1411764705882353 0.006617647058823529 0.02091503267973856
0 0.5158088235294118 0.09477124183006536 0.006617647058823529 0.01699346405228758
0 0.49375 0.05555555555555555 0.003676470588235294 0.02483660130718954
0 0.5753676470588235 0.3058823529411765 0.008088235294117648 0.03398692810457516
0 0.3926470588235294 0.042483660130718956 0.0058823529411764705 0.02483660130718954
0 0.5227941176470589 0.7725490196078432 0.014705882352941176 0.0392156862745098
0 0.69375 0.6437908496732027 0.013970588235294118 0.043137254901960784
0 0.7018382352941176 0.6594771241830065 0.0125 0.040522875816993466
0 0.7481617647058824 0.7071895424836602 0.015441176470588236 0.02875816993464052