0 0.3489583333333333 0.8925925925925926 0.014583333333333334 0.04814814814814815
0 0.3802083333333333 0.8398148148148148 0.016666666666666666 0.04259259259259259
0 0.39947916666666666 0.7324074074074074 0.009375 0.046296296296296294
0 0.40208333333333335 0.7203703703703703 0.008333333333333333 0.02962962962962963
0 0.4296875 0.7379629629629629 0.011458333333333333 0.046296296296296294
0 0.30364583333333334 0.7842592592592592 0.011458333333333333 0.046296296296296294
0 0.2869791666666667 0.6277777777777778 0.013541666666666667 0.037037037037037035
0 0.35208333333333336 0.6305555555555555 0.010416666666666666 0.04259259259259259
0 0.3578125 0.5638888888888889 0.009375 0.027777777777777776
0 0.36041666666666666 0.5583333333333333 0.008333333333333333 0.027777777777777776
0 0.4046875 0.5546296296296296 0.009375 0.03888888888888889
0 0.4197916666666667 0.6074074074074074 0.008333333333333333 0.037037037037037035
0 0.4203125 0.6092592592592593 0.005208333333333333 0.025925925925925925
0 0.4395833333333333 0.6407407407407407 0.010416666666666666 0.040740740740740744
0 0.49895833333333334 0.7703703703703704 0.0125 0.037037037037037035
0 0.4609375 0.7018518518518518 0.011458333333333333 0.044444444444444446
0 0.4953125 0.5953703703703703 0.011458333333333333 0.03888888888888889
0 0.475 0.5481481481481482 0.010416666666666666 0.03333333333333333
0 0.4375 0.4842592592592593 0.00625 0.027777777777777776
0 0.45260416666666664 0.48518518518518516 0.007291666666666667 0.037037037037037035
0 0.49114583333333334 0.4564814814814815 0.011458333333333333 0.024074074074074074
0 0.5203125 0.5175925925925926 0.009375 0.03888888888888889
0 0.5213541666666667 0.5166666666666667 0.005208333333333333 0.018518518518518517
0 0.5208333333333334 0.5101851851851852 0.008333333333333333 0.027777777777777776
0 0.459375 0.4148148148148148 0.008333333333333333 0.022222222222222223
0 0.4421875 0.3712962962962963 0.007291666666666667 0.024074074074074074
0 0.4546875 0.37962962962962965 0.005208333333333333 0.022222222222222223
0 0.45364583333333336 0.35648148148148145 0.007291666666666667 0.020370370370370372
0 0.46510416666666665 0.3537037037037037 0.007291666666666667 0.022222222222222223
0 0.46041666666666664 0.32685185185185184 0.00625 0.020370370370370372
0 0.48541666666666666 0.34814814814814815 0.00625 0.018518518518518517
0 0.33489583333333334 0.4527777777777778 0.007291666666666667 0.027777777777777776
0 0.3385416666666667 0.45 0.00625 0.025925925925925925
0 0.18645833333333334 0.8083333333333333 0.014583333333333334 0.03888888888888889
0 0.6635416666666667 0.7592592592592593 0.014583333333333334 0.037037037037037035
0 0.6166666666666667 0.674074074074074 0.008333333333333333 0.02962962962962963
0 0.625 0.6731481481481482 0.0125 0.03888888888888889
0 0.6083333333333333 0.5675925925925925 0.008333333333333333 0.03148148148148148
0 0.6088541666666667 0.5787037037037037 0.011458333333333333 0.024074074074074074
0 0.7130208333333333 0.912962962962963 0.015625 0.040740740740740744
0 0.7197916666666667 0.6675925925925926 0.0125 0.03888888888888889
0 0.5927083333333333 0.4722222222222222 0.010416666666666666 0.03333333333333333
0 0.6588541666666666 0.49166666666666664 0.009375 0.03518518518518519
0 0.7546875 0.6324074074074074 0.011458333333333333 0.04259259259259259
0 0.8432291666666667 0.812962962962963 0.015625 0.044444444444444446
0 0.8859375 0.9222222222222223 0.019791666666666666 0.05555555555555555
0 0.9479166666666666 0.799074074074074 0.01875 0.046296296296296294
0 0.6411458333333333 0.4074074074074074 0.005208333333333333 0.022222222222222223
0 0.6453125 0.4111111111111111 0.005208333333333333 0.022222222222222223
0 0.659375 0.41944444444444445 0.010416666666666666 0.027777777777777776
0 0.6786458333333333 0.42592592592592593 0.005208333333333333 0.03333333333333333
0 0.7432291666666667 0.4583333333333333 0.011458333333333333 0.03148148148148148
0 0.7807291666666667 0.4777777777777778 0.011458333333333333 0.03333333333333333
0 0.04739583333333333 0.4 0.005208333333333333 0.018518518518518517
0 0.05 0.40185185185185185 0.00625 0.022222222222222223
0 0.03802083333333333 0.3537037037037037 0.007291666666666667 0.02962962962962963
0 0.16458333333333333 0.37407407407407406 0.00625 0.018518518518518517
0 0.484375 0.15092592592592594 0.004166666666666667 0.009259259259259259
0 0.46041666666666664 0.23796296296296296 0.004166666666666667 0.012962962962962963
0 0.4713541666666667 0.11666666666666667 0.003125 0.007407407407407408
0 0.47552083333333334 0.09259259259259259 0.003125 0.011111111111111112
0 0.7114583333333333 0.35185185185185186 0.008333333333333333 0.02962962962962963