0 0.9018382352941177 0.17712418300653596 0.008088235294117648 0.02483660130718954
0 0.43051470588235297 0.5405228758169934 0.013970588235294118 0.043137254901960784
0 0.42316176470588235 0.30718954248366015 0.009558823529411765 0.04183006535947712
0 0.03602941176470588 0.08758169934640522 0.008823529411764706 0.018300653594771243
0 0.03713235294117647 0.09477124183006536 0.005147058823529412 0.01699346405228758
0 0.019852941176470587 0.37254901960784315 0.013235294117647059 0.0392156862745098
0 0.4036764705882353 0.1607843137254902 0.0058823529411764705 0.026143790849673203
0 0.4264705882352941 0.2549019607843137 0.010294117647058823 0.03398692810457516
0 0.43272058823529413 0.2568627450980392 0.005147058823529412 0.03790849673202614
0 0.43713235294117647 0.2529411764705882 0.006617647058823529 0.040522875816993466
0 0.5845588235294118 0.3980392156862745 0.013235294117647059 0.05359477124183006
0 0.54375 0.36666666666666664 0.013970588235294118 0.0457516339869281
0 0.64375 0.28823529411764703 0.008088235294117648 0.040522875816993466
0 0.6547794117647059 0.2856209150326797 0.009558823529411765 0.040522875816993466
0 0.6988970588235294 0.31241830065359477 0.008088235294117648 0.02875816993464052