0 0.12005208333333334 0.9291666666666667 0.011979166666666667 0.05648148148148148
0 0.19479166666666667 0.7754629629629629 0.00625 0.03796296296296296
0 0.18802083333333333 0.7662037037037037 0.010416666666666666 0.041666666666666664
0 0.20286458333333332 0.7472222222222222 0.0078125 0.024074074074074074
0 0.22005208333333334 0.7393518518518518 0.016145833333333335 0.032407407407407406
0 0.2203125 0.7583333333333333 0.009375 0.025925925925925925
0 0.2390625 0.7657407407407407 0.011458333333333333 0.02962962962962963
0 0.2625 0.8527777777777777 0.010416666666666666 0.04814814814814815
0 0.2630208333333333 0.8638888888888889 0.008333333333333333 0.04814814814814815
0 0.27291666666666664 0.8629629629629629 0.008333333333333333 0.05185185185185185
0 0.34661458333333334 0.8069444444444445 0.0078125 0.049074074074074076
0 0.38229166666666664 0.7944444444444444 0.008333333333333333 0.05185185185185185
0 0.5690104166666666 0.6930555555555555 0.008854166666666666 0.032407407407407406
0 0.5333333333333333 0.6949074074074074 0.007291666666666667 0.032407407407407406
0 0.38229166666666664 0.7157407407407408 0.0125 0.044444444444444446
0 0.5549479166666667 0.6606481481481481 0.0067708333333333336 0.032407407407407406
0 0.5088541666666667 0.5634259259259259 0.005208333333333333 0.019444444444444445
0 0.45390625 0.5601851851851852 0.0067708333333333336 0.020370370370370372
0 0.5484375 0.5148148148148148 0.007291666666666667 0.03148148148148148
0 0.5671875 0.549537037037037 0.005208333333333333 0.023148148148148147
0 0.5575520833333333 0.49166666666666664 0.005729166666666666 0.020370370370370372
0 0.471875 0.49444444444444446 0.005208333333333333 0.012962962962962963
0 0.5375 0.46296296296296297 0.005208333333333333 0.014814814814814815
0 0.5359375 0.44074074074074077 0.003125 0.012962962962962963
0 0.5015625 0.4152777777777778 0.005208333333333333 0.012037037037037037
0 0.4903645833333333 0.41712962962962963 0.0046875 0.013888888888888888
0 0.47421875 0.4083333333333333 0.005729166666666666 0.012962962962962963
0 0.4778645833333333 0.35648148148148145 0.0026041666666666665 0.011111111111111112
0 0.54609375 0.4185185185185185 0.0036458333333333334 0.012962962962962963
0 0.5270833333333333 0.399537037037037 0.004166666666666667 0.012037037037037037
0 0.5200520833333333 0.3907407407407407 0.0046875 0.009259259259259259
0 0.5364583333333334 0.38796296296296295 0.004166666666666667 0.022222222222222223
0 0.5458333333333333 0.36018518518518516 0.003125 0.011111111111111112
0 0.55234375 0.3726851851851852 0.0026041666666666665 0.008333333333333333
0 0.5520833333333334 0.3685185185185185 0.003125 0.009259259259259259
0 0.546875 0.3958333333333333 0.004166666666666667 0.010185185185185186
0 0.6229166666666667 0.638425925925926 0.009375 0.03981481481481482