0 0.9606770833333333 0.9856481481481482 0.015104166666666667 0.028703703703703703
0 0.9419270833333333 0.9722222222222222 0.019270833333333334 0.05555555555555555
0 0.9307291666666667 0.9625 0.016666666666666666 0.06388888888888888
0 0.925 0.9388888888888889 0.015625 0.07037037037037037
0 0.9078125 0.9310185185185185 0.017708333333333333 0.06574074074074074
0 0.8533854166666667 0.8208333333333333 0.016145833333333335 0.06759259259259259
0 0.0359375 0.37222222222222223 0.007291666666666667 0.027777777777777776
0 0.20859375 0.6898148148148148 0.009895833333333333 0.05185185185185185
0 0.44973958333333336 0.46944444444444444 0.0067708333333333336 0.03333333333333333
0 0.378125 0.38333333333333336 0.00625 0.018518518518518517
0 0.5661458333333333 0.387037037037037 0.005208333333333333 0.020370370370370372
0 0.534375 0.31296296296296294 0.004166666666666667 0.009259259259259259
0 0.4192708333333333 0.2967592592592593 0.00625 0.01574074074074074