0 0.25183823529411764 0.3137254901960784 0.003676470588235294 0.018300653594771243
0 0.2566176470588235 0.31437908496732025 0.0029411764705882353 0.01699346405228758
0 0.2584558823529412 0.3137254901960784 0.003676470588235294 0.018300653594771243
0 0.2599264705882353 0.3137254901960784 0.003676470588235294 0.018300653594771243
0 0.3352941176470588 0.43071895424836604 0.0058823529411764705 0.030065359477124184
0 0.44669117647058826 0.4745098039215686 0.003676470588235294 0.02875816993464052
0 0.54375 0.6163398692810458 0.011029411764705883 0.032679738562091505
0 0.5422794117647058 0.6183006535947713 0.006617647058823529 0.03137254901960784
0 0.5022058823529412 0.6862745098039216 0.013235294117647059 0.044444444444444446
0 0.48161764705882354 0.6862745098039216 0.008823529411764706 0.054901960784313725
0 0.46397058823529413 0.6947712418300653 0.010294117647058823 0.030065359477124184
0 0.38419117647058826 0.5908496732026144 0.008088235294117648 0.047058823529411764
0 0.40625 0.611764705882353 0.009558823529411765 0.047058823529411764
0 0.4474264705882353 0.6111111111111112 0.011029411764705883 0.03790849673202614
0 0.46139705882352944 0.6045751633986928 0.009558823529411765 0.050980392156862744
0 0.44191176470588234 0.6777777777777778 0.011764705882352941 0.0457516339869281
0 0.27794117647058825 0.5235294117647059 0.011764705882352941 0.040522875816993466
0 0.27647058823529413 0.5287581699346405 0.0058823529411764705 0.02483660130718954
0 0.31985294117647056 0.5718954248366013 0.011764705882352941 0.03529411764705882
0 0.14191176470588235 0.40980392156862744 0.0058823529411764705 0.027450980392156862
0 0.15588235294117647 0.6477124183006536 0.020588235294117647 0.048366013071895426
0 0.14338235294117646 0.6751633986928105 0.011764705882352941 0.05620915032679739
0 0.13897058823529412 0.6620915032679738 0.014705882352941176 0.05359477124183006
0 0.17830882352941177 0.8111111111111111 0.016911764705882352 0.048366013071895426
0 0.18088235294117647 0.8300653594771242 0.01764705882352941 0.04967320261437908
0 0.2411764705882353 0.269281045751634 0.0029411764705882353 0.00784313725490196
0 0.42169117647058824 0.4797385620915033 0.005147058823529412 0.02875816993464052
0 0.41691176470588237 0.4830065359477124 0.0058823529411764705 0.030065359477124184
0 0.4125 0.4875816993464052 0.0058823529411764705 0.018300653594771243
0 0.4088235294117647 0.492156862745098 0.0058823529411764705 0.0196078431372549
0 0.40588235294117647 0.4895424836601307 0.007352941176470588 0.0196078431372549
0 0.38088235294117645 0.4797385620915033 0.010294117647058823 0.02875816993464052
0 0.3897058823529412 0.47516339869281043 0.0058823529411764705 0.03529411764705882
0 0.13014705882352942 0.44509803921568625 0.007352941176470588 0.032679738562091505
0 0.12205882352941176 0.4470588235294118 0.007352941176470588 0.03137254901960784
0 0.17058823529411765 0.34509803921568627 0.004411764705882353 0.02091503267973856
0 0.18933823529411764 0.3431372549019608 0.005147058823529412 0.022222222222222223
0 0.18713235294117647 0.3542483660130719 0.005147058823529412 0.026143790849673203
0 0.17794117647058824 0.34248366013071896 0.004411764705882353 0.01568627450980392
0 0.1738970588235294 0.33398692810457514 0.006617647058823529 0.0196078431372549
0 0.20551470588235293 0.29477124183006537 0.003676470588235294 0.009150326797385621
0 0.2261029411764706 0.2869281045751634 0.003676470588235294 0.009150326797385621