0 0.4915441176470588 0.09281045751633987 0.008088235294117648 0.023529411764705882
0 0.43823529411764706 0.009150326797385621 0.007352941176470588 0.018300653594771243
0 0.43051470588235297 0.009150326797385621 0.005147058823529412 0.018300653594771243
0 0.2338235294117647 0.0542483660130719 0.007352941176470588 0.030065359477124184
0 0.24779411764705883 0.1084967320261438 0.007352941176470588 0.018300653594771243
0 0.23602941176470588 0.03725490196078431 0.0058823529411764705 0.030065359477124184
0 0.24301470588235294 0.028104575163398694 0.006617647058823529 0.02483660130718954
0 0.2426470588235294 0.011764705882352941 0.007352941176470588 0.023529411764705882
0 0.1297794117647059 0.02287581699346405 0.009558823529411765 0.030065359477124184
0 0.01801470588235294 0.21764705882352942 0.0125 0.040522875816993466
0 0.025735294117647058 0.2235294117647059 0.007352941176470588 0.026143790849673203
0 0.07536764705882353 0.1934640522875817 0.009558823529411765 0.02875816993464052
0 0.03161764705882353 0.17450980392156862 0.011764705882352941 0.03529411764705882
0 0.011397058823529411 0.18496732026143792 0.013970588235294118 0.03529411764705882
0 0.039705882352941174 0.12352941176470589 0.010294117647058823 0.03790849673202614
0 0.04926470588235294 0.11830065359477124 0.008823529411764706 0.03529411764705882
0 0.05551470588235294 0.13529411764705881 0.011029411764705883 0.0196078431372549
0 0.05845588235294118 0.10065359477124183 0.009558823529411765 0.036601307189542485
0 0.06433823529411764 0.1 0.009558823529411765 0.032679738562091505
0 0.06948529411764706 0.10196078431372549 0.008088235294117648 0.03137254901960784
0 0.08455882352941177 0.06143790849673202 0.014705882352941176 0.026143790849673203
0 0.08823529411764706 0.023529411764705882 0.007352941176470588 0.026143790849673203
0 0.20073529411764707 0.4542483660130719 0.01764705882352941 0.048366013071895426
0 0.26433823529411765 0.4895424836601307 0.013970588235294118 0.03790849673202614
0 0.0055147058823529415 0.05032679738562092 0.009558823529411765 0.027450980392156862
0 0.45845588235294116 0.5627450980392157 0.0125 0.048366013071895426