0 0.33639705882352944 0.9764705882352941 0.016911764705882352 0.03398692810457516
0 0.2727941176470588 0.9575163398692811 0.022058823529411766 0.03529411764705882
0 0.20588235294117646 0.9588235294117647 0.01764705882352941 0.043137254901960784
0 0.18088235294117647 0.954248366013072 0.01911764705882353 0.0392156862745098
0 0.24044117647058824 0.9888888888888889 0.01764705882352941 0.022222222222222223
0 0.07279411764705883 0.9836601307189542 0.016176470588235296 0.032679738562091505
0 0.08529411764705883 0.9836601307189542 0.011764705882352941 0.027450980392156862
0 0.10992647058823529 0.9888888888888889 0.022794117647058822 0.022222222222222223
0 0.13455882352941176 0.9856209150326798 0.01911764705882353 0.02091503267973856
0 0.15625 0.9882352941176471 0.019852941176470587 0.023529411764705882
0 0.052941176470588235 0.9823529411764705 0.01911764705882353 0.03529411764705882
0 0.039338235294117646 0.9803921568627451 0.022794117647058822 0.02875816993464052
0 0.026838235294117645 0.9745098039215686 0.019852941176470587 0.03790849673202614
0 0.04742647058823529 0.9228758169934641 0.027205882352941177 0.07320261437908497
0 0.10551470588235294 0.7745098039215687 0.021323529411764706 0.048366013071895426
0 0.06801470588235294 0.792156862745098 0.021323529411764706 0.07320261437908497
0 0.04485294117647059 0.7470588235294118 0.01911764705882353 0.048366013071895426
0 0.013602941176470588 0.3503267973856209 0.0125 0.0392156862745098
0 0.26176470588235295 0.3215686274509804 0.013235294117647059 0.04183006535947712
0 0.7125 0.6071895424836601 0.013235294117647059 0.058823529411764705
0 0.7808823529411765 0.3738562091503268 0.011764705882352941 0.04183006535947712
0 0.7470588235294118 0.361437908496732 0.008823529411764706 0.03790849673202614
0 0.7316176470588235 0.3516339869281046 0.008823529411764706 0.023529411764705882
0 0.7198529411764706 0.34248366013071896 0.008823529411764706 0.02091503267973856
0 0.7110294117647059 0.33790849673202616 0.007352941176470588 0.02483660130718954
0 0.7058823529411765 0.3326797385620915 0.007352941176470588 0.022222222222222223
0 0.7338235294117647 0.338562091503268 0.008823529411764706 0.018300653594771243
0 0.7305147058823529 0.2751633986928105 0.008088235294117648 0.0196078431372549
0 0.7176470588235294 0.2869281045751634 0.008823529411764706 0.01699346405228758
0 0.7216911764705882 0.2758169934640523 0.009558823529411765 0.02091503267973856
0 0.700735294117647 0.32222222222222224 0.008823529411764706 0.01699346405228758
0 0.6959558823529411 0.31633986928104574 0.008088235294117648 0.02091503267973856
0 0.6959558823529411 0.2901960784313726 0.006617647058823529 0.023529411764705882
0 0.6893382352941176 0.28823529411764703 0.009558823529411765 0.02483660130718954
0 0.6819852941176471 0.30522875816993467 0.008088235294117648 0.022222222222222223
0 0.6735294117647059 0.36470588235294116 0.011764705882352941 0.026143790849673203
0 0.6731617647058824 0.3431372549019608 0.008088235294117648 0.02483660130718954
0 0.6514705882352941 0.3359477124183007 0.007352941176470588 0.0392156862745098
0 0.6654411764705882 0.32222222222222224 0.007352941176470588 0.01437908496732026
0 0.6702205882352941 0.3254901960784314 0.006617647058823529 0.02091503267973856
0 0.6294117647058823 0.33986928104575165 0.007352941176470588 0.04183006535947712
0 0.6352941176470588 0.31437908496732025 0.008823529411764706 0.02483660130718954
0 0.6139705882352942 0.31241830065359477 0.007352941176470588 0.0392156862745098
0 0.5886029411764706 0.29869281045751633 0.008088235294117648 0.03529411764705882
0 0.5709558823529411 0.27908496732026145 0.006617647058823529 0.03790849673202614
0 0.6161764705882353 0.2549019607843137 0.007352941176470588 0.03137254901960784
0 0.6275735294117647 0.2549019607843137 0.006617647058823529 0.03398692810457516
0 0.5246323529411765 0.05947712418300653 0.005147058823529412 0.022222222222222223
0 0.5066176470588235 0.08235294117647059 0.007352941176470588 0.026143790849673203
0 0.5455882352941176 0.14313725490196078 0.0058823529411764705 0.027450980392156862
0 0.4786764705882353 0.1392156862745098 0.0058823529411764705 0.030065359477124184
0 0.5 0.044444444444444446 0.0058823529411764705 0.023529411764705882
0 0.4922794117647059 0.041176470588235294 0.005147058823529412 0.022222222222222223
0 0.4863970588235294 0.028104575163398694 0.005147058823529412 0.022222222222222223
0 0.4886029411764706 0.020261437908496733 0.003676470588235294 0.022222222222222223
0 0.48455882352941176 0.01764705882352941 0.0058823529411764705 0.01699346405228758
0 0.4915441176470588 0.011111111111111112 0.003676470588235294 0.0196078431372549
0 0.49411764705882355 0.013725490196078431 0.0029411764705882353 0.01699346405228758
0 0.47794117647058826 0.00522875816993464 0.0058823529411764705 0.00784313725490196
0 0.4672794117647059 0.04967320261437908 0.003676470588235294 0.02091503267973856
0 0.42205882352941176 0.32679738562091504 0.008823529411764706 0.03137254901960784
0 0.39926470588235297 0.33137254901960783 0.011764705882352941 0.043137254901960784
0 0.36470588235294116 0.3464052287581699 0.008823529411764706 0.02875816993464052
0 0.3588235294117647 0.33464052287581697 0.007352941176470588 0.03398692810457516
0 0.29558823529411765 0.24052287581699347 0.007352941176470588 0.036601307189542485
0 0.3058823529411765 0.24052287581699347 0.010294117647058823 0.0392156862745098
0 0.3922794117647059 0.26209150326797387 0.009558823529411765 0.022222222222222223
0 0.3790441176470588 0.26666666666666666 0.008088235294117648 0.0392156862745098
0 0.3584558823529412 0.2718954248366013 0.006617647058823529 0.0392156862745098
0 0.3628676470588235 0.25620915032679736 0.009558823529411765 0.036601307189542485
0 0.37463235294117647 0.22679738562091503 0.008088235294117648 0.0196078431372549
0 0.40551470588235294 0.12352941176470589 0.006617647058823529 0.030065359477124184
0 0.40294117647058825 0.08954248366013072 0.0058823529411764705 0.02483660130718954
0 0.4176470588235294 0.049019607843137254 0.007352941176470588 0.02483660130718954
0 0.4128676470588235 0.026143790849673203 0.005147058823529412 0.023529411764705882
0 0.41654411764705884 0.025490196078431372 0.005147058823529412 0.022222222222222223
0 0.4485294117647059 0.11437908496732026 0.0058823529411764705 0.01699346405228758