0 0.4606617647058823 0.39215686274509803 0.009558823529411765 0.044444444444444446
0 0.4485294117647059 0.37777777777777777 0.014705882352941176 0.06013071895424837
0 0.41323529411764703 0.3758169934640523 0.01764705882352941 0.06143790849673202
0 0.4238970588235294 0.2542483660130719 0.013970588235294118 0.06405228758169934
0 0.3966911764705882 0.40261437908496733 0.011029411764705883 0.02875816993464052
0 0.7003676470588235 0.569281045751634 0.01838235294117647 0.058823529411764705
0 0.6779411764705883 0.8418300653594771 0.025 0.05228758169934641
0 0.9860294117647059 0.4823529411764706 0.020588235294117647 0.0392156862745098
0 0.9955882352941177 0.10326797385620914 0.008823529411764706 0.02875816993464052
0 0.9375 0.07516339869281045 0.011764705882352941 0.048366013071895426
0 0.8235294117647058 0.13202614379084968 0.010294117647058823 0.05228758169934641
0 0.8143382352941176 0.13202614379084968 0.011029411764705883 0.0392156862745098
0 0.8426470588235294 0.12287581699346405 0.011764705882352941 0.05228758169934641
0 0.8481617647058823 0.13071895424836602 0.011029411764705883 0.047058823529411764
0 0.9301470588235294 0.07058823529411765 0.011764705882352941 0.044444444444444446