0 0.6889705882352941 0.08104575163398693 0.007352941176470588 0.026143790849673203
0 0.5970588235294118 0.26601307189542484 0.008823529411764706 0.032679738562091505
0 0.600735294117647 0.06339869281045751 0.0058823529411764705 0.027450980392156862
0 0.49411764705882355 0.1588235294117647 0.007352941176470588 0.030065359477124184
0 0.4452205882352941 0.12418300653594772 0.008088235294117648 0.03137254901960784
0 0.4488970588235294 0.3954248366013072 0.008088235294117648 0.03790849673202614
0 0.42830882352941174 0.5581699346405229 0.0125 0.036601307189542485
0 0.38382352941176473 0.1392156862745098 0.0058823529411764705 0.032679738562091505
0 0.9363970588235294 0.8836601307189542 0.016911764705882352 0.044444444444444446
0 0.9753676470588235 0.9058823529411765 0.021323529411764706 0.044444444444444446
0 0.9805147058823529 0.9222222222222223 0.02426470588235294 0.040522875816993466
0 0.35257352941176473 0.5509803921568628 0.0125 0.03790849673202614