0 0.7738970588235294 0.4477124183006536 0.021323529411764706 0.06405228758169934
0 0.5783088235294118 0.4372549019607843 0.015441176470588236 0.05359477124183006
0 0.5507352941176471 0.434640522875817 0.016176470588235296 0.040522875816993466
0 0.4933823529411765 0.4928104575163399 0.020588235294117647 0.05751633986928104
0 0.2911764705882353 0.6849673202614379 0.020588235294117647 0.07320261437908497
0 0.31066176470588236 0.5856209150326798 0.015441176470588236 0.06274509803921569
0 0.30919117647058825 0.5640522875816993 0.016911764705882352 0.06666666666666667
0 0.33051470588235293 0.5784313725490197 0.013970588235294118 0.03790849673202614
0 0.6966911764705882 0.12810457516339868 0.015441176470588236 0.02875816993464052
0 0.7213235294117647 0.13137254901960785 0.011764705882352941 0.06405228758169934
0 0.09632352941176471 0.13856209150326798 0.022058823529411766 0.05751633986928104
0 0.13125 0.08888888888888889 0.016911764705882352 0.06274509803921569
0 0.14926470588235294 0.06143790849673202 0.01764705882352941 0.054901960784313725
0 0.13014705882352942 0.03071895424836601 0.016176470588235296 0.058823529411764705
0 0.27058823529411763 0.050980392156862744 0.016176470588235296 0.04967320261437908
0 0.41691176470588237 0.024183006535947713 0.013235294117647059 0.0457516339869281
0 0.41948529411764707 0.02287581699346405 0.015441176470588236 0.0457516339869281
0 0.5801470588235295 0.12418300653594772 0.008823529411764706 0.054901960784313725
0 0.5871323529411765 0.11503267973856209 0.009558823529411765 0.04967320261437908
0 0.5845588235294118 0.10522875816993464 0.008823529411764706 0.050980392156862744
0 0.7238970588235294 0.1287581699346405 0.011029411764705883 0.05359477124183006