0 0.8040441176470589 0.9751633986928104 0.030147058823529412 0.04967320261437908
0 0.8308823529411765 0.9627450980392157 0.029411764705882353 0.07450980392156863
0 0.8470588235294118 0.9111111111111111 0.030882352941176472 0.10718954248366012
0 0.86875 0.9248366013071896 0.027205882352941177 0.11372549019607843
0 0.8496323529411764 0.8797385620915033 0.02426470588235294 0.05751633986928104
0 0.7327205882352941 0.8032679738562092 0.025735294117647058 0.11633986928104575
0 0.7363970588235295 0.7751633986928105 0.019852941176470587 0.04183006535947712
0 0.7621323529411764 0.8117647058823529 0.03455882352941177 0.10718954248366012
0 0.7893382352941176 0.7803921568627451 0.028676470588235293 0.11503267973856209
0 0.80625 0.8013071895424837 0.021323529411764706 0.07058823529411765
0 0.8261029411764705 0.7862745098039216 0.02426470588235294 0.09803921568627451
0 0.8841911764705882 0.6549019607843137 0.02426470588235294 0.06535947712418301
0 0.63125 0.4261437908496732 0.011029411764705883 0.05751633986928104
0 0.61875 0.41568627450980394 0.008088235294117648 0.05751633986928104
0 0.6088235294117647 0.4241830065359477 0.008823529411764706 0.05359477124183006
0 0.5779411764705882 0.39869281045751637 0.008823529411764706 0.04967320261437908
0 0.37426470588235294 0.515032679738562 0.022058823529411766 0.044444444444444446
0 0.49926470588235294 0.4542483660130719 0.016176470588235296 0.048366013071895426
0 0.6367647058823529 0.2901960784313726 0.0058823529411764705 0.03137254901960784
0 0.6279411764705882 0.2928104575163399 0.007352941176470588 0.03137254901960784
0 0.45294117647058824 0.2797385620915033 0.008823529411764706 0.026143790849673203
0 0.006617647058823529 0.3843137254901961 0.013235294117647059 0.04183006535947712
0 0.16397058823529412 0.27908496732026145 0.008823529411764706 0.03529411764705882
0 0.16948529411764707 0.2758169934640523 0.009558823529411765 0.0392156862745098
0 0.16176470588235295 0.2738562091503268 0.010294117647058823 0.03790849673202614
0 0.44338235294117645 0.20980392156862746 0.0058823529411764705 0.022222222222222223
0 0.44926470588235295 0.2084967320261438 0.0058823529411764705 0.02483660130718954