0 0.9208333333333333 0.9231481481481482 0.010416666666666666 0.05740740740740741
0 0.89375 0.9037037037037037 0.008333333333333333 0.03333333333333333
0 0.3223958333333333 0.9555555555555556 0.013541666666666667 0.037037037037037035
0 0.5557291666666667 0.6935185185185185 0.011458333333333333 0.04259259259259259
0 0.15 0.5879629629629629 0.00625 0.03518518518518519
0 0.16197916666666667 0.5703703703703704 0.009375 0.02962962962962963
0 0.14635416666666667 0.5592592592592592 0.005208333333333333 0.025925925925925925
0 0.3260416666666667 0.4351851851851852 0.004166666666666667 0.018518518518518517
0 0.3489583333333333 0.40555555555555556 0.004166666666666667 0.007407407407407408
0 0.28489583333333335 0.3861111111111111 0.003125 0.012962962962962963
0 0.284375 0.34074074074074073 0.0020833333333333333 0.011111111111111112