0 0.4078125 0.7425925925925926 0.013541666666666667 0.07777777777777778
0 0.4510416666666667 0.6129629629629629 0.0125 0.05555555555555555
0 0.484375 0.587037037037037 0.010416666666666666 0.037037037037037035
0 0.48541666666666666 0.45740740740740743 0.008333333333333333 0.044444444444444446
0 0.478125 0.45740740740740743 0.008333333333333333 0.040740740740740744
0 0.47239583333333335 0.41944444444444445 0.007291666666666667 0.03148148148148148
0 0.46875 0.412962962962963 0.00625 0.037037037037037035
0 0.4635416666666667 0.42592592592592593 0.00625 0.037037037037037035
0 0.5640625 0.2712962962962963 0.005208333333333333 0.027777777777777776
0 0.5838541666666667 0.4638888888888889 0.009375 0.03148148148148148
0 0.60625 0.46574074074074073 0.008333333333333333 0.03148148148148148
0 0.4942708333333333 0.3592592592592593 0.003125 0.03333333333333333
0 0.509375 0.33796296296296297 0.00625 0.027777777777777776
0 0.5364583333333334 0.29259259259259257 0.00625 0.025925925925925925
0 0.5322916666666667 0.29259259259259257 0.004166666666666667 0.025925925925925925
0 0.5177083333333333 0.35833333333333334 0.004166666666666667 0.027777777777777776
0 0.5526041666666667 0.25 0.005208333333333333 0.014814814814814815
0 0.5307291666666667 0.36574074074074076 0.007291666666666667 0.027777777777777776
0 0.48802083333333335 0.5074074074074074 0.007291666666666667 0.040740740740740744
0 0.5411458333333333 0.2601851851851852 0.005208333333333333 0.024074074074074074
0 0.5770833333333333 0.4222222222222222 0.00625 0.025925925925925925
0 0.5776041666666667 0.41944444444444445 0.005208333333333333 0.03518518518518519
0 0.6125 0.31574074074074077 0.004166666666666667 0.027777777777777776
0 0.6052083333333333 0.32222222222222224 0.00625 0.025925925925925925
0 0.5953125 0.27870370370370373 0.003125 0.016666666666666666
0 0.5947916666666667 0.275 0.004166666666666667 0.020370370370370372
0 0.4828125 0.41203703703703703 0.007291666666666667 0.04259259259259259