0 0.9455882352941176 0.5111111111111111 0.016176470588235296 0.044444444444444446
0 0.9213235294117647 0.3607843137254902 0.013235294117647059 0.0392156862745098
0 0.9014705882352941 0.17058823529411765 0.0058823529411764705 0.02483660130718954
0 0.8077205882352941 0.2130718954248366 0.006617647058823529 0.02091503267973856
0 0.4963235294117647 0.44052287581699345 0.010294117647058823 0.02875816993464052
0 0.5455882352941176 0.4516339869281046 0.011764705882352941 0.032679738562091505
0 0.5474264705882353 0.4398692810457516 0.009558823529411765 0.027450980392156862
0 0.1474264705882353 0.46143790849673205 0.0125 0.047058823529411764
0 0.35110294117647056 0.5830065359477125 0.009558823529411765 0.03137254901960784
0 0.3547794117647059 0.5732026143790849 0.011029411764705883 0.032679738562091505
0 0.36470588235294116 0.5764705882352941 0.010294117647058823 0.03137254901960784
0 0.35661764705882354 0.5843137254901961 0.0058823529411764705 0.026143790849673203
0 0.5408088235294117 0.3300653594771242 0.011029411764705883 0.030065359477124184
0 0.46433823529411766 0.3535947712418301 0.008088235294117648 0.030065359477124184
0 0.6819852941176471 0.1954248366013072 0.005147058823529412 0.022222222222222223
0 0.6985294117647058 0.1895424836601307 0.0058823529411764705 0.02091503267973856
0 0.8169117647058823 0.12026143790849673 0.0058823529411764705 0.013071895424836602