0 0.8356617647058824 0.16732026143790849 0.006617647058823529 0.02875816993464052
0 0.8150735294117647 0.169281045751634 0.006617647058823529 0.027450980392156862
0 0.6698529411764705 0.2803921568627451 0.008823529411764706 0.03529411764705882
0 0.6533088235294118 0.269281045751634 0.006617647058823529 0.036601307189542485
0 0.6316176470588235 0.2758169934640523 0.0058823529411764705 0.02875816993464052
0 0.6341911764705882 0.28366013071895424 0.006617647058823529 0.023529411764705882
0 0.6132352941176471 0.2784313725490196 0.0058823529411764705 0.023529411764705882
0 0.5522058823529412 0.33464052287581697 0.011764705882352941 0.04183006535947712
0 0.5345588235294118 0.31241830065359477 0.010294117647058823 0.02091503267973856
0 0.5040441176470588 0.33790849673202616 0.008088235294117648 0.032679738562091505
0 0.39595588235294116 0.2718954248366013 0.008088235294117648 0.03398692810457516
0 0.4128676470588235 0.3738562091503268 0.009558823529411765 0.03137254901960784
0 0.3963235294117647 0.3764705882352941 0.011764705882352941 0.04183006535947712
0 0.3863970588235294 0.38496732026143793 0.009558823529411765 0.0457516339869281
0 0.3816176470588235 0.37973856209150325 0.007352941176470588 0.03790849673202614
0 0.3694852941176471 0.28169934640522876 0.009558823529411765 0.027450980392156862
0 0.37536764705882353 0.28104575163398693 0.008088235294117648 0.026143790849673203
0 0.3573529411764706 0.39477124183006534 0.008823529411764706 0.04183006535947712
0 0.34558823529411764 0.403921568627451 0.008823529411764706 0.044444444444444446
0 0.3371323529411765 0.403921568627451 0.009558823529411765 0.04183006535947712
0 0.31323529411764706 0.39477124183006534 0.010294117647058823 0.0392156862745098
0 0.2985294117647059 0.3810457516339869 0.007352941176470588 0.027450980392156862
0 0.27683823529411766 0.3026143790849673 0.008088235294117648 0.03790849673202614
0 0.2893382352941177 0.2954248366013072 0.008088235294117648 0.026143790849673203
0 0.2349264705882353 0.5183006535947713 0.015441176470588236 0.043137254901960784
0 0.763235294117647 0.8607843137254902 0.016176470588235296 0.07712418300653595
0 0.7911764705882353 0.8359477124183007 0.030882352941176472 0.050980392156862744
0 0.1036764705882353 0.3137254901960784 0.010294117647058823 0.036601307189542485
0 0.11691176470588235 0.29150326797385623 0.008823529411764706 0.0392156862745098
0 0.23823529411764705 0.39673202614379083 0.011764705882352941 0.03790849673202614
0 0.21507352941176472 0.4320261437908497 0.0125 0.043137254901960784
0 0.21176470588235294 0.41241830065359475 0.008823529411764706 0.040522875816993466
0 0.2 0.4326797385620915 0.013235294117647059 0.044444444444444446
0 0.15992647058823528 0.4235294117647059 0.011029411764705883 0.047058823529411764
0 0.13713235294117648 0.39869281045751637 0.009558823529411765 0.023529411764705882
0 0.14227941176470588 0.41568627450980394 0.011029411764705883 0.044444444444444446
0 0.15073529411764705 0.41568627450980394 0.011764705882352941 0.04967320261437908
0 0.14669117647058824 0.369281045751634 0.013970588235294118 0.03790849673202614
0 0.15845588235294117 0.3516339869281046 0.008088235294117648 0.02091503267973856
0 0.15 0.35947712418300654 0.010294117647058823 0.026143790849673203
0 0.9257352941176471 0.9633986928104575 0.01764705882352941 0.07320261437908497
0 0.7077205882352942 0.28169934640522876 0.008088235294117648 0.02483660130718954
0 0.008088235294117648 0.08562091503267974 0.0058823529411764705 0.0196078431372549
0 0.0033088235294117647 0.11895424836601307 0.006617647058823529 0.023529411764705882
0 0.04632352941176471 0.15294117647058825 0.007352941176470588 0.018300653594771243
0 0.028308823529411765 0.13333333333333333 0.005147058823529412 0.023529411764705882
0 0.03272058823529412 0.13660130718954247 0.005147058823529412 0.027450980392156862
0 0.01948529411764706 0.12156862745098039 0.008088235294117648 0.01568627450980392
0 0.004779411764705883 0.0673202614379085 0.006617647058823529 0.0196078431372549
0 0.03676470588235294 0.03986928104575163 0.004411764705882353 0.01699346405228758
0 0.042279411764705885 0.038562091503267976 0.005147058823529412 0.01699346405228758
0 0.15441176470588236 0.2607843137254902 0.013235294117647059 0.02483660130718954
0 0.1661764705882353 0.2549019607843137 0.010294117647058823 0.02091503267973856