0 0.3203125 0.7129629629629629 0.009375 0.044444444444444446
0 0.3385416666666667 0.6916666666666667 0.00625 0.03888888888888889
0 0.4890625 0.5138888888888888 0.003125 0.009259259259259259
0 0.4921875 0.5259259259259259 0.003125 0.014814814814814815
0 0.5177083333333333 0.6583333333333333 0.008333333333333333 0.020370370370370372
0 0.5390625 0.6712962962962963 0.007291666666666667 0.020370370370370372
0 0.76875 0.8296296296296296 0.008333333333333333 0.04814814814814815
0 0.7598958333333333 0.7888888888888889 0.009375 0.040740740740740744
0 0.75 0.7833333333333333 0.00625 0.037037037037037035
0 0.6442708333333333 0.6435185185185185 0.005208333333333333 0.027777777777777776
0 0.5708333333333333 0.549074074074074 0.004166666666666667 0.012962962962962963
0 0.5828125 0.5388888888888889 0.003125 0.018518518518518517
0 0.6302083333333334 0.5138888888888888 0.0020833333333333333 0.012962962962962963