0 0.3165441176470588 0.6411764705882353 0.013970588235294118 0.03529411764705882
0 0.4426470588235294 0.5084967320261438 0.010294117647058823 0.0392156862745098
0 0.5433823529411764 0.45816993464052286 0.007352941176470588 0.022222222222222223
0 0.35551470588235295 0.3104575163398693 0.006617647058823529 0.027450980392156862
0 0.4452205882352941 0.3588235294117647 0.006617647058823529 0.0196078431372549
0 0.5055147058823529 0.3686274509803922 0.006617647058823529 0.018300653594771243
0 0.4772058823529412 0.2830065359477124 0.0058823529411764705 0.01699346405228758
0 0.49264705882352944 0.2797385620915033 0.0058823529411764705 0.01568627450980392
0 0.6893382352941176 0.9150326797385621 0.009558823529411765 0.05228758169934641
0 0.6547794117647059 0.3588235294117647 0.008088235294117648 0.03529411764705882
0 0.6518382352941177 0.3562091503267974 0.008088235294117648 0.03529411764705882
0 0.6650735294117647 0.39019607843137255 0.008088235294117648 0.01699346405228758
0 0.6628676470588235 0.38496732026143793 0.008088235294117648 0.01699346405228758
0 0.7702205882352942 0.6052287581699346 0.009558823529411765 0.03398692810457516
0 0.7841911764705882 0.6124183006535948 0.009558823529411765 0.02483660130718954
0 0.6867647058823529 0.4013071895424837 0.010294117647058823 0.023529411764705882
0 0.3779411764705882 0.2261437908496732 0.007352941176470588 0.018300653594771243
0 0.3790441176470588 0.22091503267973855 0.003676470588235294 0.018300653594771243
0 0.46801470588235294 0.17908496732026144 0.003676470588235294 0.018300653594771243
0 0.9433823529411764 0.8947712418300654 0.011764705882352941 0.043137254901960784