0 0.20220588235294118 0.46143790849673205 0.01764705882352941 0.0392156862745098
0 0.18161764705882352 0.4627450980392157 0.016176470588235296 0.0392156862745098
0 0.29558823529411765 0.3673202614379085 0.025 0.06013071895424837
0 0.6316176470588235 0.3183006535947712 0.013235294117647059 0.06666666666666667
0 0.5341911764705882 0.06274509803921569 0.008088235294117648 0.047058823529411764
0 0.5430147058823529 0.05228758169934641 0.008088235294117648 0.044444444444444446
0 0.5522058823529412 0.05751633986928104 0.0058823529411764705 0.04183006535947712
0 0.5823529411764706 0.05816993464052288 0.008823529411764706 0.0457516339869281
0 0.5702205882352941 0.1111111111111111 0.008088235294117648 0.044444444444444446
0 0.5996323529411764 0.19869281045751633 0.016911764705882352 0.04967320261437908
0 0.5205882352941177 0.40980392156862744 0.01911764705882353 0.050980392156862744
0 0.5047794117647059 0.2496732026143791 0.011029411764705883 0.04967320261437908
0 0.5345588235294118 0.36209150326797385 0.016176470588235296 0.054901960784313725
0 0.7327205882352941 0.8915032679738563 0.02426470588235294 0.06797385620915032
0 0.7286764705882353 0.8771241830065359 0.011764705882352941 0.06013071895424837
0 0.8095588235294118 0.6764705882352942 0.025 0.06405228758169934