0 0.6671875 0.39351851851851855 0.009375 0.03518518518518519
0 0.6958333333333333 0.39166666666666666 0.010416666666666666 0.03518518518518519
0 0.74375 0.5222222222222223 0.0125 0.040740740740740744
0 0.596875 0.12129629629629629 0.00625 0.024074074074074074
0 0.20729166666666668 0.5074074074074074 0.0125 0.044444444444444446
0 0.2140625 0.23796296296296296 0.009375 0.03518518518518519
0 0.28072916666666664 0.3814814814814815 0.009375 0.040740740740740744
0 0.28020833333333334 0.1111111111111111 0.00625 0.022222222222222223
0 0.019270833333333334 0.48703703703703705 0.019791666666666666 0.040740740740740744
0 0.030208333333333334 0.4027777777777778 0.0125 0.024074074074074074
0 0.04114583333333333 0.38425925925925924 0.013541666666666667 0.03148148148148148
0 0.134375 0.36944444444444446 0.0125 0.03518518518518519
0 0.125 0.3824074074074074 0.010416666666666666 0.03518518518518519
0 0.8317708333333333 0.7111111111111111 0.017708333333333333 0.05555555555555555