0 0.32426470588235295 0.9647058823529412 0.026470588235294117 0.06274509803921569
0 0.5908088235294118 0.2437908496732026 0.009558823529411765 0.043137254901960784
0 0.6606617647058823 0.20326797385620915 0.008088235294117648 0.043137254901960784
0 0.669485294117647 0.20522875816993463 0.008088235294117648 0.044444444444444446
0 0.6525735294117647 0.1522875816993464 0.008088235294117648 0.043137254901960784
0 0.6514705882352941 0.11699346405228758 0.007352941176470588 0.03529411764705882
0 0.6419117647058824 0.11372549019607843 0.007352941176470588 0.03398692810457516
0 0.6834558823529412 0.00784313725490196 0.006617647058823529 0.01568627450980392
0 0.39448529411764705 0.08300653594771241 0.008088235294117648 0.032679738562091505
0 0.40588235294117647 0.054901960784313725 0.007352941176470588 0.02875816993464052
0 0.3941176470588235 0.024183006535947713 0.010294117647058823 0.027450980392156862
0 0.28566176470588234 0.10196078431372549 0.008088235294117648 0.036601307189542485
0 0.2926470588235294 0.10784313725490197 0.0058823529411764705 0.02483660130718954
0 0.7084558823529412 0.8124183006535948 0.016911764705882352 0.07450980392156863
0 0.7224264705882353 0.8470588235294118 0.022794117647058822 0.06274509803921569
0 0.9235294117647059 0.7686274509803922 0.01764705882352941 0.09411764705882353