0 0.017279411764705883 0.42287581699346405 0.03455882352941177 0.06666666666666667
0 0.22904411764705881 0.4980392156862745 0.01838235294117647 0.05228758169934641
0 0.38529411764705884 0.4849673202614379 0.014705882352941176 0.06013071895424837
0 0.36764705882352944 0.5143790849673202 0.022058823529411766 0.040522875816993466
0 0.3650735294117647 0.6143790849673203 0.016911764705882352 0.054901960784313725
0 0.38125 0.6941176470588235 0.01838235294117647 0.06013071895424837
0 0.3863970588235294 0.7888888888888889 0.019852941176470587 0.05359477124183006
0 0.42573529411764705 0.023529411764705882 0.010294117647058823 0.047058823529411764
0 0.35110294117647056 0.015032679738562092 0.0125 0.030065359477124184
0 0.38933823529411765 0.02287581699346405 0.0125 0.0457516339869281
0 0.7764705882352941 0.14183006535947712 0.013235294117647059 0.050980392156862744