0 0.509375 0.38425925925925924 0.00625 0.020370370370370372
0 0.8265625 0.4777777777777778 0.009375 0.022222222222222223
0 0.06510416666666667 0.5722222222222222 0.009375 0.03333333333333333
0 0.5182291666666666 0.38333333333333336 0.005208333333333333 0.025925925925925925
0 0.5869791666666667 0.3787037037037037 0.005208333333333333 0.020370370370370372
0 0.6640625 0.3101851851851852 0.005208333333333333 0.020370370370370372
0 0.8661458333333333 0.30092592592592593 0.005208333333333333 0.020370370370370372
0 0.32395833333333335 0.3277777777777778 0.00625 0.022222222222222223
0 0.40260416666666665 0.32407407407407407 0.007291666666666667 0.025925925925925925
0 0.396875 0.28703703703703703 0.00625 0.018518518518518517
0 0.175 0.23796296296296296 0.004166666666666667 0.020370370370370372
0 0.2140625 0.2222222222222222 0.005208333333333333 0.018518518518518517