0 0.5705882352941176 0.9771241830065359 0.010294117647058823 0.01699346405228758
0 0.8073529411764706 0.5686274509803921 0.011764705882352941 0.018300653594771243
0 0.7345588235294118 0.4477124183006536 0.010294117647058823 0.01437908496732026
0 0.7386029411764706 0.4568627450980392 0.008088235294117648 0.01437908496732026
0 0.7525735294117647 0.45751633986928103 0.009558823529411765 0.013071895424836602
0 0.6066176470588235 0.26666666666666666 0.007352941176470588 0.01568627450980392
0 0.7040441176470589 0.11633986928104575 0.009558823529411765 0.018300653594771243
0 0.2286764705882353 0.30718954248366015 0.007352941176470588 0.018300653594771243
0 0.12610294117647058 0.8803921568627451 0.0125 0.011764705882352941
0 0.1150735294117647 0.9143790849673202 0.015441176470588236 0.01437908496732026
0 0.11838235294117647 0.907843137254902 0.010294117647058823 0.01437908496732026
0 0.39375 0.09019607843137255 0.005147058823529412 0.018300653594771243
0 0.8117647058823529 0.9418300653594771 0.013235294117647059 0.01437908496732026