0 0.6183823529411765 0.36013071895424836 0.007352941176470588 0.03790849673202614
0 0.6261029411764706 0.35555555555555557 0.005147058823529412 0.03137254901960784
0 0.6283088235294118 0.36797385620915035 0.008088235294117648 0.040522875816993466
0 0.6330882352941176 0.3581699346405229 0.007352941176470588 0.036601307189542485
0 0.7011029411764705 0.41568627450980394 0.009558823529411765 0.03137254901960784
0 0.8261029411764705 0.677124183006536 0.016911764705882352 0.07320261437908497
0 0.8341911764705883 0.6869281045751634 0.011029411764705883 0.043137254901960784
0 0.856985294117647 0.6803921568627451 0.016911764705882352 0.07450980392156863
0 0.84375 0.7333333333333333 0.01838235294117647 0.08104575163398693
0 0.9025735294117647 0.8640522875816994 0.019852941176470587 0.09673202614379085
0 0.5503676470588236 0.27058823529411763 0.008088235294117648 0.026143790849673203
0 0.5518382352941177 0.19738562091503267 0.005147058823529412 0.018300653594771243
0 0.47610294117647056 0.1111111111111111 0.0022058823529411764 0.00784313725490196
0 0.4768382352941177 0.11568627450980393 0.003676470588235294 0.01699346405228758
0 0.4963235294117647 0.11699346405228758 0.004411764705882353 0.01699346405228758
0 0.4783088235294118 0.06797385620915032 0.0022058823529411764 0.01045751633986928
0 0.15845588235294117 0.434640522875817 0.009558823529411765 0.043137254901960784
0 0.36580882352941174 0.18366013071895426 0.005147058823529412 0.02483660130718954
0 0.3816176470588235 0.19869281045751633 0.004411764705882353 0.018300653594771243
0 0.38786764705882354 0.19934640522875818 0.005147058823529412 0.0196078431372549
0 0.4525735294117647 0.06274509803921569 0.0022058823529411764 0.01045751633986928
0 0.7588235294117647 0.30980392156862746 0.0058823529411764705 0.03398692810457516
0 0.756985294117647 0.30718954248366015 0.008088235294117648 0.03398692810457516
0 0.7485294117647059 0.30718954248366015 0.007352941176470588 0.0392156862745098
0 0.7470588235294118 0.28888888888888886 0.008823529411764706 0.026143790849673203
0 0.7400735294117647 0.31699346405228757 0.006617647058823529 0.040522875816993466
0 0.7275735294117647 0.28431372549019607 0.008088235294117648 0.022222222222222223
0 0.7371323529411765 0.28366013071895424 0.009558823529411765 0.023529411764705882
0 0.7139705882352941 0.2849673202614379 0.008823529411764706 0.026143790849673203
0 0.6930147058823529 0.3006535947712418 0.006617647058823529 0.03398692810457516
0 0.5988970588235294 0.21568627450980393 0.005147058823529412 0.023529411764705882
0 0.5875 0.14836601307189543 0.004411764705882353 0.01699346405228758
0 0.6338235294117647 0.15359477124183007 0.004411764705882353 0.0196078431372549
0 0.6422794117647059 0.1607843137254902 0.0022058823529411764 0.01568627450980392
0 0.64375 0.14705882352941177 0.003676470588235294 0.01699346405228758
0 0.6459558823529412 0.1477124183006536 0.0022058823529411764 0.01568627450980392
0 0.6584558823529412 0.1784313725490196 0.003676470588235294 0.01699346405228758
0 0.5838235294117647 0.1326797385620915 0.004411764705882353 0.01699346405228758
0 0.586764705882353 0.1287581699346405 0.0029411764705882353 0.01437908496732026
0 0.5716911764705882 0.11830065359477124 0.003676470588235294 0.01699346405228758