0 0.5591911764705882 0.7294117647058823 0.02426470588235294 0.09934640522875816
0 0.6283088235294118 0.7470588235294118 0.019852941176470587 0.09281045751633987
0 0.6389705882352941 0.730718954248366 0.022058823529411766 0.09411764705882353
0 0.7731617647058824 0.6640522875816993 0.019852941176470587 0.08366013071895424
0 0.8091911764705882 0.6973856209150326 0.02426470588235294 0.07712418300653595
0 0.6915441176470588 0.5869281045751634 0.01838235294117647 0.0784313725490196
0 0.052573529411764706 0.7300653594771241 0.027205882352941177 0.10065359477124183
0 0.09044117647058823 0.6738562091503268 0.025 0.09542483660130718
0 0.09669117647058824 0.5 0.01838235294117647 0.06928104575163399
0 0.12022058823529412 0.49411764705882355 0.021323529411764706 0.06797385620915032
0 0.13051470588235295 0.39738562091503266 0.015441176470588236 0.06013071895424837
0 0.09301470588235294 0.3862745098039216 0.011029411764705883 0.058823529411764705
0 0.10992647058823529 0.40326797385620916 0.013970588235294118 0.032679738562091505
0 0.33345588235294116 0.3993464052287582 0.016911764705882352 0.05359477124183006
0 0.5522058823529412 0.4745098039215686 0.013235294117647059 0.06797385620915032
0 0.6301470588235294 0.44901960784313727 0.01764705882352941 0.06405228758169934
0 0.6591911764705882 0.45359477124183006 0.01838235294117647 0.06013071895424837
0 0.6058823529411764 0.45816993464052286 0.022058823529411766 0.06405228758169934
0 0.6014705882352941 0.4594771241830065 0.014705882352941176 0.043137254901960784
0 0.5558823529411765 0.296078431372549 0.011764705882352941 0.05359477124183006
0 0.5411764705882353 0.2980392156862745 0.008823529411764706 0.0392156862745098
0 0.5040441176470588 0.40522875816993464 0.015441176470588236 0.04183006535947712
0 0.7470588235294118 0.6379084967320261 0.01911764705882353 0.07320261437908497
0 0.9018382352941177 0.42287581699346405 0.0125 0.06405228758169934
0 0.9455882352941176 0.40784313725490196 0.020588235294117647 0.06274509803921569
0 0.9441176470588235 0.4013071895424837 0.01764705882352941 0.06274509803921569
0 0.052941176470588235 0.10326797385620914 0.007352941176470588 0.03398692810457516
0 0.7599264705882353 0.12026143790849673 0.005147058823529412 0.03398692810457516