0 0.4551470588235294 0.4045751633986928 0.008823529411764706 0.0457516339869281
0 0.4426470588235294 0.4045751633986928 0.010294117647058823 0.0457516339869281
0 0.43308823529411766 0.4150326797385621 0.013235294117647059 0.0457516339869281
0 0.24485294117647058 0.4699346405228758 0.014705882352941176 0.05359477124183006
0 0.7448529411764706 0.4516339869281046 0.013235294117647059 0.040522875816993466
0 0.5676470588235294 0.3359477124183007 0.011764705882352941 0.047058823529411764
0 0.538235294117647 0.2607843137254902 0.008823529411764706 0.040522875816993466
0 0.5316176470588235 0.2627450980392157 0.008823529411764706 0.044444444444444446
0 0.5183823529411765 0.2549019607843137 0.010294117647058823 0.0392156862745098
0 0.5301470588235294 0.20522875816993463 0.008823529411764706 0.04183006535947712
0 0.3764705882352941 0.39673202614379083 0.010294117647058823 0.0457516339869281
0 0.2584558823529412 0.23137254901960785 0.011029411764705883 0.026143790849673203
0 0.26029411764705884 0.22549019607843138 0.008823529411764706 0.022222222222222223
0 0.27904411764705883 0.16209150326797386 0.009558823529411765 0.036601307189542485
0 0.29044117647058826 0.15816993464052287 0.008823529411764706 0.0392156862745098
0 0.4636029411764706 0.06274509803921569 0.006617647058823529 0.03398692810457516