0 0.5541666666666667 0.9638888888888889 0.01875 0.07222222222222222
0 0.5677083333333334 0.962037037037037 0.016666666666666666 0.07592592592592592
0 0.5333333333333333 0.6527777777777778 0.010416666666666666 0.03148148148148148
0 0.40677083333333336 0.612037037037037 0.011458333333333333 0.03148148148148148
0 0.4140625 0.612037037037037 0.009375 0.03888888888888889
0 0.4359375 0.6101851851851852 0.009375 0.04259259259259259
0 0.4505208333333333 0.5305555555555556 0.007291666666666667 0.027777777777777776
0 0.5151041666666667 0.5092592592592593 0.007291666666666667 0.025925925925925925
0 0.45208333333333334 0.4703703703703704 0.00625 0.018518518518518517
0 0.1765625 0.5166666666666667 0.011458333333333333 0.025925925925925925
0 0.1796875 0.49722222222222223 0.011458333333333333 0.03888888888888889
0 0.7145833333333333 0.875 0.022916666666666665 0.046296296296296294