0 0.525 0.2856209150326797 0.004411764705882353 0.02483660130718954
0 0.6139705882352942 0.2758169934640523 0.007352941176470588 0.02091503267973856
0 0.7305147058823529 0.39738562091503266 0.008088235294117648 0.02875816993464052
0 0.31691176470588234 0.3045751633986928 0.0058823529411764705 0.02091503267973856
0 0.5830882352941177 0.9509803921568627 0.020588235294117647 0.048366013071895426
0 0.6297794117647059 0.7816993464052288 0.013970588235294118 0.06535947712418301
0 0.6400735294117647 0.7581699346405228 0.011029411764705883 0.05751633986928104
0 0.8393382352941177 0.7196078431372549 0.016911764705882352 0.05620915032679739
0 0.7724264705882353 0.5732026143790849 0.008088235294117648 0.0457516339869281
0 0.1650735294117647 0.2928104575163399 0.005147058823529412 0.02875816993464052
0 0.05514705882352941 0.31437908496732025 0.007352941176470588 0.027450980392156862
0 0.05919117647058823 0.3111111111111111 0.006617647058823529 0.03137254901960784
0 0.040808823529411765 0.3366013071895425 0.006617647058823529 0.02483660130718954
0 0.04889705882352941 0.3333333333333333 0.009558823529411765 0.023529411764705882
0 0.22720588235294117 0.35751633986928105 0.008823529411764706 0.032679738562091505
0 0.22573529411764706 0.34967320261437906 0.007352941176470588 0.030065359477124184
0 0.34816176470588234 0.056862745098039215 0.0022058823529411764 0.006535947712418301
0 0.3996323529411765 0.11960784313725491 0.0022058823529411764 0.011764705882352941
0 0.2363970588235294 0.1300653594771242 0.0022058823529411764 0.01699346405228758
0 0.23308823529411765 0.12941176470588237 0.0029411764705882353 0.013071895424836602
0 0.21507352941176472 0.15947712418300652 0.005147058823529412 0.013071895424836602
0 0.8091911764705882 0.3202614379084967 0.005147058823529412 0.026143790849673203
0 0.8051470588235294 0.3150326797385621 0.0058823529411764705 0.02875816993464052
0 0.9606617647058824 0.48169934640522877 0.008088235294117648 0.032679738562091505
0 0.5786764705882353 0.3477124183006536 0.004411764705882353 0.02875816993464052
0 0.5886029411764706 0.3503267973856209 0.005147058823529412 0.02875816993464052
0 0.59375 0.32287581699346407 0.003676470588235294 0.02875816993464052
0 0.5863970588235294 0.32483660130718955 0.003676470588235294 0.027450980392156862
0 0.5838235294117647 0.3215686274509804 0.004411764705882353 0.02875816993464052