0 0.50625 0.01895424836601307 0.003676470588235294 0.011764705882352941
0 0.20625 0.465359477124183 0.009558823529411765 0.04183006535947712
0 0.20955882352941177 0.6503267973856209 0.008823529411764706 0.0457516339869281
0 0.2889705882352941 0.3196078431372549 0.007352941176470588 0.030065359477124184
0 0.34301470588235294 0.20980392156862746 0.006617647058823529 0.02483660130718954
0 0.3327205882352941 0.2150326797385621 0.006617647058823529 0.022222222222222223
0 0.2783088235294118 0.14575163398692811 0.005147058823529412 0.0196078431372549
0 0.2716911764705882 0.14705882352941177 0.005147058823529412 0.0196078431372549
0 0.3602941176470588 0.1542483660130719 0.0058823529411764705 0.023529411764705882
0 0.4128676470588235 0.21372549019607842 0.005147058823529412 0.022222222222222223
0 0.4128676470588235 0.2875816993464052 0.006617647058823529 0.023529411764705882
0 0.6386029411764705 0.550326797385621 0.009558823529411765 0.04183006535947712
0 0.7301470588235294 0.3215686274509804 0.0058823529411764705 0.018300653594771243
0 0.5735294117647058 0.169281045751634 0.004411764705882353 0.02483660130718954
0 0.6150735294117647 0.35947712418300654 0.006617647058823529 0.02875816993464052
0 0.6341911764705882 0.4019607843137255 0.006617647058823529 0.022222222222222223
0 0.6334558823529411 0.3980392156862745 0.008088235294117648 0.030065359477124184
0 0.47757352941176473 0.1287581699346405 0.003676470588235294 0.01437908496732026
0 0.5084558823529411 0.09477124183006536 0.003676470588235294 0.011764705882352941