0 0.03860294117647059 0.12941176470588237 0.005147058823529412 0.013071895424836602
0 0.039338235294117646 0.1326797385620915 0.003676470588235294 0.011764705882352941
0 0.03602941176470588 0.05947712418300653 0.0029411764705882353 0.01699346405228758
0 0.0974264705882353 0.07973856209150326 0.003676470588235294 0.018300653594771243
0 0.16838235294117648 0.11241830065359477 0.0058823529411764705 0.023529411764705882
0 0.22242647058823528 0.12156862745098039 0.005147058823529412 0.026143790849673203
0 0.22977941176470587 0.11895424836601307 0.005147058823529412 0.026143790849673203
0 0.28823529411764703 0.16666666666666666 0.007352941176470588 0.027450980392156862
0 0.5834558823529412 0.5176470588235295 0.021323529411764706 0.06797385620915032
0 0.9584558823529412 0.42745098039215684 0.015441176470588236 0.036601307189542485
0 0.9547794117647059 0.4196078431372549 0.015441176470588236 0.036601307189542485
0 0.825735294117647 0.33202614379084966 0.011764705882352941 0.03137254901960784
0 0.8286764705882353 0.33398692810457514 0.011764705882352941 0.027450980392156862
0 0.8742647058823529 0.2222222222222222 0.007352941176470588 0.03398692810457516
0 0.6753676470588236 0.3477124183006536 0.009558823529411765 0.023529411764705882
0 0.6522058823529412 0.3111111111111111 0.010294117647058823 0.05751633986928104
0 0.8088235294117647 0.2627450980392157 0.008823529411764706 0.044444444444444446
0 0.7345588235294118 0.27908496732026145 0.010294117647058823 0.030065359477124184
0 0.7246323529411764 0.27908496732026145 0.009558823529411765 0.030065359477124184
0 0.8080882352941177 0.23137254901960785 0.004411764705882353 0.023529411764705882
0 0.8132352941176471 0.22483660130718955 0.004411764705882353 0.026143790849673203
0 0.6393382352941176 0.18758169934640523 0.006617647058823529 0.03529411764705882
0 0.5926470588235294 0.18823529411764706 0.008823529411764706 0.03398692810457516
0 0.4838235294117647 0.1503267973856209 0.007352941176470588 0.01568627450980392
0 0.3985294117647059 0.1503267973856209 0.0058823529411764705 0.02091503267973856
0 0.4051470588235294 0.15098039215686274 0.004411764705882353 0.022222222222222223