0 0.5264705882352941 0.23986928104575164 0.007352941176470588 0.03790849673202614
0 0.5808823529411765 0.2150326797385621 0.007352941176470588 0.03529411764705882
0 0.5525735294117647 0.10326797385620914 0.003676470588235294 0.026143790849673203
0 0.544485294117647 0.10915032679738562 0.003676470588235294 0.027450980392156862
0 0.5194852941176471 0.03790849673202614 0.003676470588235294 0.01568627450980392
0 0.15441176470588236 0.8156862745098039 0.01911764705882353 0.07320261437908497
0 0.42426470588235293 0.11960784313725491 0.004411764705882353 0.027450980392156862
0 0.27683823529411766 0.5163398692810458 0.013970588235294118 0.05228758169934641
0 0.5029411764705882 0.29673202614379085 0.007352941176470588 0.036601307189542485
0 0.4308823529411765 0.2196078431372549 0.007352941176470588 0.03137254901960784
0 0.43676470588235294 0.32287581699346407 0.008823529411764706 0.03137254901960784
0 0.3360294117647059 0.734640522875817 0.014705882352941176 0.05228758169934641