0 0.5302083333333333 0.3611111111111111 0.004166666666666667 0.014814814814814815
0 0.5411458333333333 0.37777777777777777 0.003125 0.014814814814814815
0 0.5328125 0.37777777777777777 0.003125 0.007407407407407408
0 0.5078125 0.43333333333333335 0.005208333333333333 0.014814814814814815
0 0.49322916666666666 0.4759259259259259 0.005208333333333333 0.025925925925925925
0 0.5119791666666667 0.4842592592592593 0.005208333333333333 0.020370370370370372
0 0.5546875 0.487962962962963 0.005208333333333333 0.027777777777777776
0 0.5770833333333333 0.5009259259259259 0.00625 0.027777777777777776
0 0.5104166666666666 0.537962962962963 0.004166666666666667 0.012962962962962963
0 0.5104166666666666 0.537962962962963 0.00625 0.024074074074074074
0 0.5432291666666667 0.5324074074074074 0.005208333333333333 0.016666666666666666
0 0.5213541666666667 0.587037037037037 0.003125 0.018518518518518517
0 0.5265625 0.5879629629629629 0.005208333333333333 0.020370370370370372
0 0.5333333333333333 0.6138888888888889 0.00625 0.04259259259259259
0 0.42135416666666664 0.524074074074074 0.005208333333333333 0.02962962962962963
0 0.4875 0.5462962962962963 0.00625 0.018518518518518517
0 0.5036458333333333 0.5555555555555556 0.007291666666666667 0.025925925925925925
0 0.46510416666666665 0.6203703703703703 0.005208333333333333 0.03333333333333333
0 0.459375 0.6203703703703703 0.00625 0.037037037037037035
0 0.5 0.575 0.00625 0.027777777777777776
0 0.42604166666666665 0.7796296296296297 0.008333333333333333 0.025925925925925925
0 0.4239583333333333 0.7953703703703704 0.0125 0.04259259259259259
0 0.5083333333333333 0.8583333333333333 0.0125 0.06111111111111111
0 0.38125 0.5962962962962963 0.008333333333333333 0.03333333333333333
0 0.3515625 0.7888888888888889 0.009375 0.040740740740740744
0 0.3203125 0.8296296296296296 0.009375 0.04814814814814815
0 0.303125 0.837037037037037 0.008333333333333333 0.05185185185185185
0 0.5682291666666667 0.8638888888888889 0.011458333333333333 0.04259259259259259
0 0.5953125 0.8953703703703704 0.007291666666666667 0.06111111111111111
0 0.5973958333333333 0.8675925925925926 0.009375 0.03888888888888889
0 0.5697916666666667 0.812037037037037 0.008333333333333333 0.05
0 0.6078125 0.774074074074074 0.013541666666666667 0.03333333333333333
0 0.5984375 0.7296296296296296 0.011458333333333333 0.037037037037037035
0 0.5703125 0.7481481481481481 0.013541666666666667 0.040740740740740744
0 0.8286458333333333 0.7657407407407407 0.015625 0.053703703703703705
0 0.7489583333333333 0.8407407407407408 0.0125 0.044444444444444446
0 0.7276041666666667 0.8314814814814815 0.011458333333333333 0.04814814814814815
0 0.7421875 0.8185185185185185 0.013541666666666667 0.044444444444444446