0 0.569485294117647 0.8928104575163399 0.009558823529411765 0.04183006535947712
0 0.5485294117647059 0.5522875816993464 0.007352941176470588 0.030065359477124184
0 0.4294117647058823 0.4627450980392157 0.0058823529411764705 0.02091503267973856
0 0.3966911764705882 0.26209150326797387 0.005147058823529412 0.022222222222222223
0 0.47205882352941175 0.14313725490196078 0.0029411764705882353 0.01437908496732026
0 0.475 0.14052287581699346 0.0029411764705882353 0.01437908496732026
0 0.5136029411764705 0.10261437908496732 0.0022058823529411764 0.011764705882352941
0 0.6235294117647059 0.19019607843137254 0.004411764705882353 0.02483660130718954
0 0.5955882352941176 0.22549019607843138 0.004411764705882353 0.0196078431372549
0 0.6227941176470588 0.22875816993464052 0.0029411764705882353 0.02091503267973856
0 0.5128676470588235 0.027450980392156862 0.0022058823529411764 0.00784313725490196