0 0.1625 0.6851851851851852 0.01875 0.040740740740740744
0 0.19114583333333332 0.6768518518518518 0.015625 0.03888888888888889
0 0.21770833333333334 0.6675925925925926 0.014583333333333334 0.05740740740740741
0 0.203125 0.6601851851851852 0.014583333333333334 0.03888888888888889
0 0.21666666666666667 0.649074074074074 0.0125 0.03518518518518519
0 0.18489583333333334 0.7074074074074074 0.017708333333333333 0.037037037037037035
0 0.025520833333333333 0.5805555555555556 0.013541666666666667 0.05
0 0.4703125 0.3648148148148148 0.009375 0.02962962962962963
0 0.49375 0.3731481481481482 0.008333333333333333 0.024074074074074074
0 0.7989583333333333 0.19074074074074074 0.00625 0.022222222222222223
0 0.85625 0.2175925925925926 0.004166666666666667 0.024074074074074074
0 0.884375 0.11666666666666667 0.004166666666666667 0.014814814814814815
0 0.8703125 0.10092592592592593 0.003125 0.012962962962962963