0 0.3029411764705882 0.7633986928104575 0.014705882352941176 0.06797385620915032
0 0.3176470588235294 0.7660130718954249 0.014705882352941176 0.06797385620915032
0 0.33088235294117646 0.7098039215686275 0.014705882352941176 0.06797385620915032
0 0.31727941176470587 0.5437908496732026 0.011029411764705883 0.05228758169934641
0 0.3286764705882353 0.5437908496732026 0.011764705882352941 0.05228758169934641
0 0.5591911764705882 0.3633986928104575 0.008088235294117648 0.04183006535947712
0 0.5654411764705882 0.3738562091503268 0.007352941176470588 0.04183006535947712
0 0.5533088235294118 0.4562091503267974 0.013970588235294118 0.044444444444444446
0 0.38823529411764707 0.4196078431372549 0.008823529411764706 0.0392156862745098
0 0.5430147058823529 0.2934640522875817 0.009558823529411765 0.032679738562091505
0 0.5433823529411764 0.29934640522875816 0.007352941176470588 0.026143790849673203
0 0.5455882352941176 0.26601307189542484 0.008823529411764706 0.03790849673202614
0 0.4808823529411765 0.2437908496732026 0.008823529411764706 0.032679738562091505
0 0.3452205882352941 0.24313725490196078 0.005147058823529412 0.036601307189542485
0 0.07610294117647058 0.14313725490196078 0.008088235294117648 0.032679738562091505
0 0.39191176470588235 0.0915032679738562 0.0058823529411764705 0.026143790849673203
0 0.39742647058823527 0.0915032679738562 0.003676470588235294 0.02875816993464052
0 0.4073529411764706 0.04183006535947712 0.004411764705882353 0.023529411764705882
0 0.4033088235294118 0.14248366013071895 0.006617647058823529 0.026143790849673203
0 0.4117647058823529 0.12679738562091503 0.0058823529411764705 0.02875816993464052
0 0.42573529411764705 0.07320261437908497 0.004411764705882353 0.018300653594771243
0 0.5272058823529412 0.10196078431372549 0.004411764705882353 0.026143790849673203
0 0.5334558823529412 0.1 0.005147058823529412 0.02483660130718954
0 0.5110294117647058 0.058823529411764705 0.004411764705882353 0.018300653594771243