0 0.9106617647058823 0.9431372549019608 0.027205882352941177 0.10326797385620914
0 0.10514705882352941 0.6196078431372549 0.020588235294117647 0.07320261437908497
0 0.1775735294117647 0.515686274509804 0.021323529411764706 0.06405228758169934
0 0.20772058823529413 0.5176470588235295 0.015441176470588236 0.06274509803921569
0 0.19779411764705881 0.4673202614379085 0.01764705882352941 0.06143790849673202
0 0.5397058823529411 0.24836601307189543 0.0058823529411764705 0.03137254901960784
0 0.3897058823529412 0.15098039215686274 0.004411764705882353 0.01437908496732026
0 0.4036764705882353 0.1588235294117647 0.0058823529411764705 0.01437908496732026
0 0.38786764705882354 0.17320261437908496 0.003676470588235294 0.01699346405228758
0 0.45 0.20326797385620915 0.007352941176470588 0.022222222222222223
0 0.4621323529411765 0.19738562091503267 0.005147058823529412 0.018300653594771243