0 0.5580729166666667 0.3699074074074074 0.0036458333333333334 0.017592592592592594
0 0.49583333333333335 0.35694444444444445 0.005208333333333333 0.026851851851851852
0 0.5002604166666667 0.3592592592592593 0.0046875 0.022222222222222223
0 0.4895833333333333 0.34074074074074073 0.005208333333333333 0.020370370370370372
0 0.41875 0.43333333333333335 0.005208333333333333 0.03333333333333333
0 0.5411458333333333 0.3962962962962963 0.005208333333333333 0.027777777777777776
0 0.265625 0.4212962962962963 0.011458333333333333 0.04259259259259259
0 0.28463541666666664 0.4074074074074074 0.0067708333333333336 0.037037037037037035
0 0.30026041666666664 0.4074074074074074 0.0078125 0.040740740740740744
0 0.32838541666666665 0.45787037037037037 0.009895833333333333 0.03611111111111111
0 0.2609375 0.3921296296296296 0.00625 0.030555555555555555
0 0.28151041666666665 0.39444444444444443 0.0067708333333333336 0.025925925925925925
0 0.29921875 0.39305555555555555 0.005729166666666666 0.025
0 0.7942708333333334 0.49166666666666664 0.0125 0.053703703703703705
0 0.89609375 0.35833333333333334 0.005729166666666666 0.018518518518518517
0 0.89375 0.37453703703703706 0.005208333333333333 0.021296296296296296
0 0.884375 0.37777777777777777 0.005208333333333333 0.024074074074074074
0 0.8776041666666666 0.3763888888888889 0.005208333333333333 0.021296296296296296
0 0.8786458333333333 0.39490740740740743 0.005208333333333333 0.025
0 0.8838541666666667 0.3976851851851852 0.005208333333333333 0.023148148148148147
0 0.8776041666666666 0.4444444444444444 0.009375 0.037037037037037035
0 0.865625 0.4666666666666667 0.007291666666666667 0.03888888888888889
0 0.8583333333333333 0.4824074074074074 0.008333333333333333 0.04259259259259259
0 0.8942708333333333 0.5087962962962963 0.015625 0.028703703703703703
0 0.8953125 0.5009259259259259 0.014583333333333334 0.03333333333333333
0 0.89375 0.5657407407407408 0.017708333333333333 0.053703703703703705
0 0.8796875 0.6282407407407408 0.017708333333333333 0.0712962962962963
0 0.8622395833333333 0.6263888888888889 0.016145833333333335 0.0712962962962963
0 0.8442708333333333 0.5736111111111111 0.013541666666666667 0.06574074074074074
0 0.86953125 0.5893518518518519 0.015104166666666667 0.05277777777777778
0 0.6768229166666667 0.7231481481481481 0.015104166666666667 0.07777777777777778
0 0.10286458333333333 0.6097222222222223 0.0171875 0.0712962962962963
0 0.0453125 0.5861111111111111 0.016666666666666666 0.06111111111111111
0 0.19973958333333333 0.5694444444444444 0.016145833333333335 0.053703703703703705
0 0.25807291666666665 0.5527777777777778 0.016145833333333335 0.04814814814814815
0 0.290625 0.5333333333333333 0.017708333333333333 0.05185185185185185
0 0.5919270833333333 0.3578703703703704 0.0046875 0.021296296296296296
0 0.5994791666666667 0.35648148148148145 0.00625 0.016666666666666666
0 0.7700520833333333 0.46111111111111114 0.008854166666666666 0.037037037037037035
0 0.7833333333333333 0.4615740740740741 0.008333333333333333 0.032407407407407406
0 0.7877604166666666 0.44907407407407407 0.009895833333333333 0.03148148148148148
0 0.7869791666666667 0.4222222222222222 0.009375 0.02962962962962963
0 0.8184895833333333 0.38333333333333336 0.0078125 0.016666666666666666