0 0.36580882352941174 0.40980392156862744 0.006617647058823529 0.022222222222222223
0 0.36764705882352944 0.40588235294117647 0.0058823529411764705 0.027450980392156862
0 0.36911764705882355 0.40588235294117647 0.0058823529411764705 0.027450980392156862
0 0.5011029411764706 0.33790849673202616 0.006617647058823529 0.0196078431372549
0 0.5147058823529411 0.33137254901960783 0.0058823529411764705 0.0196078431372549
0 0.2757352941176471 0.296078431372549 0.004411764705882353 0.022222222222222223
0 0.27205882352941174 0.29477124183006537 0.0058823529411764705 0.027450980392156862
0 0.3588235294117647 0.3686274509803922 0.007352941176470588 0.036601307189542485
0 0.3518382352941177 0.3686274509803922 0.006617647058823529 0.036601307189542485
0 0.7647058823529411 0.3627450980392157 0.007352941176470588 0.0196078431372549
0 0.7731617647058824 0.3333333333333333 0.006617647058823529 0.02875816993464052
0 0.7705882352941177 0.3281045751633987 0.0058823529411764705 0.02875816993464052
0 0.7536764705882353 0.3241830065359477 0.007352941176470588 0.023529411764705882
0 0.5033088235294118 0.24640522875816995 0.003676470588235294 0.01699346405228758
0 0.5992647058823529 0.2718954248366013 0.004411764705882353 0.023529411764705882
0 0.6025735294117647 0.2738562091503268 0.003676470588235294 0.022222222222222223
0 0.48308823529411765 0.17712418300653596 0.004411764705882353 0.0196078431372549
0 0.48676470588235293 0.17516339869281045 0.004411764705882353 0.018300653594771243
0 0.3985294117647059 0.2784313725490196 0.0029411764705882353 0.026143790849673203
0 0.4051470588235294 0.2784313725490196 0.0029411764705882353 0.018300653594771243
0 0.4011029411764706 0.2784313725490196 0.003676470588235294 0.018300653594771243