0 0.12022058823529412 0.7784313725490196 0.0125 0.05359477124183006
0 0.12720588235294117 0.7601307189542483 0.013235294117647059 0.050980392156862744
0 0.13566176470588234 0.7522875816993464 0.0125 0.05359477124183006
0 0.6360294117647058 0.7411764705882353 0.013235294117647059 0.047058823529411764
0 0.31433823529411764 0.5633986928104575 0.008088235294117648 0.036601307189542485
0 0.31580882352941175 0.5594771241830065 0.005147058823529412 0.02875816993464052
0 0.26948529411764705 0.3581699346405229 0.005147058823529412 0.01568627450980392
0 0.2661764705882353 0.3568627450980392 0.0058823529411764705 0.018300653594771243
0 0.4488970588235294 0.36405228758169933 0.005147058823529412 0.01699346405228758
0 0.4713235294117647 0.2718954248366013 0.0029411764705882353 0.00784313725490196
0 0.5400735294117647 0.30915032679738563 0.003676470588235294 0.011764705882352941
0 0.5698529411764706 0.361437908496732 0.004411764705882353 0.0196078431372549
0 0.5404411764705882 0.40326797385620916 0.007352941176470588 0.022222222222222223
0 0.5702205882352941 0.4013071895424837 0.005147058823529412 0.02091503267973856
0 0.3654411764705882 0.3137254901960784 0.0058823529411764705 0.01568627450980392
0 0.3625 0.42026143790849674 0.0058823529411764705 0.022222222222222223
0 0.5970588235294118 0.3568627450980392 0.0029411764705882353 0.013071895424836602
0 0.5966911764705882 0.3535947712418301 0.003676470588235294 0.01437908496732026
0 0.8731617647058824 0.803921568627451 0.015441176470588236 0.06535947712418301