0 0.07095588235294117 0.7411764705882353 0.016911764705882352 0.04967320261437908
0 0.775 0.9581699346405229 0.01764705882352941 0.054901960784313725
0 0.6441176470588236 0.6104575163398693 0.010294117647058823 0.06013071895424837
0 0.6922794117647059 0.5777777777777777 0.0125 0.05228758169934641
0 0.7128676470588236 0.5751633986928104 0.009558823529411765 0.047058823529411764
0 0.6794117647058824 0.5633986928104575 0.010294117647058823 0.05228758169934641
0 0.6856617647058824 0.5339869281045752 0.008088235294117648 0.0457516339869281
0 0.6569852941176471 0.5084967320261438 0.009558823529411765 0.02875816993464052
0 0.6628676470588235 0.5058823529411764 0.009558823529411765 0.03398692810457516
0 0.6411764705882353 0.4869281045751634 0.013235294117647059 0.043137254901960784
0 0.40294117647058825 0.5339869281045752 0.013235294117647059 0.0457516339869281
0 0.3977941176470588 0.5032679738562091 0.010294117647058823 0.03398692810457516
0 0.40698529411764706 0.5006535947712418 0.011029411764705883 0.03398692810457516
0 0.46691176470588236 0.5032679738562091 0.011764705882352941 0.03398692810457516
0 0.4738970588235294 0.48627450980392156 0.011029411764705883 0.03137254901960784
0 0.4536764705882353 0.46339869281045754 0.008823529411764706 0.032679738562091505
0 0.4702205882352941 0.4065359477124183 0.011029411764705883 0.02875816993464052
0 0.53125 0.4130718954248366 0.009558823529411765 0.02875816993464052
0 0.37941176470588234 0.43529411764705883 0.011764705882352941 0.02875816993464052
0 0.40625 0.34901960784313724 0.009558823529411765 0.03137254901960784
0 0.38823529411764707 0.3509803921568627 0.008823529411764706 0.030065359477124184
0 0.3871323529411765 0.34509803921568627 0.005147058823529412 0.018300653594771243
0 0.5319852941176471 0.22156862745098038 0.005147058823529412 0.022222222222222223
0 0.680514705882353 0.3764705882352941 0.008088235294117648 0.03398692810457516
0 0.425 0.23529411764705882 0.0058823529411764705 0.02091503267973856
0 0.5191176470588236 0.21633986928104576 0.0029411764705882353 0.01699346405228758
0 0.3827205882352941 0.16862745098039217 0.003676470588235294 0.018300653594771243
0 0.44816176470588237 0.1607843137254902 0.003676470588235294 0.013071895424836602
0 0.5154411764705882 0.16209150326797386 0.0029411764705882353 0.013071895424836602
0 0.50625 0.12483660130718954 0.003676470588235294 0.011764705882352941
0 0.4632352941176471 0.1084967320261438 0.0029411764705882353 0.01045751633986928
0 0.4647058823529412 0.09477124183006536 0.0029411764705882353 0.009150326797385621
0 0.46911764705882353 0.08627450980392157 0.0029411764705882353 0.00784313725490196
0 0.5077205882352941 0.09084967320261438 0.0022058823529411764 0.009150326797385621
0 0.4551470588235294 0.12483660130718954 0.0029411764705882353 0.01437908496732026
0 0.4091911764705882 0.1326797385620915 0.003676470588235294 0.01437908496732026
0 0.2827205882352941 0.2477124183006536 0.005147058823529412 0.022222222222222223
0 0.28713235294117645 0.2477124183006536 0.003676470588235294 0.0196078431372549
0 0.28860294117647056 0.2437908496732026 0.003676470588235294 0.0196078431372549
0 0.6176470588235294 0.3477124183006536 0.0058823529411764705 0.023529411764705882