0 0.11764705882352941 0.5849673202614379 0.01764705882352941 0.06405228758169934
0 0.12426470588235294 0.3888888888888889 0.014705882352941176 0.043137254901960784
0 0.13786764705882354 0.3836601307189543 0.011029411764705883 0.02483660130718954
0 0.09816176470588235 0.3581699346405229 0.011029411764705883 0.02875816993464052
0 0.1900735294117647 0.338562091503268 0.011029411764705883 0.04183006535947712
0 0.19595588235294117 0.3405228758169935 0.005147058823529412 0.0196078431372549
0 0.3709558823529412 0.2045751633986928 0.006617647058823529 0.027450980392156862
0 0.3522058823529412 0.06209150326797386 0.0058823529411764705 0.01699346405228758
0 0.36911764705882355 0.03790849673202614 0.004411764705882353 0.01568627450980392
0 0.36875 0.016339869281045753 0.0022058823529411764 0.01699346405228758
0 0.3713235294117647 0.016339869281045753 0.0029411764705882353 0.01437908496732026
0 0.46801470588235294 0.14705882352941177 0.006617647058823529 0.02483660130718954
0 0.46838235294117647 0.14705882352941177 0.004411764705882353 0.01699346405228758
0 0.47610294117647056 0.14313725490196078 0.005147058823529412 0.02483660130718954
0 0.4886029411764706 0.32483660130718955 0.011029411764705883 0.040522875816993466
0 0.6591911764705882 0.29411764705882354 0.013970588235294118 0.03398692810457516
0 0.631985294117647 0.24444444444444444 0.005147058823529412 0.036601307189542485
0 0.6 0.17647058823529413 0.004411764705882353 0.03398692810457516
0 0.6073529411764705 0.2130718954248366 0.007352941176470588 0.023529411764705882
0 0.6128676470588236 0.2222222222222222 0.008088235294117648 0.02091503267973856
0 0.6136029411764706 0.21568627450980393 0.008088235294117648 0.026143790849673203
0 0.03235294117647059 0.2549019607843137 0.011764705882352941 0.047058823529411764
0 0.052573529411764706 0.25098039215686274 0.0125 0.04183006535947712