0 0.7536764705882353 0.4418300653594771 0.014705882352941176 0.026143790849673203
0 0.8077205882352941 0.8503267973856209 0.016911764705882352 0.05359477124183006
0 0.8022058823529412 0.8294117647058824 0.025 0.06143790849673202
0 0.31029411764705883 0.7627450980392156 0.016176470588235296 0.06405228758169934
0 0.3551470588235294 0.4954248366013072 0.013235294117647059 0.05228758169934641
0 0.39558823529411763 0.20980392156862746 0.007352941176470588 0.0457516339869281
0 0.899264705882353 0.30130718954248364 0.01764705882352941 0.03529411764705882
0 0.680514705882353 0.2758169934640523 0.008088235294117648 0.047058823529411764
0 0.669485294117647 0.27712418300653596 0.011029411764705883 0.047058823529411764
0 0.6580882352941176 0.2738562091503268 0.010294117647058823 0.050980392156862744
0 0.5794117647058824 0.1869281045751634 0.011764705882352941 0.0392156862745098
0 0.5863970588235294 0.1300653594771242 0.006617647058823529 0.030065359477124184
0 0.5790441176470589 0.12156862745098039 0.0125 0.04183006535947712
0 0.5830882352941177 0.09803921568627451 0.007352941176470588 0.03398692810457516
0 0.10919117647058824 0.0869281045751634 0.015441176470588236 0.050980392156862744
0 0.11875 0.18496732026143792 0.011029411764705883 0.043137254901960784
0 0.10919117647058824 0.17254901960784313 0.011029411764705883 0.026143790849673203
0 0.21544117647058825 0.16862745098039217 0.007352941176470588 0.044444444444444446
0 0.22095588235294117 0.169281045751634 0.006617647058823529 0.030065359477124184
0 0.6698529411764705 0.9437908496732026 0.022058823529411766 0.06797385620915032
0 0.7904411764705882 0.5366013071895425 0.011764705882352941 0.05620915032679739