0 0.7617647058823529 0.5379084967320261 0.014705882352941176 0.043137254901960784
0 0.54375 0.969281045751634 0.0125 0.05359477124183006
0 0.2672794117647059 0.907843137254902 0.0125 0.06666666666666667
0 0.25220588235294117 0.9026143790849673 0.013235294117647059 0.058823529411764705
0 0.2566176470588235 0.8823529411764706 0.01911764705882353 0.05751633986928104
0 0.3341911764705882 0.6431372549019608 0.013970588235294118 0.054901960784313725
0 0.33492647058823527 0.6019607843137255 0.011029411764705883 0.050980392156862744
0 0.26029411764705884 0.5026143790849673 0.010294117647058823 0.0457516339869281
0 0.4838235294117647 0.4947712418300654 0.011764705882352941 0.032679738562091505
0 0.3492647058823529 0.44836601307189544 0.010294117647058823 0.044444444444444446
0 0.4985294117647059 0.10588235294117647 0.004411764705882353 0.023529411764705882
0 0.49301470588235297 0.10392156862745099 0.003676470588235294 0.02483660130718954
0 0.4172794117647059 0.018300653594771243 0.005147058823529412 0.018300653594771243
0 0.49264705882352944 0.047058823529411764 0.004411764705882353 0.02091503267973856