0 0.48802083333333335 0.4898148148148148 0.017708333333333333 0.11296296296296296
0 0.515625 0.5055555555555555 0.01875 0.1037037037037037
0 0.5572916666666666 0.5092592592592593 0.016666666666666666 0.1
0 0.5203125 0.4824074074074074 0.019791666666666666 0.11666666666666667
0 0.5546875 0.48518518518518516 0.011458333333333333 0.044444444444444446
0 0.51875 0.23148148148148148 0.00625 0.037037037037037035
0 0.5239583333333333 0.23148148148148148 0.00625 0.03333333333333333
0 0.6067708333333334 0.21388888888888888 0.005208333333333333 0.03148148148148148
0 0.5317708333333333 0.18796296296296297 0.005208333333333333 0.027777777777777776
0 0.5927083333333333 0.2212962962962963 0.004166666666666667 0.027777777777777776
0 0.7385416666666667 0.20462962962962963 0.008333333333333333 0.03148148148148148
0 0.7348958333333333 0.20462962962962963 0.005208333333333333 0.03148148148148148