0 0.08529411764705883 0.7411764705882353 0.03529411764705882 0.07581699346405228
0 0.7099264705882353 0.5006535947712418 0.021323529411764706 0.06274509803921569
0 0.6577205882352941 0.35490196078431374 0.01838235294117647 0.048366013071895426
0 0.5735294117647058 0.29477124183006537 0.01911764705882353 0.050980392156862744
0 0.5621323529411765 0.23921568627450981 0.016911764705882352 0.06013071895424837
0 0.830514705882353 0.09673202614379085 0.0125 0.05228758169934641
0 0.8169117647058823 0.2235294117647059 0.01764705882352941 0.054901960784313725
0 0.9426470588235294 0.1065359477124183 0.010294117647058823 0.043137254901960784
0 0.9591911764705883 0.12026143790849673 0.01838235294117647 0.04967320261437908
0 0.9253676470588236 0.3477124183006536 0.01838235294117647 0.06535947712418301
0 0.9268382352941177 0.33202614379084966 0.015441176470588236 0.047058823529411764
0 0.9341911764705882 0.33137254901960783 0.015441176470588236 0.058823529411764705
0 0.9838235294117647 0.5045751633986928 0.023529411764705882 0.07581699346405228