0 0.9713235294117647 0.09542483660130718 0.013235294117647059 0.0392156862745098
0 0.4360294117647059 0.42810457516339867 0.01764705882352941 0.06928104575163399
0 0.45625 0.2196078431372549 0.015441176470588236 0.06535947712418301
0 0.3426470588235294 0.34444444444444444 0.01764705882352941 0.06666666666666667
0 0.3584558823529412 0.35751633986928105 0.013970588235294118 0.07450980392156863
0 0.3683823529411765 0.3581699346405229 0.014705882352941176 0.06797385620915032
0 0.36213235294117646 0.330718954248366 0.013970588235294118 0.05228758169934641
0 0.4143382352941177 0.05816993464052288 0.0125 0.05359477124183006
0 0.39191176470588235 0.0542483660130719 0.011764705882352941 0.05620915032679739
0 0.3966911764705882 0.06013071895424837 0.008088235294117648 0.036601307189542485
0 0.5058823529411764 0.04771241830065359 0.014705882352941176 0.0457516339869281
0 0.7727941176470589 0.7738562091503268 0.025 0.07581699346405228
0 0.9768382352941176 0.9464052287581699 0.03455882352941177 0.06797385620915032
0 0.9408088235294118 0.9640522875816994 0.03308823529411765 0.06666666666666667
0 0.9172794117647058 0.9411764705882353 0.02426470588235294 0.05751633986928104
0 0.8492647058823529 0.8633986928104576 0.03676470588235294 0.06405228758169934
0 0.78125 0.961437908496732 0.025735294117647058 0.07712418300653595
0 0.8113970588235294 0.9790849673202614 0.02426470588235294 0.04183006535947712
0 0.6540441176470588 0.7248366013071895 0.01838235294117647 0.07450980392156863
0 0.6577205882352941 0.8823529411764706 0.021323529411764706 0.08366013071895424
0 0.6290441176470588 0.9549019607843138 0.027205882352941177 0.08496732026143791
0 0.6323529411764706 0.8633986928104576 0.025 0.06928104575163399
0 0.6455882352941177 0.8137254901960784 0.022058823529411766 0.08235294117647059
0 0.6033088235294117 0.7836601307189542 0.016911764705882352 0.06143790849673202
0 0.6205882352941177 0.8196078431372549 0.01764705882352941 0.05751633986928104
0 0.5150735294117647 0.681045751633987 0.016911764705882352 0.07058823529411765
0 0.5378676470588235 0.6686274509803921 0.016911764705882352 0.06666666666666667
0 0.5533088235294118 0.6862745098039216 0.016911764705882352 0.07058823529411765
0 0.5378676470588235 0.7607843137254902 0.027205882352941177 0.05751633986928104
0 0.525 0.8006535947712419 0.029411764705882353 0.0718954248366013
0 0.44485294117647056 0.7359477124183007 0.022058823529411766 0.08104575163398693
0 0.39301470588235293 0.7673202614379085 0.021323529411764706 0.08627450980392157
0 0.41102941176470587 0.8509803921568627 0.016176470588235296 0.07320261437908497
0 0.44338235294117645 0.9392156862745098 0.022058823529411766 0.0457516339869281
0 0.3863970588235294 0.9620915032679739 0.02426470588235294 0.07320261437908497
0 0.3764705882352941 0.9405228758169935 0.025 0.05359477124183006
0 0.37058823529411766 0.7418300653594772 0.020588235294117647 0.08496732026143791
0 0.6106617647058824 0.47908496732026146 0.015441176470588236 0.0457516339869281
0 0.6253676470588235 0.4745098039215686 0.02426470588235294 0.05751633986928104
0 0.2286764705882353 0.6313725490196078 0.023529411764705882 0.07581699346405228
0 0.24926470588235294 0.630718954248366 0.025 0.07712418300653595
0 0.24080882352941177 0.8490196078431372 0.02426470588235294 0.08496732026143791
0 0.21691176470588236 0.9470588235294117 0.033823529411764704 0.08758169934640522
0 0.43308823529411766 0.01699346405228758 0.008823529411764706 0.03398692810457516
0 0.3886029411764706 0.8496732026143791 0.027205882352941177 0.06013071895424837
0 0.37941176470588234 0.8627450980392157 0.014705882352941176 0.04967320261437908
0 0.29558823529411765 0.7607843137254902 0.01764705882352941 0.07581699346405228
0 0.27426470588235297 0.7457516339869281 0.023529411764705882 0.07450980392156863
0 0.24632352941176472 0.7823529411764706 0.01764705882352941 0.07712418300653595
0 0.2540441176470588 0.757516339869281 0.025735294117647058 0.06666666666666667
0 0.2702205882352941 0.8627450980392157 0.022794117647058822 0.0784313725490196
0 0.3029411764705882 0.857516339869281 0.022058823529411766 0.06274509803921569
0 0.31948529411764703 0.7947712418300653 0.022794117647058822 0.044444444444444446
0 0.3316176470588235 0.8477124183006536 0.020588235294117647 0.07973856209150326
0 0.2867647058823529 0.8084967320261438 0.01764705882352941 0.050980392156862744
0 0.29558823529411765 0.8215686274509804 0.025 0.050980392156862744
0 0.34963235294117645 0.8111111111111111 0.016911764705882352 0.05620915032679739
0 0.35404411764705884 0.8339869281045752 0.015441176470588236 0.07058823529411765