0 0.43529411764705883 0.2542483660130719 0.0029411764705882353 0.0196078431372549
0 0.5459558823529411 0.25163398692810457 0.003676470588235294 0.011764705882352941
0 0.5459558823529411 0.2503267973856209 0.005147058823529412 0.01437908496732026
0 0.5742647058823529 0.32941176470588235 0.007352941176470588 0.023529411764705882
0 0.6316176470588235 0.25947712418300656 0.004411764705882353 0.0196078431372549
0 0.611764705882353 0.330718954248366 0.007352941176470588 0.026143790849673203
0 0.5617647058823529 0.4797385620915033 0.008823529411764706 0.04183006535947712
0 0.6022058823529411 0.4287581699346405 0.007352941176470588 0.03398692810457516
0 0.6356617647058823 0.5333333333333333 0.009558823529411765 0.026143790849673203
0 0.6338235294117647 0.5209150326797386 0.008823529411764706 0.03529411764705882
0 0.6455882352941177 0.5686274509803921 0.008823529411764706 0.044444444444444446
0 0.6757352941176471 0.5058823529411764 0.007352941176470588 0.04183006535947712
0 0.7893382352941176 0.4947712418300654 0.006617647058823529 0.050980392156862744
0 0.7893382352941176 0.515032679738562 0.005147058823529412 0.026143790849673203
0 0.7959558823529411 0.5169934640522876 0.008088235294117648 0.030065359477124184
0 0.7985294117647059 0.5209150326797386 0.008823529411764706 0.027450980392156862
0 0.8084558823529412 0.5222222222222223 0.009558823529411765 0.032679738562091505
0 0.8691176470588236 0.5490196078431373 0.022058823529411766 0.054901960784313725
0 0.8544117647058823 0.630718954248366 0.013235294117647059 0.05359477124183006
0 0.8875 0.6411764705882353 0.01911764705882353 0.040522875816993466
0 0.9058823529411765 0.692156862745098 0.020588235294117647 0.043137254901960784
0 0.8702205882352941 0.6986928104575163 0.016911764705882352 0.043137254901960784
0 0.8599264705882353 0.7058823529411765 0.021323529411764706 0.044444444444444446
0 0.48713235294117646 0.6091503267973856 0.013970588235294118 0.047058823529411764
0 0.19411764705882353 0.4215686274509804 0.0058823529411764705 0.01699346405228758
0 0.3058823529411765 0.6071895424836601 0.013235294117647059 0.03790849673202614