0 0.33639705882352944 0.6529411764705882 0.011029411764705883 0.058823529411764705
0 0.31323529411764706 0.6522875816993464 0.010294117647058823 0.06013071895424837
0 0.30367647058823527 0.6568627450980392 0.008823529411764706 0.048366013071895426
0 0.3584558823529412 0.9444444444444444 0.013970588235294118 0.0718954248366013
0 0.38529411764705884 0.36797385620915035 0.010294117647058823 0.040522875816993466
0 0.4125 0.21895424836601307 0.0058823529411764705 0.027450980392156862
0 0.4077205882352941 0.1411764705882353 0.005147058823529412 0.02091503267973856
0 0.4125 0.13529411764705881 0.0058823529411764705 0.02483660130718954
0 0.4139705882352941 0.13529411764705881 0.007352941176470588 0.022222222222222223
0 0.4102941176470588 0.09607843137254903 0.0058823529411764705 0.022222222222222223
0 0.40441176470588236 0.10065359477124183 0.004411764705882353 0.026143790849673203
0 0.47352941176470587 0.00718954248366013 0.004411764705882353 0.01437908496732026
0 0.49411764705882355 0.13071895424836602 0.0058823529411764705 0.02091503267973856
0 0.5036764705882353 0.10718954248366012 0.0058823529411764705 0.023529411764705882
0 0.506985294117647 0.1084967320261438 0.003676470588235294 0.023529411764705882
0 0.5125 0.11568627450980393 0.0058823529411764705 0.027450980392156862
0 0.5095588235294117 0.1411764705882353 0.0058823529411764705 0.026143790849673203
0 0.5183823529411765 0.1437908496732026 0.0058823529411764705 0.026143790849673203
0 0.525 0.40261437908496733 0.008823529411764706 0.04183006535947712
0 0.55625 0.43856209150326797 0.006617647058823529 0.0457516339869281
0 0.5503676470588236 0.5699346405228758 0.0125 0.054901960784313725
0 0.5816176470588236 0.5209150326797386 0.010294117647058823 0.040522875816993466
0 0.6058823529411764 0.5437908496732026 0.007352941176470588 0.05228758169934641
0 0.6845588235294118 0.6692810457516339 0.013235294117647059 0.06797385620915032
0 0.6897058823529412 0.6679738562091503 0.013235294117647059 0.06013071895424837
0 0.6613970588235294 0.9287581699346406 0.0125 0.05359477124183006
0 0.6731617647058824 0.9163398692810457 0.01838235294117647 0.07581699346405228
0 0.8044117647058824 0.2196078431372549 0.007352941176470588 0.03398692810457516