0 0.6989583333333333 0.5194444444444445 0.008333333333333333 0.04259259259259259
0 0.4239583333333333 0.3138888888888889 0.004166666666666667 0.024074074074074074
0 0.5276041666666667 0.24722222222222223 0.005208333333333333 0.016666666666666666
0 0.334375 0.47129629629629627 0.00625 0.027777777777777776
0 0.3802083333333333 0.4462962962962963 0.00625 0.022222222222222223
0 0.39375 0.35 0.004166666666666667 0.018518518518518517
0 0.4088541666666667 0.35648148148148145 0.005208333333333333 0.020370370370370372
0 0.5270833333333333 0.30185185185185187 0.004166666666666667 0.014814814814814815
0 0.4901041666666667 0.37037037037037035 0.007291666666666667 0.022222222222222223
0 0.5567708333333333 0.42962962962962964 0.007291666666666667 0.022222222222222223
0 0.5661458333333333 0.42685185185185187 0.005208333333333333 0.020370370370370372
0 0.5390625 0.33611111111111114 0.005208333333333333 0.020370370370370372
0 0.5401041666666667 0.29444444444444445 0.003125 0.014814814814814815
0 0.5317708333333333 0.27685185185185185 0.005208333333333333 0.016666666666666666
0 0.5421875 0.26296296296296295 0.003125 0.018518518518518517
0 0.5333333333333333 0.22685185185185186 0.004166666666666667 0.012962962962962963
0 0.5385416666666667 0.3814814814814815 0.004166666666666667 0.014814814814814815
0 0.5921875 0.4888888888888889 0.007291666666666667 0.02962962962962963
0 0.5151041666666667 0.32685185185185184 0.005208333333333333 0.024074074074074074
0 0.39114583333333336 0.2962962962962963 0.005208333333333333 0.018518518518518517
0 0.42083333333333334 0.2851851851851852 0.004166666666666667 0.018518518518518517
0 0.43125 0.26481481481481484 0.0020833333333333333 0.014814814814814815
0 0.43802083333333336 0.28425925925925927 0.003125 0.016666666666666666
0 0.43802083333333336 0.2537037037037037 0.003125 0.014814814814814815
0 0.3359375 0.39537037037037037 0.007291666666666667 0.04259259259259259
0 0.5630208333333333 0.33055555555555555 0.007291666666666667 0.027777777777777776