0 0.3922794117647059 0.43333333333333335 0.013970588235294118 0.048366013071895426
0 0.33933823529411766 0.2954248366013072 0.0125 0.04183006535947712
0 0.34705882352941175 0.18562091503267975 0.007352941176470588 0.036601307189542485
0 0.18235294117647058 0.2019607843137255 0.007352941176470588 0.032679738562091505
0 0.18860294117647058 0.1934640522875817 0.006617647058823529 0.03137254901960784
0 0.18860294117647058 0.20130718954248367 0.006617647058823529 0.03137254901960784
0 0.25330882352941175 0.13071895424836602 0.006617647058823529 0.026143790849673203
0 0.25477941176470587 0.12418300653594772 0.006617647058823529 0.026143790849673203
0 0.41875 0.09673202614379085 0.008088235294117648 0.023529411764705882
0 0.3966911764705882 0.040522875816993466 0.005147058823529412 0.018300653594771243
0 0.4426470588235294 0.0934640522875817 0.007352941176470588 0.027450980392156862
0 0.4415441176470588 0.0058823529411764705 0.003676470588235294 0.011764705882352941
0 0.45330882352941176 0.06601307189542484 0.005147058823529412 0.027450980392156862
0 0.4591911764705882 0.0673202614379085 0.005147058823529412 0.027450980392156862
0 0.46286764705882355 0.05032679738562092 0.003676470588235294 0.022222222222222223
0 0.46691176470588236 0.013071895424836602 0.004411764705882353 0.01568627450980392
0 0.4742647058823529 0.07777777777777778 0.0058823529411764705 0.02483660130718954
0 0.4801470588235294 0.1065359477124183 0.004411764705882353 0.022222222222222223
0 0.48823529411764705 0.1084967320261438 0.0058823529411764705 0.023529411764705882
0 0.4801470588235294 0.1300653594771242 0.004411764705882353 0.030065359477124184
0 0.4860294117647059 0.13137254901960785 0.007352941176470588 0.027450980392156862
0 0.4676470588235294 0.19738562091503267 0.007352941176470588 0.026143790849673203
0 0.5349264705882353 0.18627450980392157 0.006617647058823529 0.030065359477124184
0 0.5371323529411764 0.2529411764705882 0.008088235294117648 0.040522875816993466
0 0.5279411764705882 0.2581699346405229 0.0058823529411764705 0.03790849673202614
0 0.5558823529411765 0.2503267973856209 0.0058823529411764705 0.03529411764705882
0 0.5216911764705883 0.3562091503267974 0.009558823529411765 0.050980392156862744
0 0.5709558823529411 0.3333333333333333 0.009558823529411765 0.044444444444444446
0 0.7036764705882353 0.37254901960784315 0.011764705882352941 0.0392156862745098
0 0.7044117647058824 0.37777777777777777 0.008823529411764706 0.026143790849673203
0 0.7102941176470589 0.44901960784313727 0.010294117647058823 0.05359477124183006
0 0.7419117647058824 0.5124183006535947 0.013235294117647059 0.06274509803921569
0 0.7658088235294118 0.5006535947712418 0.011029411764705883 0.05751633986928104
0 0.7566176470588235 0.6189542483660131 0.0058823529411764705 0.03790849673202614
0 0.7588235294117647 0.634640522875817 0.014705882352941176 0.06666666666666667
0 0.6139705882352942 0.8542483660130719 0.026470588235294117 0.07450980392156863
0 0.8378676470588236 0.7405228758169935 0.015441176470588236 0.06928104575163399
0 0.8330882352941177 0.6222222222222222 0.025 0.06797385620915032
0 0.8488970588235294 0.6392156862745098 0.02426470588235294 0.06535947712418301