0 0.7208333333333333 0.8018518518518518 0.014583333333333334 0.05925925925925926
0 0.6416666666666667 0.6592592592592592 0.0125 0.025925925925925925
0 0.6859375 0.7805555555555556 0.017708333333333333 0.046296296296296294
0 0.60625 0.6768518518518518 0.010416666666666666 0.03148148148148148
0 0.37552083333333336 0.6574074074074074 0.009375 0.03333333333333333
0 0.6765625 0.612037037037037 0.011458333333333333 0.03888888888888889
0 0.0671875 0.9444444444444444 0.021875 0.06296296296296296
0 0.42552083333333335 0.48703703703703705 0.005208333333333333 0.014814814814814815
0 0.6083333333333333 0.5611111111111111 0.00625 0.018518518518518517
0 0.3770833333333333 0.6611111111111111 0.008333333333333333 0.03333333333333333
0 0.37447916666666664 0.6657407407407407 0.007291666666666667 0.027777777777777776
0 0.3796875 0.5888888888888889 0.009375 0.025925925925925925
0 0.6036458333333333 0.6685185185185185 0.009375 0.025925925925925925
0 0.5682291666666667 0.512962962962963 0.007291666666666667 0.014814814814814815
0 0.571875 0.49722222222222223 0.00625 0.016666666666666666
0 0.41354166666666664 0.48518518518518516 0.008333333333333333 0.014814814814814815
0 0.4432291666666667 0.4935185185185185 0.007291666666666667 0.016666666666666666
0 0.4395833333333333 0.46574074074074073 0.00625 0.016666666666666666
0 0.4546875 0.4398148148148148 0.005208333333333333 0.012962962962962963
0 0.4640625 0.4166666666666667 0.005208333333333333 0.011111111111111112
0 0.46875 0.4064814814814815 0.004166666666666667 0.009259259259259259
0 0.47708333333333336 0.40185185185185185 0.004166666666666667 0.011111111111111112
0 0.5671875 0.5111111111111111 0.007291666666666667 0.018518518518518517
0 0.5744791666666667 0.48333333333333334 0.007291666666666667 0.018518518518518517
0 0.5255208333333333 0.4537037037037037 0.007291666666666667 0.014814814814814815
0 0.5098958333333333 0.4111111111111111 0.005208333333333333 0.011111111111111112
0 0.5130208333333334 0.4462962962962963 0.007291666666666667 0.014814814814814815
0 0.3072916666666667 0.662962962962963 0.010416666666666666 0.04814814814814815