0 0.64453125 0.6824074074074075 0.0171875 0.07962962962962963
0 0.6848958333333334 0.6805555555555556 0.015625 0.06666666666666667
0 0.67734375 0.5967592592592592 0.0078125 0.032407407407407406
0 0.6596354166666667 0.5601851851851852 0.005729166666666666 0.024074074074074074
0 0.6802083333333333 0.5833333333333334 0.00625 0.024074074074074074
0 0.6895833333333333 0.5532407407407407 0.00625 0.021296296296296296
0 0.6903645833333333 0.5439814814814815 0.005729166666666666 0.021296296296296296
0 0.5971354166666667 0.5861111111111111 0.008854166666666666 0.05
0 0.5791666666666667 0.5856481481481481 0.00625 0.032407407407407406
0 0.5747395833333333 0.586574074074074 0.0046875 0.026851851851851852
0 0.78828125 0.6097222222222223 0.009895833333333333 0.05092592592592592