0 0.6724264705882353 0.5529411764705883 0.016911764705882352 0.06013071895424837
0 0.8661764705882353 0.1954248366013072 0.010294117647058823 0.043137254901960784
0 0.6591911764705882 0.16993464052287582 0.009558823529411765 0.0392156862745098
0 0.6602941176470588 0.2084967320261438 0.007352941176470588 0.043137254901960784
0 0.6529411764705882 0.20392156862745098 0.0058823529411764705 0.047058823529411764
0 0.6481617647058824 0.20065359477124184 0.006617647058823529 0.0457516339869281
0 0.6150735294117647 0.238562091503268 0.011029411764705883 0.0457516339869281
0 0.5988970588235294 0.2235294117647059 0.006617647058823529 0.04967320261437908
0 0.5908088235294118 0.22941176470588234 0.006617647058823529 0.048366013071895426
0 0.5882352941176471 0.2130718954248366 0.0058823529411764705 0.036601307189542485
0 0.5908088235294118 0.1980392156862745 0.008088235294117648 0.040522875816993466
0 0.5863970588235294 0.1895424836601307 0.008088235294117648 0.036601307189542485
0 0.5702205882352941 0.17777777777777778 0.011029411764705883 0.026143790849673203
0 0.5753676470588235 0.20326797385620915 0.008088235294117648 0.043137254901960784
0 0.6169117647058824 0.13594771241830064 0.0058823529411764705 0.044444444444444446
0 0.611764705882353 0.13071895424836602 0.0058823529411764705 0.036601307189542485
0 0.606985294117647 0.1287581699346405 0.005147058823529412 0.027450980392156862
0 0.5680147058823529 0.11830065359477124 0.006617647058823529 0.040522875816993466
0 0.5852941176470589 0.12810457516339868 0.007352941176470588 0.03137254901960784
0 0.5602941176470588 0.09869281045751634 0.0058823529411764705 0.040522875816993466
0 0.5375 0.1065359477124183 0.008823529411764706 0.040522875816993466
0 0.5959558823529412 0.06405228758169934 0.005147058823529412 0.036601307189542485
0 0.48308823529411765 0.14575163398692811 0.004411764705882353 0.0196078431372549
0 0.4808823529411765 0.13202614379084968 0.0058823529411764705 0.036601307189542485
0 0.47573529411764703 0.1326797385620915 0.0058823529411764705 0.032679738562091505
0 0.40404411764705883 0.3215686274509804 0.013970588235294118 0.04183006535947712
0 0.45073529411764707 0.22745098039215686 0.010294117647058823 0.04967320261437908
0 0.4602941176470588 0.16209150326797386 0.010294117647058823 0.036601307189542485
0 0.13051470588235295 0.20915032679738563 0.009558823529411765 0.03398692810457516
0 0.45551470588235293 0.07254901960784314 0.008088235294117648 0.027450980392156862
0 0.5716911764705882 0.02679738562091503 0.005147058823529412 0.027450980392156862
0 0.5768382352941176 0.027450980392156862 0.005147058823529412 0.02875816993464052
0 0.5834558823529412 0.024183006535947713 0.005147058823529412 0.030065359477124184
0 0.4077205882352941 0.016339869281045753 0.008088235294117648 0.027450980392156862
0 0.44375 0.01568627450980392 0.009558823529411765 0.023529411764705882
0 0.29669117647058824 0.44836601307189544 0.016911764705882352 0.05751633986928104
0 0.11580882352941177 0.4915032679738562 0.01838235294117647 0.05751633986928104