0 0.05520833333333333 0.7481481481481481 0.014583333333333334 0.04814814814814815
0 0.4348958333333333 0.39166666666666666 0.005208333333333333 0.016666666666666666
0 0.45 0.3768518518518518 0.008333333333333333 0.024074074074074074
0 0.24791666666666667 0.7398148148148148 0.008333333333333333 0.03148148148148148
0 0.921875 0.49166666666666664 0.0125 0.03518518518518519
0 0.9385416666666667 0.4324074074074074 0.008333333333333333 0.03148148148148148
0 0.06510416666666667 0.65 0.011458333333333333 0.037037037037037035
0 0.0625 0.5981481481481481 0.010416666666666666 0.037037037037037035
0 0.2453125 0.45 0.007291666666666667 0.025925925925925925
0 0.25 0.45 0.00625 0.025925925925925925
0 0.2046875 0.44722222222222224 0.007291666666666667 0.024074074074074074
0 0.18854166666666666 0.4425925925925926 0.00625 0.018518518518518517
0 0.12552083333333333 0.38425925925925924 0.007291666666666667 0.020370370370370372
0 0.06614583333333333 0.4027777777777778 0.009375 0.024074074074074074
0 0.09375 0.375 0.008333333333333333 0.03148148148148148
0 0.23177083333333334 0.22777777777777777 0.007291666666666667 0.018518518518518517
0 0.14583333333333334 0.2212962962962963 0.00625 0.016666666666666666
0 0.115625 0.20462962962962963 0.004166666666666667 0.012962962962962963
0 0.11875 0.1935185185185185 0.004166666666666667 0.016666666666666666
0 0.0671875 0.5351851851851852 0.011458333333333333 0.03333333333333333
0 0.23645833333333333 0.649074074074074 0.008333333333333333 0.020370370370370372
0 0.3463541666666667 0.30833333333333335 0.007291666666666667 0.020370370370370372