0 0.5404411764705882 0.4830065359477124 0.016176470588235296 0.050980392156862744
0 0.8426470588235294 0.4222222222222222 0.011764705882352941 0.04183006535947712
0 0.8573529411764705 0.43856209150326797 0.016176470588235296 0.05620915032679739
0 0.9238970588235295 0.08758169934640522 0.009558823529411765 0.03398692810457516
0 0.8900735294117647 0.10522875816993464 0.005147058823529412 0.03529411764705882
0 0.8477941176470588 0.08300653594771241 0.0058823529411764705 0.030065359477124184
0 0.7180147058823529 0.0718954248366013 0.003676470588235294 0.026143790849673203
0 0.7246323529411764 0.06928104575163399 0.005147058823529412 0.02091503267973856
0 0.40588235294117647 0.03725490196078431 0.004411764705882353 0.030065359477124184
0 0.4102941176470588 0.034640522875816995 0.004411764705882353 0.027450980392156862
0 0.4088235294117647 0.08823529411764706 0.007352941176470588 0.027450980392156862
0 0.4128676470588235 0.09084967320261438 0.006617647058823529 0.022222222222222223
0 0.016911764705882352 0.08366013071895424 0.008823529411764706 0.03398692810457516
0 0.0625 0.04183006535947712 0.008823529411764706 0.02875816993464052
0 0.14816176470588235 0.28104575163398693 0.0125 0.03398692810457516
0 0.1536764705882353 0.05228758169934641 0.0058823529411764705 0.03398692810457516
0 0.11286764705882353 0.021568627450980392 0.008088235294117648 0.027450980392156862
0 0.23529411764705882 0.042483660130718956 0.0058823529411764705 0.030065359477124184
0 0.275 0.07647058823529412 0.007352941176470588 0.030065359477124184
0 0.27058823529411763 0.0738562091503268 0.007352941176470588 0.030065359477124184
0 0.27095588235294116 0.013071895424836602 0.005147058823529412 0.026143790849673203
0 0.2672794117647059 0.04379084967320261 0.006617647058823529 0.022222222222222223
0 0.2702205882352941 0.0457516339869281 0.005147058823529412 0.026143790849673203
0 0.28713235294117645 0.021568627450980392 0.005147058823529412 0.027450980392156862
0 0.3029411764705882 0.021568627450980392 0.004411764705882353 0.027450980392156862
0 0.29301470588235295 0.022222222222222223 0.005147058823529412 0.026143790849673203