0 0.45330882352941176 0.7751633986928105 0.008088235294117648 0.04183006535947712
0 0.41691176470588237 0.6745098039215687 0.007352941176470588 0.036601307189542485
0 0.4036764705882353 0.6875816993464052 0.007352941176470588 0.036601307189542485
0 0.38823529411764707 0.6875816993464052 0.007352941176470588 0.036601307189542485
0 0.4632352941176471 0.6875816993464052 0.007352941176470588 0.036601307189542485
0 0.46838235294117647 0.6830065359477124 0.0058823529411764705 0.03529411764705882
0 0.47941176470588237 0.6803921568627451 0.0058823529411764705 0.03529411764705882
0 0.47316176470588234 0.6777777777777778 0.006617647058823529 0.03529411764705882
0 0.4588235294117647 0.6411764705882353 0.011764705882352941 0.02483660130718954
0 0.10625 0.28104575163398693 0.0125 0.01568627450980392
0 0.44485294117647056 0.5130718954248366 0.004411764705882353 0.03529411764705882
0 0.5893382352941177 0.8026143790849674 0.008088235294117648 0.044444444444444446
0 0.6014705882352941 0.7947712418300653 0.008823529411764706 0.04183006535947712
0 0.5966911764705882 0.788235294117647 0.009558823529411765 0.0392156862745098
0 0.3650735294117647 0.642483660130719 0.005147058823529412 0.027450980392156862
0 0.35808823529411765 0.6431372549019608 0.004411764705882353 0.02091503267973856
0 0.34301470588235294 0.5660130718954248 0.005147058823529412 0.02091503267973856
0 0.31948529411764703 0.5620915032679739 0.006617647058823529 0.026143790849673203
0 0.4389705882352941 0.5202614379084968 0.0058823529411764705 0.02875816993464052
0 0.3205882352941177 0.47843137254901963 0.004411764705882353 0.023529411764705882
0 0.2952205882352941 0.3758169934640523 0.005147058823529412 0.01699346405228758
0 0.29375 0.3183006535947712 0.003676470588235294 0.01699346405228758
0 0.19705882352941176 0.24248366013071895 0.0029411764705882353 0.006535947712418301