0 0.05955882352941176 0.918954248366013 0.016176470588235296 0.06797385620915032
0 0.03455882352941177 0.918954248366013 0.020588235294117647 0.08104575163398693
0 0.0055147058823529415 0.9529411764705882 0.011029411764705883 0.0392156862745098
0 0.3286764705882353 0.8 0.013235294117647059 0.06013071895424837
0 0.638235294117647 0.8006535947712419 0.014705882352941176 0.06143790849673202
0 0.6702205882352941 0.8411764705882353 0.016911764705882352 0.06666666666666667
0 0.7158088235294118 0.5797385620915033 0.013970588235294118 0.050980392156862744
0 0.3915441176470588 0.4196078431372549 0.009558823529411765 0.04183006535947712
0 0.36323529411764705 0.6522875816993464 0.008823529411764706 0.04967320261437908
0 0.1875 0.27908496732026145 0.013235294117647059 0.0457516339869281
0 0.34301470588235294 0.1934640522875817 0.006617647058823529 0.03137254901960784
0 0.3161764705882353 0.19477124183006536 0.004411764705882353 0.026143790849673203
0 0.3113970588235294 0.19477124183006536 0.003676470588235294 0.023529411764705882
0 0.3503676470588235 0.15294117647058825 0.003676470588235294 0.018300653594771243
0 0.34558823529411764 0.1542483660130719 0.004411764705882353 0.02875816993464052
0 0.3426470588235294 0.1477124183006536 0.004411764705882353 0.02875816993464052
0 0.3886029411764706 0.01437908496732026 0.003676470588235294 0.01568627450980392
0 0.3827205882352941 0.022222222222222223 0.003676470588235294 0.01568627450980392
0 0.38419117647058826 0.03202614379084967 0.003676470588235294 0.01699346405228758
0 0.4551470588235294 0.1542483660130719 0.004411764705882353 0.01568627450980392
0 0.675 0.45359477124183006 0.007352941176470588 0.044444444444444446
0 0.6669117647058823 0.45751633986928103 0.007352941176470588 0.044444444444444446
0 0.6544117647058824 0.44901960784313727 0.007352941176470588 0.048366013071895426
0 0.6419117647058824 0.4477124183006536 0.007352941176470588 0.040522875816993466
0 0.5672794117647059 0.1411764705882353 0.005147058823529412 0.026143790849673203
0 0.5676470588235294 0.2019607843137255 0.004411764705882353 0.022222222222222223
0 0.5613970588235294 0.1954248366013072 0.005147058823529412 0.027450980392156862
0 0.5147058823529411 0.06274509803921569 0.004411764705882353 0.026143790849673203
0 0.45441176470588235 0.10784313725490197 0.004411764705882353 0.022222222222222223
0 0.55 0.21045751633986928 0.004411764705882353 0.02091503267973856
0 0.544485294117647 0.12483660130718954 0.003676470588235294 0.01437908496732026
0 0.5430147058823529 0.12287581699346405 0.003676470588235294 0.01568627450980392
0 0.48676470588235293 0.12222222222222222 0.0029411764705882353 0.01437908496732026