0 0.6734375 0.3662037037037037 0.007291666666666667 0.03425925925925926
0 0.6841145833333333 0.4023148148148148 0.0109375 0.03425925925925926
0 0.7994791666666666 0.2462962962962963 0.005208333333333333 0.03333333333333333
0 0.8033854166666666 0.24027777777777778 0.0036458333333333334 0.025
0 0.8059895833333334 0.2388888888888889 0.005729166666666666 0.016666666666666666
0 0.81484375 0.24768518518518517 0.0067708333333333336 0.026851851851851852
0 0.8153645833333333 0.23333333333333334 0.0067708333333333336 0.03148148148148148
0 0.8236979166666667 0.2490740740740741 0.005729166666666666 0.027777777777777776
0 0.82890625 0.24768518518518517 0.005729166666666666 0.030555555555555555
0 0.9880208333333333 0.11666666666666667 0.003125 0.012962962962962963
0 0.01171875 0.09212962962962963 0.005729166666666666 0.017592592592592594
0 0.2390625 0.19074074074074074 0.005208333333333333 0.027777777777777776
0 0.2734375 0.2013888888888889 0.004166666666666667 0.025
0 0.2950520833333333 0.13240740740740742 0.005729166666666666 0.018518518518518517
0 0.32760416666666664 0.11481481481481481 0.00625 0.016666666666666666
0 0.3463541666666667 0.10925925925925926 0.004166666666666667 0.022222222222222223
0 0.5361979166666667 0.07175925925925926 0.0036458333333333334 0.013888888888888888
0 0.5388020833333333 0.0699074074074074 0.0046875 0.012037037037037037
0 0.5526041666666667 0.07592592592592592 0.003125 0.009259259259259259
0 0.5895833333333333 0.0587962962962963 0.003125 0.019444444444444445
0 0.5950520833333334 0.06157407407407407 0.0036458333333333334 0.019444444444444445
0 0.6494791666666667 0.04953703703703704 0.003125 0.013888888888888888