0 0.35520833333333335 0.31574074074074077 0.0125 0.03148148148148148
0 0.3697916666666667 0.262037037037037 0.008333333333333333 0.024074074074074074
0 0.28229166666666666 0.3148148148148148 0.0125 0.02962962962962963
0 0.3265625 0.22777777777777777 0.007291666666666667 0.022222222222222223
0 0.5510416666666667 0.5037037037037037 0.016666666666666666 0.040740740740740744
0 0.5505208333333333 0.5018518518518519 0.017708333333333333 0.040740740740740744
0 0.503125 0.34444444444444444 0.00625 0.018518518518518517
0 0.5036458333333333 0.3388888888888889 0.009375 0.02962962962962963
0 0.5010416666666667 0.3148148148148148 0.008333333333333333 0.022222222222222223
0 0.4671875 0.23425925925925925 0.005208333333333333 0.020370370370370372
0 0.4713541666666667 0.21388888888888888 0.005208333333333333 0.016666666666666666
0 0.4625 0.1648148148148148 0.004166666666666667 0.011111111111111112
0 0.45989583333333334 0.15185185185185185 0.003125 0.011111111111111112
0 0.3802083333333333 0.1527777777777778 0.004166666666666667 0.012962962962962963
0 0.37916666666666665 0.1675925925925926 0.004166666666666667 0.012962962962962963
0 0.38385416666666666 0.16944444444444445 0.005208333333333333 0.012962962962962963
0 0.45260416666666664 0.1361111111111111 0.003125 0.009259259259259259
0 0.61875 0.7138888888888889 0.020833333333333332 0.053703703703703705
0 0.6135416666666667 0.7083333333333334 0.022916666666666665 0.06111111111111111