0 0.23272058823529412 0.596078431372549 0.015441176470588236 0.054901960784313725
0 0.21580882352941178 0.5705882352941176 0.013970588235294118 0.050980392156862744
0 0.08897058823529412 0.7529411764705882 0.013235294117647059 0.054901960784313725
0 0.6529411764705882 0.9450980392156862 0.013235294117647059 0.06535947712418301
0 0.23676470588235293 0.47320261437908495 0.010294117647058823 0.044444444444444446
0 0.18529411764705883 0.434640522875817 0.008823529411764706 0.0457516339869281
0 0.1588235294117647 0.4071895424836601 0.014705882352941176 0.040522875816993466
0 0.16176470588235295 0.40522875816993464 0.013235294117647059 0.04183006535947712
0 0.17022058823529412 0.3836601307189543 0.009558823529411765 0.030065359477124184
0 0.16029411764705884 0.38758169934640524 0.010294117647058823 0.040522875816993466
0 0.24448529411764705 0.5725490196078431 0.011029411764705883 0.054901960784313725
0 0.6345588235294117 0.33137254901960783 0.008823529411764706 0.030065359477124184
0 0.6419117647058824 0.33398692810457514 0.007352941176470588 0.030065359477124184
0 0.4452205882352941 0.16339869281045752 0.006617647058823529 0.02091503267973856
0 0.45036764705882354 0.1130718954248366 0.006617647058823529 0.022222222222222223
0 0.4577205882352941 0.11699346405228758 0.006617647058823529 0.027450980392156862
0 0.5808823529411765 0.3908496732026144 0.008823529411764706 0.026143790849673203
0 0.5797794117647059 0.33790849673202616 0.011029411764705883 0.030065359477124184
0 0.5191176470588236 0.3235294117647059 0.008823529411764706 0.027450980392156862
0 0.4834558823529412 0.16470588235294117 0.005147058823529412 0.018300653594771243
0 0.5783088235294118 0.03529411764705882 0.003676470588235294 0.013071895424836602
0 0.5029411764705882 0.02483660130718954 0.0029411764705882353 0.01568627450980392
0 0.5055147058823529 0.02483660130718954 0.005147058823529412 0.018300653594771243
0 0.9919117647058824 0.2111111111111111 0.010294117647058823 0.02483660130718954