0 0.5900735294117647 0.045098039215686274 0.008088235294117648 0.032679738562091505
0 0.5816176470588236 0.11241830065359477 0.0058823529411764705 0.03398692810457516
0 0.5669117647058823 0.12222222222222222 0.008823529411764706 0.03529411764705882
0 0.5577205882352941 0.1261437908496732 0.006617647058823529 0.032679738562091505
0 0.5496323529411765 0.13594771241830064 0.006617647058823529 0.03398692810457516
0 0.5014705882352941 0.1084967320261438 0.007352941176470588 0.036601307189542485
0 0.49522058823529413 0.11503267973856209 0.008088235294117648 0.036601307189542485
0 0.5363970588235294 0.16470588235294117 0.009558823529411765 0.03398692810457516
0 0.5419117647058823 0.1718954248366013 0.010294117647058823 0.01699346405228758
0 0.4551470588235294 0.19673202614379084 0.0058823529411764705 0.03790849673202614
0 0.7 0.2647058823529412 0.008823529411764706 0.043137254901960784
0 0.69375 0.3673202614379085 0.0125 0.054901960784313725
0 0.538235294117647 0.40588235294117647 0.007352941176470588 0.048366013071895426
0 0.5356617647058823 0.42026143790849674 0.008088235294117648 0.02483660130718954
0 0.4308823529411765 0.5588235294117647 0.007352941176470588 0.0457516339869281
0 0.44448529411764703 0.4869281045751634 0.008088235294117648 0.0457516339869281
0 0.44816176470588237 0.47843137254901963 0.005147058823529412 0.023529411764705882
0 0.35625 0.2823529411764706 0.011029411764705883 0.036601307189542485
0 0.23676470588235293 0.2261437908496732 0.008823529411764706 0.0392156862745098
0 0.24816176470588236 0.2235294117647059 0.009558823529411765 0.0392156862745098
0 0.2735294117647059 0.3156862745098039 0.008823529411764706 0.03790849673202614
0 0.28088235294117647 0.3764705882352941 0.013235294117647059 0.044444444444444446
0 0.24816176470588236 0.3607843137254902 0.008088235294117648 0.04183006535947712
0 0.23823529411764705 0.3633986928104575 0.010294117647058823 0.04967320261437908