0 0.10885416666666667 0.587037037037037 0.011458333333333333 0.05185185185185185
0 0.14557291666666666 0.6125 0.011979166666666667 0.04351851851851852
0 0.1359375 0.4532407407407407 0.007291666666666667 0.032407407407407406
0 0.184375 0.4615740740740741 0.008333333333333333 0.03425925925925926
0 0.15833333333333333 0.4115740740740741 0.009375 0.026851851851851852
0 0.25286458333333334 0.34444444444444444 0.0046875 0.022222222222222223
0 0.24895833333333334 0.33101851851851855 0.005208333333333333 0.023148148148148147
0 0.17786458333333333 0.4185185185185185 0.0078125 0.027777777777777776
0 0.184375 0.3972222222222222 0.00625 0.02962962962962963
0 0.19505208333333332 0.3939814814814815 0.0067708333333333336 0.026851851851851852
0 0.11380208333333333 0.3226851851851852 0.0046875 0.025
0 0.13984375 0.32175925925925924 0.0046875 0.021296296296296296
0 0.14505208333333333 0.32175925925925924 0.0046875 0.023148148148148147
0 0.14270833333333333 0.33101851851851855 0.005208333333333333 0.025
0 0.14791666666666667 0.3314814814814815 0.00625 0.025925925925925925
0 0.19036458333333334 0.26666666666666666 0.0036458333333333334 0.016666666666666666
0 0.19427083333333334 0.26481481481481484 0.005208333333333333 0.020370370370370372
0 0.21536458333333333 0.34675925925925927 0.0046875 0.026851851851851852
0 0.22760416666666666 0.3388888888888889 0.005208333333333333 0.022222222222222223
0 0.3502604166666667 0.26805555555555555 0.0026041666666666665 0.013888888888888888
0 0.3528645833333333 0.2662037037037037 0.0036458333333333334 0.017592592592592594
0 0.88515625 0.5888888888888889 0.013020833333333334 0.046296296296296294
0 0.95234375 0.812962962962963 0.019270833333333334 0.07222222222222222
0 0.9380208333333333 0.8083333333333333 0.019791666666666666 0.07222222222222222
0 0.9026041666666667 0.9476851851851852 0.01875 0.08425925925925926
0 0.9169270833333333 0.9495370370370371 0.016145833333333335 0.08796296296296297
0 0.9544270833333334 0.9555555555555556 0.022395833333333334 0.05925925925925926
0 0.8744791666666667 0.8333333333333334 0.020833333333333332 0.06666666666666667
0 0.9049479166666666 0.7287037037037037 0.021354166666666667 0.044444444444444446
0 0.8671875 0.7208333333333333 0.013541666666666667 0.06018518518518518
0 0.7635416666666667 0.7699074074074074 0.014583333333333334 0.06388888888888888
0 0.7721354166666666 0.7680555555555556 0.013020833333333334 0.06388888888888888
0 0.8489583333333334 0.7185185185185186 0.013541666666666667 0.04814814814814815
0 0.7322916666666667 0.6851851851851852 0.0125 0.05185185185185185
0 0.9497395833333333 0.7180555555555556 0.0109375 0.06759259259259259
0 0.94609375 0.6638888888888889 0.009895833333333333 0.05555555555555555
0 0.9346354166666667 0.6731481481481482 0.013020833333333334 0.06296296296296296
0 0.9458333333333333 0.6935185185185185 0.0125 0.05740740740740741
0 0.7859375 0.4847222222222222 0.010416666666666666 0.03981481481481482
0 0.74921875 0.4527777777777778 0.011979166666666667 0.03518518518518519
0 0.7393229166666667 0.5819444444444445 0.0109375 0.04722222222222222
0 0.7515625 0.5814814814814815 0.010416666666666666 0.05
0 0.8416666666666667 0.5439814814814815 0.011458333333333333 0.05277777777777778
0 0.7877604166666666 0.6625 0.013020833333333334 0.06018518518518518
0 0.7731770833333333 0.6675925925925926 0.015104166666666667 0.06111111111111111
0 0.759375 0.6699074074074074 0.013541666666666667 0.05277777777777778
0 0.7513020833333334 0.6361111111111111 0.0109375 0.05
0 0.7596354166666667 0.638425925925926 0.009895833333333333 0.041666666666666664
0 0.7940104166666667 0.6111111111111112 0.0078125 0.04259259259259259
0 0.796875 0.6208333333333333 0.010416666666666666 0.05277777777777778
0 0.8208333333333333 0.5560185185185185 0.0125 0.041666666666666664
0 0.8278645833333333 0.5546296296296296 0.0067708333333333336 0.037037037037037035
0 0.6401041666666667 0.3731481481481482 0.005208333333333333 0.03148148148148148
0 0.6578125 0.4009259259259259 0.00625 0.03148148148148148
0 0.69375 0.5587962962962963 0.011458333333333333 0.019444444444444445
0 0.7005208333333334 0.5597222222222222 0.014583333333333334 0.030555555555555555
0 0.7171875 0.47962962962962963 0.008333333333333333 0.037037037037037035
0 0.7109375 0.49212962962962964 0.009375 0.041666666666666664
0 0.7049479166666667 0.5013888888888889 0.0078125 0.041666666666666664
0 0.6984375 0.49953703703703706 0.008333333333333333 0.04722222222222222
0 0.68046875 0.5481481481481482 0.011979166666666667 0.04814814814814815
0 0.6893229166666667 0.5074074074074074 0.0109375 0.037037037037037035
0 0.6638020833333333 0.500462962962963 0.0078125 0.03981481481481482
0 0.6825520833333333 0.475462962962963 0.005729166666666666 0.03611111111111111
0 0.678125 0.4828703703703704 0.007291666666666667 0.03611111111111111
0 0.67265625 0.4888888888888889 0.0078125 0.03333333333333333
0 0.6356770833333333 0.41064814814814815 0.0078125 0.030555555555555555
0 0.640625 0.4074074074074074 0.008333333333333333 0.03333333333333333
0 0.6630208333333333 0.4476851851851852 0.007291666666666667 0.03611111111111111
0 0.6536458333333334 0.4462962962962963 0.00625 0.03333333333333333
0 0.63515625 0.4425925925925926 0.0067708333333333336 0.025925925925925925
0 0.6541666666666667 0.4726851851851852 0.00625 0.028703703703703703
0 0.6552083333333333 0.47685185185185186 0.005208333333333333 0.024074074074074074
0 0.46875 0.23194444444444445 0.004166666666666667 0.012037037037037037