0 0.9275735294117647 0.7091503267973857 0.019852941176470587 0.07712418300653595
0 0.6547794117647059 0.6385620915032679 0.013970588235294118 0.08235294117647059
0 0.6397058823529411 0.6535947712418301 0.008823529411764706 0.047058823529411764
0 0.6257352941176471 0.6450980392156863 0.01764705882352941 0.07450980392156863
0 0.5617647058823529 0.36405228758169933 0.011764705882352941 0.05620915032679739
0 0.7805147058823529 0.4477124183006536 0.013970588235294118 0.05620915032679739
0 0.475 0.20522875816993463 0.007352941176470588 0.0392156862745098
0 0.35404411764705884 0.08562091503267974 0.008088235294117648 0.032679738562091505
0 0.25625 0.11699346405228758 0.008088235294117648 0.03790849673202614
0 0.20477941176470588 0.3934640522875817 0.0125 0.05751633986928104
0 0.23125 0.05751633986928104 0.006617647058823529 0.023529411764705882
0 0.2051470588235294 0.16732026143790849 0.010294117647058823 0.036601307189542485
0 0.48713235294117646 0.4444444444444444 0.0125 0.044444444444444446
0 0.5216911764705883 0.4516339869281046 0.0125 0.048366013071895426
0 0.6014705882352941 0.6633986928104575 0.01764705882352941 0.058823529411764705
0 0.4198529411764706 0.5875816993464053 0.014705882352941176 0.05359477124183006
0 0.5316176470588235 0.3718954248366013 0.007352941176470588 0.05620915032679739
0 0.524264705882353 0.373202614379085 0.011764705882352941 0.05359477124183006
0 0.3966911764705882 0.22483660130718955 0.009558823529411765 0.03398692810457516
0 0.4125 0.34444444444444444 0.011764705882352941 0.050980392156862744
0 0.6235294117647059 0.24705882352941178 0.008823529411764706 0.047058823529411764
0 0.6161764705882353 0.22483660130718955 0.008823529411764706 0.0392156862745098
0 0.7176470588235294 0.3333333333333333 0.01911764705882353 0.054901960784313725
0 0.7400735294117647 0.3176470588235294 0.0125 0.05751633986928104
0 0.6647058823529411 0.34248366013071896 0.008823529411764706 0.05228758169934641
0 0.6591911764705882 0.33202614379084966 0.011029411764705883 0.04967320261437908
0 0.24558823529411763 0.20915032679738563 0.007352941176470588 0.0392156862745098
0 0.24044117647058824 0.2130718954248366 0.008823529411764706 0.03137254901960784
0 0.25735294117647056 0.20392156862745098 0.013235294117647059 0.044444444444444446
0 0.1889705882352941 0.2875816993464052 0.008823529411764706 0.044444444444444446
0 0.19044117647058822 0.2856209150326797 0.010294117647058823 0.0457516339869281
0 0.18713235294117647 0.3915032679738562 0.009558823529411765 0.030065359477124184
0 0.19963235294117648 0.3915032679738562 0.013970588235294118 0.032679738562091505
0 0.18235294117647058 0.39281045751633986 0.010294117647058823 0.02483660130718954
0 0.1661764705882353 0.7660130718954249 0.022058823529411766 0.04967320261437908
0 0.8172794117647059 0.3784313725490196 0.008088235294117648 0.043137254901960784
0 0.5636029411764706 0.16013071895424835 0.006617647058823529 0.03529411764705882
0 0.555514705882353 0.17058823529411765 0.006617647058823529 0.032679738562091505
0 0.5764705882352941 0.13856209150326798 0.007352941176470588 0.03137254901960784
0 0.5841911764705883 0.13790849673202615 0.009558823529411765 0.03529411764705882
0 0.4863970588235294 0.0542483660130719 0.005147058823529412 0.032679738562091505
0 0.4783088235294118 0.054901960784313725 0.005147058823529412 0.026143790849673203
0 0.47058823529411764 0.011764705882352941 0.004411764705882353 0.02091503267973856
0 0.5992647058823529 0.1718954248366013 0.007352941176470588 0.02483660130718954
0 0.4128676470588235 0.08627450980392157 0.006617647058823529 0.03398692810457516
0 0.34558823529411764 0.013071895424836602 0.0058823529411764705 0.018300653594771243
0 0.3341911764705882 0.009150326797385621 0.003676470588235294 0.018300653594771243