0 0.5779411764705882 0.12483660130718954 0.007352941176470588 0.02483660130718954
0 0.5886029411764706 0.24509803921568626 0.009558823529411765 0.03529411764705882
0 0.6753676470588236 0.009150326797385621 0.005147058823529412 0.018300653594771243
0 0.7389705882352942 0.032679738562091505 0.008823529411764706 0.03137254901960784
0 0.6919117647058823 0.20522875816993463 0.007352941176470588 0.0392156862745098
0 0.7566176470588235 0.17908496732026144 0.008823529411764706 0.036601307189542485
0 0.7599264705882353 0.18562091503267975 0.008088235294117648 0.036601307189542485
0 0.8117647058823529 0.3026143790849673 0.008823529411764706 0.040522875816993466
0 0.3165441176470588 0.3810457516339869 0.011029411764705883 0.040522875816993466
0 0.3220588235294118 0.37777777777777777 0.010294117647058823 0.0392156862745098
0 0.20661764705882352 0.7392156862745098 0.01764705882352941 0.050980392156862744
0 0.21213235294117647 0.7405228758169935 0.015441176470588236 0.040522875816993466