0 0.6455882352941177 0.726797385620915 0.016176470588235296 0.04183006535947712
0 0.6511029411764706 0.707843137254902 0.016911764705882352 0.058823529411764705
0 0.6727941176470589 0.5705882352941176 0.01764705882352941 0.06143790849673202
0 0.8959558823529412 0.7176470588235294 0.022794117647058822 0.07581699346405228
0 0.9349264705882353 0.7326797385620915 0.02426470588235294 0.06143790849673202
0 0.66875 0.3862745098039216 0.01838235294117647 0.043137254901960784
0 0.5055147058823529 0.4045751633986928 0.009558823529411765 0.05359477124183006
0 0.32426470588235295 0.43137254901960786 0.014705882352941176 0.04183006535947712
0 0.4849264705882353 0.28431372549019607 0.008088235294117648 0.03790849673202614
0 0.49117647058823527 0.27908496732026145 0.007352941176470588 0.040522875816993466
0 0.49411764705882355 0.2725490196078431 0.0058823529411764705 0.03790849673202614
0 0.5051470588235294 0.26666666666666666 0.0058823529411764705 0.036601307189542485
0 0.5058823529411764 0.2549019607843137 0.0058823529411764705 0.03137254901960784
0 0.4459558823529412 0.1954248366013072 0.008088235294117648 0.043137254901960784
0 0.4474264705882353 0.18562091503267975 0.005147058823529412 0.02091503267973856
0 0.45073529411764707 0.18235294117647058 0.0058823529411764705 0.030065359477124184
0 0.26286764705882354 0.1627450980392157 0.008088235294117648 0.03529411764705882
0 0.22058823529411764 0.15816993464052287 0.007352941176470588 0.018300653594771243
0 0.325 0.09803921568627451 0.007352941176470588 0.023529411764705882
0 0.3264705882352941 0.09477124183006536 0.0058823529411764705 0.01699346405228758
0 0.40845588235294117 0.12026143790849673 0.005147058823529412 0.03137254901960784
0 0.4022058823529412 0.11960784313725491 0.0058823529411764705 0.030065359477124184
0 0.2908088235294118 0.029411764705882353 0.005147058823529412 0.01699346405228758
0 0.33639705882352944 0.02287581699346405 0.003676470588235294 0.01699346405228758
0 0.21066176470588235 0.07516339869281045 0.005147058823529412 0.027450980392156862
0 0.3536764705882353 0.02875816993464052 0.0058823529411764705 0.018300653594771243
0 0.3488970588235294 0.029411764705882353 0.005147058823529412 0.022222222222222223
0 0.34448529411764706 0.01437908496732026 0.003676470588235294 0.018300653594771243
0 0.2926470588235294 0.016339869281045753 0.0029411764705882353 0.011764705882352941
0 0.29448529411764707 0.01764705882352941 0.003676470588235294 0.01437908496732026