0 0.2540441176470588 0.8065359477124183 0.03602941176470588 0.10980392156862745
0 0.15919117647058822 0.807843137254902 0.022794117647058822 0.10457516339869281
0 0.1448529411764706 0.769281045751634 0.020588235294117647 0.09281045751633987
0 0.11029411764705882 0.4777777777777778 0.014705882352941176 0.06666666666666667
0 0.10110294117647059 0.4444444444444444 0.011029411764705883 0.054901960784313725
0 0.0849264705882353 0.4934640522875817 0.015441176470588236 0.06928104575163399
0 0.07426470588235294 0.4849673202614379 0.014705882352941176 0.06535947712418301
0 0.05625 0.4843137254901961 0.01838235294117647 0.06405228758169934
0 0.034926470588235295 0.49084967320261436 0.0125 0.06666666666666667
0 0.041176470588235294 0.4823529411764706 0.01764705882352941 0.06274509803921569
0 0.07316176470588236 0.45816993464052286 0.013970588235294118 0.058823529411764705
0 0.010661764705882353 0.3941176470588235 0.021323529411764706 0.06405228758169934
0 0.37536764705882353 0.2718954248366013 0.008088235294117648 0.036601307189542485
0 0.30183823529411763 0.24836601307189543 0.009558823529411765 0.04183006535947712
0 0.2452205882352941 0.23137254901960785 0.008088235294117648 0.026143790849673203
0 0.2411764705882353 0.22679738562091503 0.004411764705882353 0.032679738562091505
0 0.2838235294117647 0.18366013071895426 0.004411764705882353 0.027450980392156862
0 0.6154411764705883 0.22679738562091503 0.008823529411764706 0.040522875816993466
0 0.6349264705882353 0.23529411764705882 0.008088235294117648 0.03398692810457516
0 0.5738970588235294 0.43856209150326797 0.013970588235294118 0.06666666666666667
0 0.6852941176470588 0.3588235294117647 0.010294117647058823 0.048366013071895426
0 0.7220588235294118 0.330718954248366 0.010294117647058823 0.047058823529411764
0 0.7393382352941177 0.33137254901960783 0.0125 0.050980392156862744
0 0.7602941176470588 0.3156862745098039 0.010294117647058823 0.05359477124183006
0 0.6852941176470588 0.19281045751633988 0.004411764705882353 0.03529411764705882
0 0.68125 0.18888888888888888 0.005147058823529412 0.03529411764705882
0 0.6345588235294117 0.19411764705882353 0.008823529411764706 0.02483660130718954
0 0.70625 0.19934640522875818 0.006617647058823529 0.040522875816993466
0 0.71875 0.18104575163398692 0.005147058823529412 0.03529411764705882
0 0.7268382352941176 0.17450980392156862 0.005147058823529412 0.027450980392156862
0 0.7492647058823529 0.15751633986928104 0.0058823529411764705 0.03529411764705882
0 0.856985294117647 0.26209150326797387 0.008088235294117648 0.03529411764705882
0 0.9363970588235294 0.2633986928104575 0.008088235294117648 0.03529411764705882
0 0.9286764705882353 0.3150326797385621 0.011764705882352941 0.036601307189542485