0 0.1828125 0.75 0.015625 0.044444444444444446
0 0.044270833333333336 0.7768518518518519 0.017708333333333333 0.05
0 0.005208333333333333 0.34074074074074073 0.010416666666666666 0.02962962962962963
0 0.04375 0.3138888888888889 0.010416666666666666 0.027777777777777776
0 0.052083333333333336 0.31296296296296294 0.010416666666666666 0.022222222222222223
0 0.7348958333333333 0.4111111111111111 0.007291666666666667 0.022222222222222223
0 0.85625 0.4740740740740741 0.008333333333333333 0.037037037037037035
0 0.8604166666666667 0.48333333333333334 0.010416666666666666 0.02962962962962963
0 0.03333333333333333 0.587037037037037 0.0125 0.037037037037037035
0 0.0265625 0.6370370370370371 0.013541666666666667 0.037037037037037035
0 0.019791666666666666 0.6601851851851852 0.0125 0.03518518518518519
0 0.03229166666666667 0.725 0.01875 0.03518518518518519
0 0.04635416666666667 0.6842592592592592 0.015625 0.04259259259259259
0 0.24791666666666667 0.7935185185185185 0.010416666666666666 0.046296296296296294
0 0.24427083333333333 0.7861111111111111 0.007291666666666667 0.024074074074074074
0 0.21354166666666666 0.5296296296296297 0.0125 0.03333333333333333
0 0.2125 0.5138888888888888 0.008333333333333333 0.027777777777777776
0 0.7614583333333333 0.4148148148148148 0.00625 0.02962962962962963
0 0.6713541666666667 0.4777777777777778 0.009375 0.037037037037037035
0 0.6635416666666667 0.4842592592592593 0.008333333333333333 0.027777777777777776
0 0.8338541666666667 0.30925925925925923 0.007291666666666667 0.03333333333333333
0 0.8421875 0.31296296296296294 0.007291666666666667 0.03333333333333333
0 0.9026041666666667 0.35 0.009375 0.025925925925925925
0 0.9104166666666667 0.35462962962962963 0.00625 0.020370370370370372
0 0.9052083333333333 0.36018518518518516 0.00625 0.016666666666666666
0 0.8770833333333333 0.30462962962962964 0.010416666666666666 0.027777777777777776
0 0.9302083333333333 0.3 0.008333333333333333 0.02962962962962963
0 0.8635416666666667 0.3111111111111111 0.00625 0.018518518518518517
0 0.7817708333333333 0.33055555555555555 0.007291666666666667 0.027777777777777776
0 0.9161458333333333 0.32314814814814813 0.007291666666666667 0.027777777777777776
0 0.9666666666666667 0.34074074074074073 0.008333333333333333 0.022222222222222223
0 0.984375 0.3712962962962963 0.008333333333333333 0.03148148148148148