0 0.6231770833333333 0.9425925925925925 0.0078125 0.03888888888888889
0 0.6153645833333333 0.9337962962962963 0.009895833333333333 0.04537037037037037
0 0.61484375 0.9597222222222223 0.0067708333333333336 0.013888888888888888
0 0.5770833333333333 0.8759259259259259 0.011458333333333333 0.03333333333333333
0 0.57578125 0.7296296296296296 0.0078125 0.04259259259259259
0 0.5778645833333333 0.6930555555555555 0.0078125 0.04537037037037037
0 0.5682291666666667 0.6949074074074074 0.009375 0.04351851851851852
0 0.453125 0.6921296296296297 0.007291666666666667 0.01574074074074074
0 0.4546875 0.6893518518518519 0.007291666666666667 0.021296296296296296
0 0.11067708333333333 0.9856481481481482 0.0140625 0.028703703703703703
0 0.03984375 0.9550925925925926 0.0109375 0.03981481481481482
0 0.165625 0.874537037037037 0.009375 0.028703703703703703
0 0.16354166666666667 0.8537037037037037 0.008333333333333333 0.025925925925925925
0 0.14973958333333334 0.8847222222222222 0.011979166666666667 0.03425925925925926
0 0.13802083333333334 0.8805555555555555 0.011458333333333333 0.02962962962962963
0 0.13229166666666667 0.8699074074074075 0.009375 0.028703703703703703
0 0.18098958333333334 0.8013888888888889 0.011979166666666667 0.04351851851851852
0 0.19244791666666666 0.6430555555555556 0.0078125 0.03981481481481482
0 0.20807291666666666 0.6375 0.0078125 0.04351851851851852
0 0.22604166666666667 0.6513888888888889 0.008333333333333333 0.03981481481481482
0 0.4466145833333333 0.611574074074074 0.008854166666666666 0.030555555555555555
0 0.57265625 0.5819444444444445 0.008854166666666666 0.03611111111111111
0 0.559375 0.5388888888888889 0.00625 0.03333333333333333
0 0.5421875 0.5111111111111111 0.00625 0.025925925925925925
0 0.39088541666666665 0.3212962962962963 0.0026041666666666665 0.014814814814814815
0 0.47239583333333335 0.2351851851851852 0.0020833333333333333 0.007407407407407408
0 0.5041666666666667 0.24537037037037038 0.0020833333333333333 0.007407407407407408
0 0.49973958333333335 0.25046296296296294 0.0036458333333333334 0.008333333333333333
0 0.5002604166666667 0.24537037037037038 0.0026041666666666665 0.007407407407407408
0 0.49114583333333334 0.24444444444444444 0.0020833333333333333 0.005555555555555556
0 0.48776041666666664 0.24537037037037038 0.0026041666666666665 0.005555555555555556
0 0.48385416666666664 0.2412037037037037 0.0020833333333333333 0.006481481481481481
0 0.4674479166666667 0.26296296296296295 0.0026041666666666665 0.007407407407407408
0 0.503125 0.2708333333333333 0.003125 0.006481481481481481
0 0.5083333333333333 0.27361111111111114 0.003125 0.010185185185185186
0 0.47734375 0.47824074074074074 0.0046875 0.019444444444444445
0 0.46901041666666665 0.43287037037037035 0.0036458333333333334 0.012037037037037037
0 0.46848958333333335 0.43194444444444446 0.0036458333333333334 0.010185185185185186
0 0.5072916666666667 0.42777777777777776 0.004166666666666667 0.014814814814814815
0 0.46640625 0.38055555555555554 0.0046875 0.012962962962962963
0 0.52734375 0.4078703703703704 0.0046875 0.021296296296296296
0 0.5174479166666667 0.4050925925925926 0.005729166666666666 0.019444444444444445
0 0.5268229166666667 0.3824074074074074 0.0026041666666666665 0.022222222222222223
0 0.5106770833333333 0.3837962962962963 0.0036458333333333334 0.013888888888888888
0 0.5005208333333333 0.39537037037037037 0.004166666666666667 0.014814814814814815
0 0.49765625 0.3712962962962963 0.0036458333333333334 0.011111111111111112
0 0.50078125 0.36203703703703705 0.0026041666666666665 0.009259259259259259
0 0.50625 0.35462962962962963 0.003125 0.009259259259259259
0 0.5098958333333333 0.35138888888888886 0.003125 0.013888888888888888
0 0.5104166666666666 0.3680555555555556 0.003125 0.010185185185185186
0 0.48385416666666664 0.3402777777777778 0.003125 0.010185185185185186
0 0.48385416666666664 0.32592592592592595 0.003125 0.009259259259259259
0 0.46822916666666664 0.2833333333333333 0.003125 0.007407407407407408
0 0.4708333333333333 0.28888888888888886 0.003125 0.007407407407407408
0 0.4861979166666667 0.2796296296296296 0.0036458333333333334 0.009259259259259259
0 0.49244791666666665 0.2810185185185185 0.0026041666666666665 0.008333333333333333
0 0.49635416666666665 0.2898148148148148 0.003125 0.009259259259259259
0 0.5041666666666667 0.2865740740740741 0.0020833333333333333 0.010185185185185186
0 0.50703125 0.30694444444444446 0.0036458333333333334 0.013888888888888888
0 0.49765625 0.31157407407407406 0.0026041666666666665 0.006481481481481481
0 0.49713541666666666 0.30925925925925923 0.0036458333333333334 0.009259259259259259
0 0.4783854166666667 0.3138888888888889 0.0026041666666666665 0.007407407407407408
0 0.48151041666666666 0.30694444444444446 0.0026041666666666665 0.008333333333333333
0 0.47421875 0.30694444444444446 0.0036458333333333334 0.010185185185185186