0 0.365625 0.3212962962962963 0.00625 0.024074074074074074
0 0.37447916666666664 0.3212962962962963 0.005208333333333333 0.03148148148148148
0 0.5104166666666666 0.47685185185185186 0.008333333333333333 0.03518518518518519
0 0.5291666666666667 0.4861111111111111 0.0125 0.027777777777777776
0 0.5291666666666667 0.49907407407407406 0.0125 0.03148148148148148
0 0.46875 0.5101851851851852 0.0125 0.03148148148148148
0 0.44583333333333336 0.5481481481481482 0.0125 0.044444444444444446
0 0.3140625 0.43425925925925923 0.009375 0.03148148148148148
0 0.4890625 0.36666666666666664 0.007291666666666667 0.025925925925925925
0 0.5067708333333333 0.3731481481481482 0.009375 0.027777777777777776
0 0.5010416666666667 0.3453703703703704 0.00625 0.020370370370370372
0 0.8723958333333334 0.8842592592592593 0.026041666666666668 0.09814814814814815
0 0.3536458333333333 0.36203703703703705 0.007291666666666667 0.020370370370370372
0 0.38697916666666665 0.31203703703703706 0.005208333333333333 0.016666666666666666
0 0.3958333333333333 0.31296296296296294 0.004166666666666667 0.018518518518518517
0 0.4322916666666667 0.2675925925925926 0.004166666666666667 0.016666666666666666
0 0.44583333333333336 0.25555555555555554 0.004166666666666667 0.014814814814814815
0 0.4864583333333333 0.2851851851851852 0.004166666666666667 0.014814814814814815
0 0.4979166666666667 0.30462962962962964 0.004166666666666667 0.012962962962962963
0 0.5078125 0.30277777777777776 0.003125 0.012962962962962963
0 0.5010416666666667 0.2861111111111111 0.004166666666666667 0.012962962962962963