0 0.3963235294117647 0.973202614379085 0.013235294117647059 0.05359477124183006
0 0.7952205882352941 0.6150326797385621 0.008088235294117648 0.027450980392156862
0 0.7867647058823529 0.6189542483660131 0.011764705882352941 0.040522875816993466
0 0.6444852941176471 0.35490196078431374 0.008088235294117648 0.03529411764705882
0 0.6308823529411764 0.33790849673202616 0.007352941176470588 0.032679738562091505
0 0.6360294117647058 0.3869281045751634 0.007352941176470588 0.036601307189542485
0 0.16397058823529412 0.6359477124183006 0.013235294117647059 0.06666666666666667
0 0.12830882352941175 0.6130718954248366 0.0125 0.05751633986928104
0 0.10441176470588236 0.6248366013071895 0.011764705882352941 0.06013071895424837
0 0.11066176470588235 0.6169934640522876 0.013970588235294118 0.05228758169934641
0 0.09852941176470588 0.7686274509803922 0.020588235294117647 0.054901960784313725
0 0.0713235294117647 0.7928104575163398 0.025 0.0718954248366013
0 0.06286764705882353 0.7549019607843137 0.021323529411764706 0.05359477124183006
0 0.48970588235294116 0.17777777777777778 0.004411764705882353 0.018300653594771243
0 0.5058823529411764 0.21045751633986928 0.004411764705882353 0.023529411764705882
0 0.5058823529411764 0.3241830065359477 0.0058823529411764705 0.026143790849673203
0 0.5073529411764706 0.15555555555555556 0.004411764705882353 0.018300653594771243
0 0.5113970588235294 0.15620915032679739 0.003676470588235294 0.01699346405228758
0 0.5790441176470589 0.14967320261437908 0.003676470588235294 0.01699346405228758
0 0.5823529411764706 0.1503267973856209 0.0029411764705882353 0.01568627450980392
0 0.5735294117647058 0.13137254901960785 0.0029411764705882353 0.009150326797385621
0 0.5863970588235294 0.1758169934640523 0.003676470588235294 0.01437908496732026