0 0.09595588235294118 0.4189542483660131 0.0125 0.048366013071895426
0 0.7433823529411765 0.3483660130718954 0.010294117647058823 0.03529411764705882
0 0.7533088235294118 0.34444444444444444 0.008088235294117648 0.03529411764705882
0 0.7132352941176471 0.2627450980392157 0.007352941176470588 0.03398692810457516
0 0.4702205882352941 0.23398692810457516 0.008088235294117648 0.026143790849673203
0 0.47316176470588234 0.234640522875817 0.005147058823529412 0.01699346405228758
0 0.8014705882352942 0.15816993464052287 0.004411764705882353 0.02875816993464052
0 0.8202205882352941 0.1607843137254902 0.005147058823529412 0.023529411764705882
0 0.8125 0.16405228758169935 0.004411764705882353 0.009150326797385621
0 0.9830882352941176 0.1503267973856209 0.0029411764705882353 0.01568627450980392
0 0.9893382352941177 0.1503267973856209 0.003676470588235294 0.018300653594771243
0 0.6595588235294118 0.13333333333333333 0.004411764705882353 0.02091503267973856
0 0.6213235294117647 0.1568627450980392 0.004411764705882353 0.026143790849673203
0 0.6253676470588235 0.15490196078431373 0.0022058823529411764 0.01699346405228758
0 0.5900735294117647 0.14248366013071895 0.006617647058823529 0.023529411764705882
0 0.5897058823529412 0.13986928104575164 0.004411764705882353 0.023529411764705882
0 0.4636029411764706 0.14705882352941177 0.006617647058823529 0.022222222222222223
0 0.4985294117647059 0.13333333333333333 0.0058823529411764705 0.02091503267973856
0 0.5080882352941176 0.13137254901960785 0.0058823529411764705 0.02483660130718954
0 0.538235294117647 0.08431372549019608 0.0029411764705882353 0.01699346405228758
0 0.5404411764705882 0.08300653594771241 0.0029411764705882353 0.0196078431372549
0 0.5772058823529411 0.056862745098039215 0.0029411764705882353 0.0196078431372549
0 0.5801470588235295 0.05359477124183006 0.0029411764705882353 0.00784313725490196
0 0.37830882352941175 0.1830065359477124 0.006617647058823529 0.026143790849673203
0 0.40404411764705883 0.15490196078431373 0.006617647058823529 0.0196078431372549
0 0.4007352941176471 0.12679738562091503 0.004411764705882353 0.023529411764705882
0 0.4033088235294118 0.12941176470588237 0.005147058823529412 0.023529411764705882
0 0.24816176470588236 0.19084967320261437 0.003676470588235294 0.02875816993464052
0 0.27058823529411763 0.13333333333333333 0.007352941176470588 0.018300653594771243
0 0.2797794117647059 0.11633986928104575 0.005147058823529412 0.023529411764705882
0 0.30661764705882355 0.0934640522875817 0.004411764705882353 0.022222222222222223
0 0.31838235294117645 0.09869281045751634 0.004411764705882353 0.0196078431372549
0 0.3209558823529412 0.09934640522875816 0.003676470588235294 0.02091503267973856
0 0.32536764705882354 0.10130718954248366 0.003676470588235294 0.022222222222222223
0 0.33088235294117646 0.10261437908496732 0.004411764705882353 0.022222222222222223
0 0.3316176470588235 0.1 0.0029411764705882353 0.022222222222222223
0 0.33345588235294116 0.10196078431372549 0.003676470588235294 0.018300653594771243
0 0.4400735294117647 0.06666666666666667 0.005147058823529412 0.018300653594771243
0 0.3941176470588235 0.07450980392156863 0.004411764705882353 0.01568627450980392
0 0.4011029411764706 0.03398692810457516 0.0022058823529411764 0.01568627450980392
0 0.5213235294117647 0.02679738562091503 0.0029411764705882353 0.011764705882352941
0 0.2893382352941177 0.35947712418300654 0.006617647058823529 0.04183006535947712
0 0.29448529411764707 0.3562091503267974 0.0125 0.03790849673202614
0 0.3154411764705882 0.32483660130718955 0.010294117647058823 0.027450980392156862
0 0.3224264705882353 0.33725490196078434 0.008088235294117648 0.026143790849673203
0 0.21801470588235294 0.3156862745098039 0.009558823529411765 0.030065359477124184
0 0.05698529411764706 0.3934640522875817 0.011029411764705883 0.044444444444444446
0 0.09522058823529411 0.29477124183006537 0.006617647058823529 0.0196078431372549
0 0.2113970588235294 0.12222222222222222 0.008088235294117648 0.02483660130718954
0 0.17904411764705883 0.1 0.005147058823529412 0.022222222222222223
0 0.1948529411764706 0.10130718954248366 0.0058823529411764705 0.0196078431372549