0 0.25 0.6019607843137255 0.014705882352941176 0.07712418300653595
0 0.23088235294117648 0.5901960784313726 0.013235294117647059 0.06928104575163399
0 0.45036764705882354 0.7758169934640523 0.013970588235294118 0.06143790849673202
0 0.4547794117647059 0.7915032679738562 0.008088235294117648 0.043137254901960784
0 0.2827205882352941 0.49084967320261436 0.011029411764705883 0.05620915032679739
0 0.2772058823529412 0.5248366013071896 0.011764705882352941 0.05620915032679739
0 0.28198529411764706 0.5169934640522876 0.006617647058823529 0.03790849673202614
0 0.27095588235294116 0.5444444444444444 0.0125 0.0457516339869281
0 0.8779411764705882 0.37058823529411766 0.010294117647058823 0.0457516339869281
0 0.2551470588235294 0.4830065359477124 0.013235294117647059 0.05620915032679739
0 0.08419117647058824 0.027450980392156862 0.009558823529411765 0.036601307189542485
0 0.6426470588235295 0.4934640522875817 0.010294117647058823 0.05359477124183006
0 0.6485294117647059 0.4235294117647059 0.011764705882352941 0.054901960784313725
0 0.6330882352941176 0.43790849673202614 0.010294117647058823 0.054901960784313725
0 0.6172794117647059 0.38823529411764707 0.0125 0.054901960784313725
0 0.6283088235294118 0.42549019607843136 0.009558823529411765 0.05359477124183006
0 0.6613970588235294 0.4673202614379085 0.015441176470588236 0.048366013071895426
0 0.44448529411764703 0.00522875816993464 0.006617647058823529 0.01045751633986928