0 0.11145833333333334 0.22962962962962963 0.008333333333333333 0.014814814814814815
0 0.11484375 0.22685185185185186 0.0067708333333333336 0.016666666666666666
0 0.1125 0.3282407407407407 0.007291666666666667 0.013888888888888888
0 0.12109375 0.4078703703703704 0.0067708333333333336 0.013888888888888888
0 0.11614583333333334 0.41712962962962963 0.008333333333333333 0.01574074074074074
0 0.11666666666666667 0.4689814814814815 0.007291666666666667 0.01574074074074074
0 0.12526041666666668 0.6518518518518519 0.0078125 0.012962962962962963
0 0.17005208333333333 0.8523148148148149 0.0067708333333333336 0.01574074074074074
0 0.18151041666666667 0.9583333333333334 0.0078125 0.011111111111111112
0 0.29609375 0.009722222222222222 0.0046875 0.012037037037037037
0 0.3307291666666667 0.032407407407407406 0.004166666666666667 0.018518518518518517
0 0.33828125 0.06620370370370371 0.0046875 0.01574074074074074
0 0.33177083333333335 0.07916666666666666 0.004166666666666667 0.017592592592592594
0 0.33567708333333335 0.08425925925925926 0.0036458333333333334 0.012962962962962963
0 0.34296875 0.10601851851851851 0.0036458333333333334 0.013888888888888888
0 0.3260416666666667 0.09212962962962963 0.00625 0.013888888888888888
0 0.33958333333333335 0.14675925925925926 0.005208333333333333 0.017592592592592594
0 0.31744791666666666 0.1935185185185185 0.005729166666666666 0.011111111111111112
0 0.3494791666666667 0.25416666666666665 0.005208333333333333 0.01574074074074074
0 0.36223958333333334 0.27175925925925926 0.005729166666666666 0.017592592592592594
0 0.39609375 0.43287037037037035 0.005729166666666666 0.012037037037037037
0 0.39375 0.47453703703703703 0.004166666666666667 0.012037037037037037
0 0.45390625 0.43287037037037035 0.005729166666666666 0.013888888888888888
0 0.46145833333333336 0.49953703703703706 0.005208333333333333 0.013888888888888888
0 0.50703125 0.45694444444444443 0.0046875 0.012037037037037037
0 0.509375 0.46574074074074073 0.00625 0.011111111111111112
0 0.5135416666666667 0.4615740740740741 0.004166666666666667 0.013888888888888888
0 0.5223958333333333 0.4685185185185185 0.005208333333333333 0.012962962962962963
0 0.51015625 0.5111111111111111 0.0046875 0.011111111111111112
0 0.49765625 0.5171296296296296 0.0036458333333333334 0.010185185185185186
0 0.5088541666666667 0.5222222222222223 0.005208333333333333 0.011111111111111112
0 0.3684895833333333 0.4675925925925926 0.0046875 0.016666666666666666
0 0.421875 0.5435185185185185 0.004166666666666667 0.012962962962962963
0 0.3578125 0.5611111111111111 0.004166666666666667 0.011111111111111112
0 0.36666666666666664 0.6305555555555555 0.00625 0.011111111111111112
0 0.39140625 0.674074074074074 0.0036458333333333334 0.014814814814814815
0 0.4466145833333333 0.6472222222222223 0.005729166666666666 0.014814814814814815
0 0.5572916666666666 0.4597222222222222 0.00625 0.012037037037037037
0 0.5606770833333333 0.47129629629629627 0.0046875 0.012962962962962963
0 0.44453125 0.8555555555555555 0.005729166666666666 0.012962962962962963
0 0.5346354166666667 0.924537037037037 0.0067708333333333336 0.013888888888888888
0 0.6328125 0.42314814814814816 0.004166666666666667 0.011111111111111112
0 0.6505208333333333 0.4550925925925926 0.00625 0.013888888888888888
0 0.6489583333333333 0.49583333333333335 0.007291666666666667 0.01574074074074074
0 0.671875 0.4699074074074074 0.005208333333333333 0.013888888888888888
0 0.6684895833333333 0.6199074074074075 0.0046875 0.008333333333333333
0 0.6700520833333333 0.625462962962963 0.0046875 0.008333333333333333
0 0.6705729166666666 0.6310185185185185 0.0046875 0.008333333333333333
0 0.6596354166666667 0.6356481481481482 0.005729166666666666 0.012037037037037037
0 0.6627604166666666 0.6712962962962963 0.005729166666666666 0.011111111111111112
0 0.7291666666666666 0.4361111111111111 0.00625 0.011111111111111112
0 0.7203125 0.4828703703703704 0.007291666666666667 0.012037037037037037
0 0.7140625 0.5888888888888889 0.005208333333333333 0.011111111111111112
0 0.6885416666666667 0.5564814814814815 0.00625 0.011111111111111112
0 0.6848958333333334 0.5708333333333333 0.00625 0.013888888888888888
0 0.6872395833333333 0.6134259259259259 0.0078125 0.012037037037037037
0 0.6880208333333333 0.6240740740740741 0.005208333333333333 0.011111111111111112
0 0.69375 0.674074074074074 0.00625 0.011111111111111112