0 0.46848958333333335 0.3837962962962963 0.0036458333333333334 0.01574074074074074
0 0.44453125 0.4583333333333333 0.005729166666666666 0.018518518518518517
0 0.4518229166666667 0.5064814814814815 0.0067708333333333336 0.025925925925925925
0 0.44479166666666664 0.5740740740740741 0.007291666666666667 0.03333333333333333
0 0.43307291666666664 0.5643518518518519 0.008854166666666666 0.030555555555555555
0 0.4197916666666667 0.562962962962963 0.008333333333333333 0.03333333333333333
0 0.40182291666666664 0.5361111111111111 0.0078125 0.024074074074074074
0 0.4075520833333333 0.5583333333333333 0.0078125 0.025925925925925925
0 0.45677083333333335 0.612037037037037 0.009375 0.03148148148148148
0 0.5432291666666667 0.9407407407407408 0.008333333333333333 0.037037037037037035
0 0.5463541666666667 0.937037037037037 0.010416666666666666 0.05
0 0.5526041666666667 0.9347222222222222 0.008333333333333333 0.041666666666666664
0 0.5841145833333333 0.7773148148148148 0.013020833333333334 0.04537037037037037
0 0.5640625 0.6819444444444445 0.010416666666666666 0.04351851851851852
0 0.5515625 0.6893518518518519 0.010416666666666666 0.030555555555555555
0 0.5502604166666667 0.6888888888888889 0.011979166666666667 0.037037037037037035
0 0.5533854166666666 0.5652777777777778 0.0078125 0.03611111111111111
0 0.5505208333333333 0.5287037037037037 0.007291666666666667 0.024074074074074074
0 0.5588541666666667 0.5504629629629629 0.007291666666666667 0.025
0 0.49557291666666664 0.4046296296296296 0.0046875 0.018518518518518517
0 0.5013020833333334 0.41944444444444445 0.005729166666666666 0.016666666666666666
0 0.5067708333333333 0.4148148148148148 0.005208333333333333 0.016666666666666666
0 0.5247395833333334 0.40925925925925927 0.0046875 0.018518518518518517
0 0.5393229166666667 0.47824074074074074 0.005729166666666666 0.017592592592592594
0 0.56796875 0.5254629629629629 0.005729166666666666 0.028703703703703703
0 0.5723958333333333 0.5222222222222223 0.005208333333333333 0.027777777777777776
0 0.5643229166666667 0.5226851851851851 0.0046875 0.028703703703703703
0 0.6421875 0.5421296296296296 0.005208333333333333 0.026851851851851852
0 0.6455729166666667 0.5416666666666666 0.0046875 0.024074074074074074
0 0.6263020833333334 0.5305555555555556 0.005729166666666666 0.03148148148148148
0 0.6328125 0.5310185185185186 0.00625 0.032407407407407406
0 0.6111979166666667 0.525 0.0046875 0.022222222222222223
0 0.6216145833333333 0.5458333333333333 0.0078125 0.017592592592592594
0 0.6145833333333334 0.5435185185185185 0.007291666666666667 0.024074074074074074
0 0.6072916666666667 0.5032407407407408 0.00625 0.028703703703703703