0 0.29411764705882354 0.9071895424836601 0.020588235294117647 0.036601307189542485
0 0.3816176470588235 0.8568627450980392 0.01764705882352941 0.05359477124183006
0 0.38382352941176473 0.8405228758169935 0.016176470588235296 0.0392156862745098
0 0.2073529411764706 0.8352941176470589 0.020588235294117647 0.054901960784313725
0 0.38529411764705884 0.9790849673202614 0.020588235294117647 0.0392156862745098
0 0.325 0.5771241830065359 0.01911764705882353 0.040522875816993466
0 0.3323529411764706 0.5032679738562091 0.016176470588235296 0.0392156862745098
0 0.07022058823529412 0.46143790849673205 0.016911764705882352 0.036601307189542485
0 0.08198529411764706 0.46601307189542485 0.011029411764705883 0.03790849673202614
0 0.022426470588235294 0.3790849673202614 0.015441176470588236 0.03398692810457516
0 0.014705882352941176 0.3738562091503268 0.016176470588235296 0.036601307189542485
0 0.14595588235294119 0.30522875816993467 0.021323529411764706 0.05620915032679739
0 0.4488970588235294 0.5372549019607843 0.0125 0.047058823529411764
0 0.4128676470588235 0.5758169934640522 0.013970588235294118 0.048366013071895426
0 0.4511029411764706 0.44052287581699345 0.015441176470588236 0.0392156862745098
0 0.5272058823529412 0.4084967320261438 0.013235294117647059 0.03790849673202614
0 0.549264705882353 0.18496732026143792 0.010294117647058823 0.03790849673202614
0 0.5617647058823529 0.21764705882352942 0.011764705882352941 0.03529411764705882
0 0.70625 0.35294117647058826 0.0125 0.02875816993464052
0 0.7033088235294118 0.3411764705882353 0.013970588235294118 0.03398692810457516
0 0.7025735294117647 0.49084967320261436 0.0125 0.03790849673202614
0 0.6897058823529412 0.742483660130719 0.020588235294117647 0.036601307189542485
0 0.9691176470588235 0.6529411764705882 0.025 0.048366013071895426
0 0.9136029411764706 0.6098039215686275 0.021323529411764706 0.043137254901960784
0 0.9253676470588236 0.6150326797385621 0.013970588235294118 0.032679738562091505
0 0.8176470588235294 0.23790849673202613 0.013235294117647059 0.044444444444444446
0 0.9227941176470589 0.34705882352941175 0.01911764705882353 0.048366013071895426
0 0.8816176470588235 0.2901960784313726 0.014705882352941176 0.044444444444444446
0 0.8485294117647059 0.4522875816993464 0.01911764705882353 0.04967320261437908
0 0.8772058823529412 0.45359477124183006 0.016176470588235296 0.05228758169934641
0 0.8165441176470588 0.46078431372549017 0.021323529411764706 0.048366013071895426
0 0.8518382352941176 0.4 0.013970588235294118 0.047058823529411764
0 0.8639705882352942 0.43333333333333335 0.01764705882352941 0.050980392156862744
0 0.8636029411764706 0.40065359477124185 0.016911764705882352 0.048366013071895426
0 0.8327205882352942 0.10522875816993464 0.013970588235294118 0.022222222222222223
0 0.8073529411764706 0.04183006535947712 0.010294117647058823 0.0392156862745098
0 0.8308823529411765 0.026143790849673203 0.011764705882352941 0.044444444444444446
0 0.8492647058823529 0.034640522875816995 0.011764705882352941 0.040522875816993466
0 0.8382352941176471 0.01699346405228758 0.010294117647058823 0.03398692810457516
0 0.8378676470588236 0.9300653594771242 0.01838235294117647 0.058823529411764705
0 0.8558823529411764 0.9235294117647059 0.01764705882352941 0.05620915032679739
0 0.8433823529411765 0.8875816993464052 0.020588235294117647 0.044444444444444446
0 0.8801470588235294 0.826797385620915 0.020588235294117647 0.06405228758169934
0 0.8691176470588236 0.8196078431372549 0.020588235294117647 0.04967320261437908
0 0.9628676470588236 0.6 0.01838235294117647 0.054901960784313725