0 0.5632352941176471 0.7470588235294118 0.016176470588235296 0.0457516339869281
0 0.2878676470588235 0.45359477124183006 0.013970588235294118 0.05228758169934641
0 0.3161764705882353 0.4437908496732026 0.013235294117647059 0.050980392156862744
0 0.6922794117647059 0.4326797385620915 0.006617647058823529 0.04183006535947712
0 0.6900735294117647 0.4169934640522876 0.009558823529411765 0.0392156862745098
0 0.6297794117647059 0.39215686274509803 0.011029411764705883 0.04967320261437908
0 0.6205882352941177 0.3908496732026144 0.010294117647058823 0.044444444444444446
0 0.5963235294117647 0.3405228758169935 0.008823529411764706 0.043137254901960784
0 0.6647058823529411 0.3209150326797386 0.008823529411764706 0.03790849673202614
0 0.6566176470588235 0.3215686274509804 0.007352941176470588 0.0392156862745098
0 0.39705882352941174 0.16732026143790849 0.0058823529411764705 0.03137254901960784
0 0.5305147058823529 0.10718954248366012 0.008088235294117648 0.02875816993464052
0 0.5819852941176471 0.07777777777777778 0.006617647058823529 0.02483660130718954
0 0.5566176470588236 0.006535947712418301 0.0029411764705882353 0.013071895424836602
0 0.5496323529411765 0.00849673202614379 0.003676470588235294 0.01699346405228758
0 0.46838235294117647 0.006535947712418301 0.004411764705882353 0.013071895424836602
0 0.4860294117647059 0.00718954248366013 0.004411764705882353 0.01437908496732026