0 0.13229166666666667 0.7694444444444445 0.029166666666666667 0.06111111111111111
0 0.02109375 0.6611111111111111 0.025520833333333333 0.06666666666666667
0 0.17786458333333333 0.3912037037037037 0.022395833333333334 0.05648148148148148
0 0.19114583333333332 0.3990740740740741 0.015625 0.040740740740740744
0 0.21015625 0.3101851851851852 0.018229166666666668 0.05
0 0.21770833333333334 0.3138888888888889 0.014583333333333334 0.044444444444444446
0 0.25052083333333336 0.2967592592592593 0.019791666666666666 0.04537037037037037
0 0.04401041666666667 0.04814814814814815 0.016145833333333335 0.05185185185185185
0 0.6671875 0.4236111111111111 0.015625 0.05462962962962963
0 0.6622395833333333 0.3962962962962963 0.013020833333333334 0.06111111111111111
0 0.6684895833333333 0.3712962962962963 0.0109375 0.06111111111111111
0 0.7036458333333333 0.36435185185185187 0.021875 0.06018518518518518