0 0.975735294117647 0.9686274509803922 0.01911764705882353 0.06274509803921569
0 0.9900735294117647 0.9679738562091503 0.019852941176470587 0.06143790849673202
0 0.9411764705882353 0.9352941176470588 0.016176470588235296 0.0718954248366013
0 0.9047794117647059 0.8980392156862745 0.015441176470588236 0.04967320261437908
0 0.8764705882352941 0.9013071895424837 0.016176470588235296 0.06928104575163399
0 0.7985294117647059 0.9267973856209151 0.01764705882352941 0.047058823529411764
0 0.7455882352941177 0.8549019607843137 0.016176470588235296 0.04183006535947712
0 0.836764705882353 0.796078431372549 0.013235294117647059 0.06013071895424837
0 0.8547794117647058 0.7673202614379085 0.013970588235294118 0.05228758169934641
0 0.8180147058823529 0.7444444444444445 0.0125 0.05359477124183006
0 0.8272058823529411 0.74640522875817 0.008823529411764706 0.047058823529411764
0 0.8606617647058824 0.7372549019607844 0.01838235294117647 0.02875816993464052
0 0.8172794117647059 0.6712418300653594 0.011029411764705883 0.040522875816993466
0 0.8606617647058824 0.6647058823529411 0.0125 0.030065359477124184
0 0.8022058823529412 0.6686274509803921 0.010294117647058823 0.043137254901960784
0 0.7841911764705882 0.6705882352941176 0.011029411764705883 0.04183006535947712
0 0.7926470588235294 0.6457516339869281 0.008823529411764706 0.04183006535947712
0 0.7875 0.6411764705882353 0.007352941176470588 0.03529411764705882
0 0.7805147058823529 0.6470588235294118 0.0125 0.04183006535947712
0 0.7650735294117647 0.665359477124183 0.011029411764705883 0.04183006535947712
0 0.7194852941176471 0.7594771241830065 0.0125 0.0392156862745098
0 0.6882352941176471 0.6908496732026144 0.010294117647058823 0.03529411764705882
0 0.6904411764705882 0.6633986928104575 0.011764705882352941 0.03790849673202614
0 0.65 0.6895424836601307 0.010294117647058823 0.048366013071895426
0 0.07941176470588235 0.7176470588235294 0.014705882352941176 0.04183006535947712
0 0.06654411764705882 0.6980392156862745 0.0125 0.04183006535947712
0 0.09669117647058824 0.5235294117647059 0.009558823529411765 0.032679738562091505
0 0.042279411764705885 0.5222222222222223 0.006617647058823529 0.03790849673202614
0 0.05 0.5209150326797386 0.010294117647058823 0.03790849673202614
0 0.12463235294117647 0.4111111111111111 0.008088235294117648 0.02483660130718954
0 0.18970588235294117 0.5732026143790849 0.010294117647058823 0.03790849673202614
0 0.1875 0.5411764705882353 0.008823529411764706 0.03137254901960784
0 0.13566176470588234 0.4673202614379085 0.008088235294117648 0.030065359477124184
0 0.11948529411764706 0.46405228758169936 0.006617647058823529 0.03137254901960784
0 0.0974264705882353 0.4797385620915033 0.006617647058823529 0.03137254901960784
0 0.10183823529411765 0.4797385620915033 0.006617647058823529 0.02875816993464052
0 0.10882352941176471 0.46862745098039216 0.007352941176470588 0.030065359477124184
0 0.14558823529411766 0.4673202614379085 0.0058823529411764705 0.027450980392156862
0 0.15441176470588236 0.48104575163398694 0.0058823529411764705 0.02875816993464052
0 0.15294117647058825 0.4627450980392157 0.0058823529411764705 0.02875816993464052
0 0.14154411764705882 0.44901960784313727 0.006617647058823529 0.030065359477124184
0 0.2852941176470588 0.47581699346405226 0.007352941176470588 0.02875816993464052
0 0.3522058823529412 0.503921568627451 0.007352941176470588 0.032679738562091505
0 0.1661764705882353 0.42091503267973857 0.0058823529411764705 0.023529411764705882
0 0.16323529411764706 0.4196078431372549 0.007352941176470588 0.023529411764705882
0 0.3845588235294118 0.4954248366013072 0.0058823529411764705 0.02875816993464052
0 0.41102941176470587 0.43856209150326797 0.007352941176470588 0.022222222222222223
0 0.4698529411764706 0.4875816993464052 0.008823529411764706 0.02875816993464052
0 0.4985294117647059 0.4849673202614379 0.007352941176470588 0.026143790849673203
0 0.5022058823529412 0.48562091503267973 0.0058823529411764705 0.027450980392156862
0 0.5220588235294118 0.4843137254901961 0.010294117647058823 0.030065359477124184
0 0.5430147058823529 0.49411764705882355 0.008088235294117648 0.02875816993464052
0 0.5511029411764706 0.4895424836601307 0.006617647058823529 0.027450980392156862
0 0.5319852941176471 0.4647058823529412 0.008088235294117648 0.0196078431372549
0 0.5628676470588235 0.4745098039215686 0.006617647058823529 0.023529411764705882
0 0.5779411764705882 0.4973856209150327 0.0058823529411764705 0.022222222222222223
0 0.5772058823529411 0.49084967320261436 0.0058823529411764705 0.027450980392156862
0 0.6051470588235294 0.5084967320261438 0.008823529411764706 0.03137254901960784
0 0.7481617647058824 0.6483660130718955 0.009558823529411765 0.03137254901960784
0 0.5966911764705882 0.47516339869281043 0.008088235294117648 0.02483660130718954
0 0.6102941176470589 0.3915032679738562 0.0058823529411764705 0.02483660130718954
0 0.6183823529411765 0.39281045751633986 0.0058823529411764705 0.02483660130718954
0 0.6231617647058824 0.3954248366013072 0.005147058823529412 0.022222222222222223
0 0.44816176470588237 0.39673202614379083 0.006617647058823529 0.01699346405228758
0 0.45808823529411763 0.37254901960784315 0.0058823529411764705 0.02091503267973856