0 0.8880208333333334 0.837037037037037 0.013541666666666667 0.05185185185185185
0 0.6666666666666666 0.9583333333333334 0.016666666666666666 0.06481481481481481
0 0.6651041666666667 0.9175925925925926 0.015625 0.06481481481481481
0 0.6739583333333333 0.7611111111111111 0.0125 0.05185185185185185
0 0.8421875 0.7648148148148148 0.011458333333333333 0.044444444444444446
0 0.8536458333333333 0.7666666666666667 0.011458333333333333 0.040740740740740744
0 0.86875 0.6388888888888888 0.010416666666666666 0.037037037037037035
0 0.8796875 0.6314814814814815 0.011458333333333333 0.037037037037037035
0 0.4953125 0.7583333333333333 0.011458333333333333 0.03888888888888889
0 0.48854166666666665 0.7564814814814815 0.014583333333333334 0.046296296296296294
0 0.5380208333333333 0.6194444444444445 0.011458333333333333 0.03888888888888889
0 0.5510416666666667 0.5722222222222222 0.008333333333333333 0.037037037037037035
0 0.48489583333333336 0.45740740740740743 0.007291666666666667 0.022222222222222223
0 0.475 0.3638888888888889 0.00625 0.020370370370370372
0 0.29270833333333335 0.6666666666666666 0.0125 0.040740740740740744