0 0.7290441176470588 0.5522875816993464 0.008088235294117648 0.040522875816993466
0 0.7180147058823529 0.5522875816993464 0.009558823529411765 0.032679738562091505
0 0.7503676470588235 0.42026143790849674 0.003676470588235294 0.01699346405228758
0 0.7455882352941177 0.4241830065359477 0.0058823529411764705 0.02483660130718954
0 0.46801470588235294 0.24901960784313726 0.005147058823529412 0.02483660130718954
0 0.45588235294117646 0.33790849673202616 0.004411764705882353 0.01437908496732026
0 0.4661764705882353 0.5104575163398692 0.008823529411764706 0.022222222222222223
0 0.45698529411764705 0.5352941176470588 0.008088235294117648 0.027450980392156862
0 0.2566176470588235 0.8516339869281045 0.010294117647058823 0.048366013071895426
0 0.25698529411764703 0.8287581699346406 0.0125 0.04967320261437908
0 0.28602941176470587 0.5431372549019607 0.007352941176470588 0.032679738562091505
0 0.7161764705882353 0.49019607843137253 0.007352941176470588 0.036601307189542485