0 0.8895833333333333 0.9194444444444444 0.016666666666666666 0.06851851851851852
0 0.9161458333333333 0.8759259259259259 0.013541666666666667 0.05185185185185185
0 0.9557291666666666 0.8907407407407407 0.015625 0.06666666666666667
0 0.934375 0.9166666666666666 0.020833333333333332 0.05555555555555555
0 0.9666666666666667 0.8416666666666667 0.0125 0.05740740740740741
0 0.9744791666666667 0.8675925925925926 0.017708333333333333 0.053703703703703705
0 0.9854166666666667 0.8453703703703703 0.01875 0.05740740740740741
0 0.984375 0.6555555555555556 0.014583333333333334 0.044444444444444446
0 0.7505208333333333 0.7981481481481482 0.013541666666666667 0.06296296296296296
0 0.8640625 0.7509259259259259 0.013541666666666667 0.05740740740740741
0 0.8515625 0.725925925925926 0.013541666666666667 0.044444444444444446
0 0.6359375 0.9120370370370371 0.015625 0.046296296296296294
0 0.6463541666666667 0.9685185185185186 0.019791666666666666 0.044444444444444446
0 0.6677083333333333 0.687962962962963 0.010416666666666666 0.046296296296296294
0 0.559375 0.649074074074074 0.008333333333333333 0.04259259259259259
0 0.7234375 0.562962962962963 0.007291666666666667 0.037037037037037035
0 0.6890625 0.5666666666666667 0.007291666666666667 0.03333333333333333
0 0.39427083333333335 0.9185185185185185 0.017708333333333333 0.037037037037037035
0 0.0921875 0.7185185185185186 0.009375 0.03333333333333333
0 0.2140625 0.7490740740740741 0.011458333333333333 0.05
0 0.3875 0.7314814814814815 0.0125 0.04814814814814815
0 0.2640625 0.7296296296296296 0.011458333333333333 0.025925925925925925
0 0.2520833333333333 0.7314814814814815 0.010416666666666666 0.025925925925925925
0 0.2838541666666667 0.6648148148148149 0.009375 0.02962962962962963
0 0.31302083333333336 0.6685185185185185 0.013541666666666667 0.025925925925925925
0 0.3848958333333333 0.6703703703703704 0.011458333333333333 0.04814814814814815
0 0.3265625 0.6638888888888889 0.011458333333333333 0.027777777777777776
0 0.3255208333333333 0.674074074074074 0.011458333333333333 0.02962962962962963
0 0.3776041666666667 0.6407407407407407 0.009375 0.025925925925925925
0 0.3609375 0.6129629629629629 0.011458333333333333 0.03333333333333333
0 0.4578125 0.5962962962962963 0.007291666666666667 0.018518518518518517
0 0.4041666666666667 0.6055555555555555 0.010416666666666666 0.02962962962962963
0 0.4078125 0.6101851851851852 0.007291666666666667 0.03888888888888889
0 0.4390625 0.5416666666666666 0.009375 0.024074074074074074
0 0.5541666666666667 0.5666666666666667 0.008333333333333333 0.02962962962962963
0 0.5619791666666667 0.5657407407407408 0.005208333333333333 0.024074074074074074
0 0.546875 0.5138888888888888 0.00625 0.020370370370370372
0 0.4953125 0.4703703703703704 0.007291666666666667 0.018518518518518517
0 0.50625 0.47314814814814815 0.00625 0.020370370370370372
0 0.42916666666666664 0.4777777777777778 0.00625 0.022222222222222223
0 0.45 0.48333333333333334 0.00625 0.022222222222222223