0 0.09779411764705882 0.4366013071895425 0.013235294117647059 0.06274509803921569
0 0.10698529411764705 0.42549019607843136 0.015441176470588236 0.040522875816993466
0 0.37058823529411766 0.2326797385620915 0.007352941176470588 0.036601307189542485
0 0.39044117647058824 0.19084967320261437 0.008823529411764706 0.03137254901960784
0 0.3786764705882353 0.44248366013071894 0.014705882352941176 0.06143790849673202
0 0.2878676470588235 0.09084967320261438 0.005147058823529412 0.022222222222222223
0 0.33786764705882355 0.0718954248366013 0.009558823529411765 0.023529411764705882
0 0.2761029411764706 0.04379084967320261 0.005147058823529412 0.02483660130718954
0 0.2827205882352941 0.043137254901960784 0.005147058823529412 0.023529411764705882
0 0.7654411764705882 0.5803921568627451 0.01764705882352941 0.06535947712418301
0 0.7797794117647059 0.5823529411764706 0.016911764705882352 0.06405228758169934
0 0.6889705882352941 0.4196078431372549 0.016176470588235296 0.04967320261437908
0 0.5422794117647058 0.2751633986928105 0.009558823529411765 0.03790849673202614
0 0.5301470588235294 0.19019607843137254 0.0058823529411764705 0.03790849673202614
0 0.5036764705882353 0.09477124183006536 0.007352941176470588 0.0196078431372549
0 0.3875 0.10196078431372549 0.008823529411764706 0.03398692810457516
0 0.46176470588235297 0.09019607843137255 0.0058823529411764705 0.02091503267973856
0 0.4588235294117647 0.08888888888888889 0.007352941176470588 0.026143790849673203
0 0.5003676470588235 0.040522875816993466 0.005147058823529412 0.018300653594771243
0 0.3948529411764706 0.028104575163398694 0.0058823529411764705 0.022222222222222223