0 0.8078125 0.4935185185185185 0.007291666666666667 0.024074074074074074
0 0.7677083333333333 0.4305555555555556 0.00625 0.020370370370370372
0 0.7046875 0.4601851851851852 0.005208333333333333 0.016666666666666666
0 0.8765625 0.4212962962962963 0.005208333333333333 0.016666666666666666
0 0.8994791666666667 0.42592592592592593 0.005208333333333333 0.018518518518518517
0 0.9229166666666667 0.42685185185185187 0.004166666666666667 0.020370370370370372
0 0.4578125 0.3472222222222222 0.005208333333333333 0.016666666666666666
0 0.47760416666666666 0.5731481481481482 0.005208333333333333 0.027777777777777776
0 0.43385416666666665 0.812962962962963 0.007291666666666667 0.037037037037037035
0 0.425 0.6675925925925926 0.008333333333333333 0.024074074074074074
0 0.3421875 0.7962962962962963 0.009375 0.02962962962962963
0 0.06614583333333333 0.7611111111111111 0.009375 0.037037037037037035
0 0.46979166666666666 0.31666666666666665 0.004166666666666667 0.018518518518518517
0 0.38177083333333334 0.47129629629629627 0.005208333333333333 0.016666666666666666
0 0.28020833333333334 0.4666666666666667 0.004166666666666667 0.014814814814814815
0 0.28072916666666664 0.46574074074074073 0.005208333333333333 0.016666666666666666