0 0.6665441176470588 0.6379084967320261 0.011029411764705883 0.047058823529411764
0 0.44448529411764703 0.40522875816993464 0.008088235294117648 0.036601307189542485
0 0.48051470588235295 0.24836601307189543 0.006617647058823529 0.02875816993464052
0 0.5672794117647059 0.28366013071895424 0.008088235294117648 0.036601307189542485
0 0.6713235294117647 0.4189542483660131 0.010294117647058823 0.040522875816993466
0 0.6827205882352941 0.42549019607843136 0.011029411764705883 0.040522875816993466
0 0.5952205882352941 0.14901960784313725 0.005147058823529412 0.023529411764705882
0 0.6018382352941176 0.15163398692810456 0.005147058823529412 0.02875816993464052
0 0.53125 0.016339869281045753 0.003676470588235294 0.0196078431372549
0 0.49522058823529413 0.11503267973856209 0.005147058823529412 0.02091503267973856
0 0.5003676470588235 0.028104575163398694 0.003676470588235294 0.01437908496732026
0 0.5724264705882353 0.01045751633986928 0.003676470588235294 0.01568627450980392