0 0.5246323529411765 0.5091503267973856 0.019852941176470587 0.043137254901960784
0 0.21691176470588236 0.6725490196078432 0.01764705882352941 0.058823529411764705
0 0.12830882352941175 0.5758169934640522 0.013970588235294118 0.048366013071895426
0 0.11875 0.5620915032679739 0.013970588235294118 0.06013071895424837
0 0.34301470588235294 0.30196078431372547 0.011029411764705883 0.03137254901960784
0 0.3518382352941177 0.3032679738562091 0.011029411764705883 0.03137254901960784
0 0.8198529411764706 0.5875816993464053 0.013235294117647059 0.043137254901960784
0 0.8095588235294118 0.6431372549019608 0.016176470588235296 0.05228758169934641
0 0.8220588235294117 0.6398692810457516 0.010294117647058823 0.05359477124183006
0 0.7617647058823529 0.6176470588235294 0.011764705882352941 0.048366013071895426
0 0.6261029411764706 0.5398692810457516 0.011029411764705883 0.044444444444444446
0 0.6301470588235294 0.5320261437908497 0.010294117647058823 0.044444444444444446
0 0.7172794117647059 0.5424836601307189 0.013970588235294118 0.044444444444444446
0 0.7375 0.5281045751633987 0.007352941176470588 0.02875816993464052
0 0.7419117647058824 0.5477124183006536 0.007352941176470588 0.02875816993464052
0 0.7492647058823529 0.5784313725490197 0.008823529411764706 0.030065359477124184
0 0.7415441176470589 0.5764705882352941 0.009558823529411765 0.03398692810457516
0 0.5099264705882353 0.16666666666666666 0.005147058823529412 0.009150326797385621
0 0.5172794117647059 0.21372549019607842 0.005147058823529412 0.011764705882352941
0 0.5073529411764706 0.18496732026143792 0.004411764705882353 0.011764705882352941
0 0.49926470588235294 0.10784313725490197 0.004411764705882353 0.009150326797385621