0 0.34852941176470587 0.9156862745098039 0.016176470588235296 0.06143790849673202
0 0.5275735294117647 0.4830065359477124 0.008088235294117648 0.022222222222222223
0 0.5319852941176471 0.3065359477124183 0.003676470588235294 0.0196078431372549
0 0.43161764705882355 0.37254901960784315 0.004411764705882353 0.023529411764705882
0 0.4294117647058823 0.3065359477124183 0.004411764705882353 0.01437908496732026
0 0.4375 0.30196078431372547 0.0029411764705882353 0.01568627450980392
0 0.3411764705882353 0.41830065359477125 0.0058823529411764705 0.026143790849673203
0 0.24044117647058824 0.45555555555555555 0.007352941176470588 0.032679738562091505
0 0.2485294117647059 0.45816993464052286 0.007352941176470588 0.027450980392156862
0 0.27941176470588236 0.48366013071895425 0.007352941176470588 0.026143790849673203
0 0.49411764705882355 0.3032679738562091 0.004411764705882353 0.01568627450980392
0 0.4834558823529412 0.30196078431372547 0.003676470588235294 0.01568627450980392
0 0.47573529411764703 0.2647058823529412 0.0029411764705882353 0.01699346405228758
0 0.3779411764705882 0.2633986928104575 0.0029411764705882353 0.01437908496732026
0 0.3830882352941177 0.26405228758169935 0.0029411764705882353 0.01568627450980392
0 0.39742647058823527 0.21372549019607842 0.0022058823529411764 0.011764705882352941
0 0.3996323529411765 0.21176470588235294 0.0022058823529411764 0.01045751633986928
0 0.3694852941176471 0.19215686274509805 0.0022058823529411764 0.00784313725490196
0 0.37316176470588236 0.1934640522875817 0.0022058823529411764 0.01045751633986928
0 0.3775735294117647 0.19411764705882353 0.0022058823529411764 0.009150326797385621
0 0.3886029411764706 0.19477124183006536 0.0022058823529411764 0.01045751633986928
0 0.3665441176470588 0.20718954248366014 0.0022058823529411764 0.009150326797385621
0 0.3849264705882353 0.19477124183006536 0.0022058823529411764 0.01045751633986928
0 0.38088235294117645 0.1934640522875817 0.0029411764705882353 0.013071895424836602
0 0.38088235294117645 0.20130718954248367 0.0029411764705882353 0.013071895424836602
0 0.4334558823529412 0.2222222222222222 0.0022058823529411764 0.01045751633986928
0 0.4632352941176471 0.23137254901960785 0.0029411764705882353 0.01045751633986928
0 0.47352941176470587 0.21176470588235294 0.0014705882352941176 0.01045751633986928
0 0.47095588235294117 0.2111111111111111 0.0022058823529411764 0.011764705882352941
0 0.43272058823529413 0.19019607843137254 0.0022058823529411764 0.011764705882352941
0 0.4386029411764706 0.19150326797385622 0.0022058823529411764 0.011764705882352941
0 0.4496323529411765 0.18888888888888888 0.0022058823529411764 0.006535947712418301