0 0.740625 0.9564814814814815 0.022916666666666665 0.06851851851851852
0 0.9010416666666666 0.6768518518518518 0.022916666666666665 0.05740740740740741
0 0.1125 0.9601851851851851 0.025 0.07962962962962963
0 0.13645833333333332 0.7759259259259259 0.014583333333333334 0.05925925925925926
0 0.23645833333333333 0.6620370370370371 0.0125 0.053703703703703705
0 0.240625 0.6694444444444444 0.008333333333333333 0.03518518518518519
0 0.38125 0.6611111111111111 0.016666666666666666 0.06666666666666667
0 0.478125 0.6305555555555555 0.0125 0.04259259259259259
0 0.4505208333333333 0.5990740740740741 0.011458333333333333 0.04259259259259259
0 0.4088541666666667 0.5972222222222222 0.011458333333333333 0.03888888888888889
0 0.53125 0.5944444444444444 0.014583333333333334 0.037037037037037035
0 0.5354166666666667 0.6046296296296296 0.0125 0.05740740740740741
0 0.3359375 0.6611111111111111 0.013541666666666667 0.06296296296296296
0 0.33697916666666666 0.65 0.013541666666666667 0.05185185185185185
0 0.3625 0.6351851851851852 0.010416666666666666 0.04814814814814815
0 0.30625 0.6203703703703703 0.0125 0.05555555555555555
0 0.2526041666666667 0.6296296296296297 0.015625 0.03333333333333333
0 0.26510416666666664 0.6083333333333333 0.013541666666666667 0.053703703703703705
0 0.11145833333333334 0.6787037037037037 0.0125 0.03888888888888889
0 0.08072916666666667 0.6768518518518518 0.017708333333333333 0.046296296296296294
0 0.3651041666666667 0.600925925925926 0.021875 0.03518518518518519
0 0.39427083333333335 0.5666666666666667 0.009375 0.037037037037037035
0 0.4296875 0.5666666666666667 0.013541666666666667 0.044444444444444446
0 0.3260416666666667 0.5453703703703704 0.0125 0.03518518518518519
0 0.3828125 0.5574074074074075 0.011458333333333333 0.04814814814814815
0 0.375 0.5592592592592592 0.008333333333333333 0.02962962962962963
0 0.3697916666666667 0.5481481481481482 0.010416666666666666 0.040740740740740744
0 0.44479166666666664 0.537962962962963 0.008333333333333333 0.046296296296296294
0 0.4317708333333333 0.5314814814814814 0.007291666666666667 0.044444444444444446
0 0.5067708333333333 0.5546296296296296 0.011458333333333333 0.04259259259259259
0 0.5567708333333333 0.575 0.013541666666666667 0.020370370370370372
0 0.390625 0.5157407407407407 0.008333333333333333 0.04259259259259259
0 0.40572916666666664 0.5046296296296297 0.007291666666666667 0.03518518518518519
0 0.5427083333333333 0.5638888888888889 0.0125 0.020370370370370372
0 0.5765625 0.5675925925925925 0.007291666666666667 0.03518518518518519
0 0.4317708333333333 0.48518518518518516 0.007291666666666667 0.03333333333333333
0 0.42135416666666664 0.47685185185185186 0.007291666666666667 0.03518518518518519
0 0.4270833333333333 0.48055555555555557 0.00625 0.03518518518518519
0 0.4348958333333333 0.47685185185185186 0.005208333333333333 0.027777777777777776
0 0.40677083333333336 0.4777777777777778 0.005208333333333333 0.03333333333333333
0 0.484375 0.4898148148148148 0.008333333333333333 0.03148148148148148
0 0.48541666666666666 0.4888888888888889 0.00625 0.025925925925925925
0 0.4583333333333333 0.475 0.008333333333333333 0.03148148148148148
0 0.484375 0.4398148148148148 0.00625 0.024074074074074074
0 0.44479166666666664 0.45185185185185184 0.008333333333333333 0.02962962962962963
0 0.5010416666666667 0.4388888888888889 0.00625 0.025925925925925925
0 0.46822916666666664 0.4351851851851852 0.007291666666666667 0.022222222222222223
0 0.4666666666666667 0.43148148148148147 0.004166666666666667 0.022222222222222223
0 0.490625 0.3851851851851852 0.00625 0.014814814814814815
0 0.4479166666666667 0.39814814814814814 0.00625 0.022222222222222223
0 0.4703125 0.39814814814814814 0.005208333333333333 0.018518518518518517
0 0.48333333333333334 0.4203703703703704 0.00625 0.018518518518518517
0 0.4869791666666667 0.4111111111111111 0.007291666666666667 0.018518518518518517
0 0.6338541666666667 0.6555555555555556 0.011458333333333333 0.06296296296296296
0 0.6244791666666667 0.6546296296296297 0.011458333333333333 0.06111111111111111
0 0.603125 0.6314814814814815 0.0125 0.06296296296296296
0 0.6666666666666666 0.5907407407407408 0.010416666666666666 0.040740740740740744
0 0.578125 0.46574074074074073 0.00625 0.027777777777777776
0 0.5458333333333333 0.45740740740740743 0.008333333333333333 0.03333333333333333