0 0.5988970588235294 0.7810457516339869 0.019852941176470587 0.09019607843137255
0 0.36433823529411763 0.43071895424836604 0.008088235294117648 0.032679738562091505
0 0.32279411764705884 0.5130718954248366 0.007352941176470588 0.048366013071895426
0 0.4415441176470588 0.24444444444444444 0.005147058823529412 0.023529411764705882
0 0.5209558823529412 0.2542483660130719 0.005147058823529412 0.022222222222222223
0 0.525 0.257516339869281 0.004411764705882353 0.018300653594771243
0 0.5 0.20588235294117646 0.004411764705882353 0.0196078431372549
0 0.5117647058823529 0.20718954248366014 0.004411764705882353 0.01699346405228758
0 0.5209558823529412 0.22026143790849673 0.003676470588235294 0.022222222222222223
0 0.524264705882353 0.2196078431372549 0.0029411764705882353 0.02091503267973856
0 0.5305147058823529 0.1934640522875817 0.005147058823529412 0.018300653594771243
0 0.5169117647058824 0.18169934640522875 0.004411764705882353 0.018300653594771243
0 0.4294117647058823 0.2477124183006536 0.004411764705882353 0.027450980392156862
0 0.4253676470588235 0.24836601307189543 0.005147058823529412 0.026143790849673203
0 0.4485294117647059 0.18888888888888888 0.0029411764705882353 0.022222222222222223
0 0.45294117647058824 0.18888888888888888 0.0029411764705882353 0.0196078431372549
0 0.4606617647058823 0.19215686274509805 0.003676470588235294 0.018300653594771243
0 0.5367647058823529 0.19019607843137254 0.004411764705882353 0.0196078431372549
0 0.5323529411764706 0.17320261437908496 0.0029411764705882353 0.01437908496732026
0 0.5286764705882353 0.17516339869281045 0.0029411764705882353 0.013071895424836602
0 0.5191176470588236 0.1411764705882353 0.0029411764705882353 0.013071895424836602