0 0.19595588235294117 0.09803921568627451 0.006617647058823529 0.01568627450980392
0 0.47316176470588234 0.49411764705882355 0.011029411764705883 0.047058823529411764
0 0.21360294117647058 0.27908496732026145 0.009558823529411765 0.03790849673202614
0 0.2073529411764706 0.27647058823529413 0.008823529411764706 0.040522875816993466
0 0.21580882352941178 0.7522875816993464 0.015441176470588236 0.0718954248366013
0 0.22536764705882353 0.7581699346405228 0.01838235294117647 0.06797385620915032
0 0.008455882352941176 0.792156862745098 0.016911764705882352 0.07058823529411765
0 0.061764705882352944 0.7045751633986929 0.023529411764705882 0.06013071895424837
0 0.2011029411764706 0.25163398692810457 0.008088235294117648 0.040522875816993466
0 0.32536764705882354 0.06405228758169934 0.005147058823529412 0.02091503267973856
0 0.3301470588235294 0.06209150326797386 0.004411764705882353 0.01699346405228758
0 0.48125 0.49607843137254903 0.008088235294117648 0.022222222222222223