0 0.42526041666666664 0.9416666666666667 0.0109375 0.06851851851851852
0 0.60625 0.9680555555555556 0.011458333333333333 0.06388888888888888
0 0.5333333333333333 0.9814814814814815 0.014583333333333334 0.037037037037037035
0 0.5513020833333333 0.9824074074074074 0.0140625 0.03518518518518519
0 0.4197916666666667 0.9226851851851852 0.009375 0.062037037037037036
0 0.3846354166666667 0.9805555555555555 0.015104166666666667 0.03888888888888889
0 0.6651041666666667 0.763425925925926 0.009375 0.041666666666666664
0 0.6731770833333334 0.7620370370370371 0.0067708333333333336 0.037037037037037035
0 0.6234375 0.6305555555555555 0.005208333333333333 0.03148148148148148
0 0.6315104166666666 0.6287037037037037 0.0067708333333333336 0.03333333333333333
0 0.6432291666666666 0.6472222222222223 0.008333333333333333 0.037037037037037035
0 0.6510416666666666 0.6365740740740741 0.007291666666666667 0.03611111111111111
0 0.6463541666666667 0.5921296296296297 0.00625 0.030555555555555555
0 0.6559895833333333 0.5912037037037037 0.005729166666666666 0.030555555555555555
0 0.6671875 0.5944444444444444 0.00625 0.03148148148148148
0 0.6734375 0.5944444444444444 0.00625 0.03148148148148148
0 0.61015625 0.5398148148148149 0.0046875 0.027777777777777776
0 0.63359375 0.42453703703703705 0.0036458333333333334 0.021296296296296296
0 0.62890625 0.44351851851851853 0.0046875 0.020370370370370372
0 0.6161458333333333 0.4444444444444444 0.004166666666666667 0.024074074074074074
0 0.6046875 0.412962962962963 0.003125 0.018518518518518517
0 0.6005208333333333 0.412962962962963 0.003125 0.016666666666666666
0 0.5841145833333333 0.42314814814814816 0.0036458333333333334 0.016666666666666666
0 0.578125 0.42777777777777776 0.003125 0.016666666666666666
0 0.6 0.4685185185185185 0.003125 0.018518518518518517
0 0.5596354166666667 0.5175925925925926 0.0036458333333333334 0.024074074074074074
0 0.6515625 0.5564814814814815 0.004166666666666667 0.024074074074074074
0 0.6578125 0.5555555555555556 0.005208333333333333 0.027777777777777776
0 0.6606770833333333 0.4791666666666667 0.0036458333333333334 0.025
0 0.65625 0.47824074074074074 0.004166666666666667 0.025
0 0.74296875 0.6555555555555556 0.008854166666666666 0.02962962962962963
0 0.7651041666666667 0.6990740740740741 0.009375 0.03333333333333333
0 0.7927083333333333 0.750462962962963 0.008333333333333333 0.03611111111111111
0 0.72890625 0.6782407407407407 0.008854166666666666 0.03796296296296296
0 0.7169270833333333 0.7074074074074074 0.005729166666666666 0.03888888888888889
0 0.7078125 0.7064814814814815 0.008333333333333333 0.03888888888888889
0 0.6932291666666667 0.6722222222222223 0.008333333333333333 0.03333333333333333
0 0.684375 0.6222222222222222 0.008333333333333333 0.03333333333333333
0 0.6755208333333333 0.6240740740740741 0.007291666666666667 0.03148148148148148
0 0.7106770833333333 0.587037037037037 0.005729166666666666 0.02962962962962963
0 0.6932291666666667 0.5208333333333334 0.005208333333333333 0.026851851851851852
0 0.6822916666666666 0.5324074074074074 0.005208333333333333 0.025925925925925925
0 0.68359375 0.5120370370370371 0.0046875 0.024074074074074074
0 0.7111979166666667 0.562037037037037 0.0046875 0.024074074074074074
0 0.7125 0.7435185185185185 0.008333333333333333 0.03888888888888889
0 0.64375 0.7393518518518518 0.005208333333333333 0.032407407407407406
0 0.63359375 0.5847222222222223 0.005729166666666666 0.023148148148148147
0 0.6096354166666667 0.5851851851851851 0.005729166666666666 0.024074074074074074
0 0.6221354166666667 0.524074074074074 0.0046875 0.022222222222222223
0 0.6380208333333334 0.5592592592592592 0.004166666666666667 0.018518518518518517
0 0.65390625 0.7023148148148148 0.008854166666666666 0.032407407407407406
0 0.6528645833333333 0.6814814814814815 0.0067708333333333336 0.025925925925925925
0 0.58203125 0.44074074074074077 0.0046875 0.014814814814814815
0 0.6005208333333333 0.43842592592592594 0.004166666666666667 0.013888888888888888
0 0.5950520833333334 0.4513888888888889 0.0046875 0.013888888888888888
0 0.5893229166666667 0.44675925925925924 0.0046875 0.013888888888888888
0 0.6265625 0.5680555555555555 0.004166666666666667 0.01574074074074074
0 0.6260416666666667 0.5615740740740741 0.004166666666666667 0.01574074074074074
0 0.6265625 0.5467592592592593 0.004166666666666667 0.01574074074074074
0 0.6098958333333333 0.4828703703703704 0.005208333333333333 0.01574074074074074
0 0.78671875 0.788425925925926 0.0078125 0.03981481481481482
0 0.7783854166666667 0.7912037037037037 0.0078125 0.03981481481481482
0 0.7346354166666667 0.9800925925925926 0.009895833333333333 0.03981481481481482
0 0.74609375 0.9782407407407407 0.009895833333333333 0.04351851851851852
0 0.7544270833333333 0.9263888888888889 0.0109375 0.06388888888888888
0 0.7440104166666667 0.9185185185185185 0.0140625 0.06666666666666667
0 0.6916666666666667 0.825462962962963 0.008333333333333333 0.03981481481481482
0 0.7299479166666667 0.8550925925925926 0.009895833333333333 0.05092592592592592
0 0.74296875 0.7064814814814815 0.009895833333333333 0.03148148148148148
0 0.71328125 0.6726851851851852 0.0067708333333333336 0.025
0 0.6901041666666666 0.5662037037037037 0.007291666666666667 0.028703703703703703
0 0.6463541666666667 0.4388888888888889 0.003125 0.020370370370370372
0 0.6502604166666667 0.45694444444444443 0.0026041666666666665 0.017592592592592594
0 0.6450520833333333 0.45601851851851855 0.0036458333333333334 0.021296296296296296
0 0.6481770833333333 0.45694444444444443 0.0026041666666666665 0.01574074074074074
0 0.18203125 0.6370370370370371 0.0078125 0.03518518518518519
0 0.16927083333333334 0.6689814814814815 0.00625 0.032407407407407406
0 0.18072916666666666 0.6856481481481481 0.00625 0.032407407407407406
0 0.17604166666666668 0.6685185185185185 0.00625 0.03333333333333333
0 0.10416666666666667 0.7106481481481481 0.007291666666666667 0.030555555555555555
0 0.09635416666666667 0.7083333333333334 0.00625 0.03333333333333333
0 0.14375 0.637962962962963 0.00625 0.03333333333333333
0 0.15052083333333333 0.637962962962963 0.00625 0.03333333333333333
0 0.18359375 0.5907407407407408 0.0067708333333333336 0.03148148148148148
0 0.19088541666666667 0.5898148148148148 0.0067708333333333336 0.02962962962962963
0 0.19895833333333332 0.6388888888888888 0.00625 0.03148148148148148
0 0.19453125 0.6398148148148148 0.0046875 0.02962962962962963
0 0.10338541666666666 0.9166666666666666 0.0203125 0.06111111111111111
0 0.08255208333333333 0.950462962962963 0.022395833333333334 0.06574074074074074
0 0.06484375 0.9444444444444444 0.013020833333333334 0.06111111111111111
0 0.05364583333333333 0.8768518518518519 0.017708333333333333 0.05740740740740741
0 0.18151041666666667 0.9101851851851852 0.018229166666666668 0.06481481481481481
0 0.18984375 0.9018518518518519 0.015104166666666667 0.05555555555555555
0 0.0171875 0.9467592592592593 0.020833333333333332 0.06388888888888888
0 0.19244791666666666 0.6273148148148148 0.005729166666666666 0.028703703703703703
0 0.19817708333333334 0.6259259259259259 0.005729166666666666 0.027777777777777776
0 0.16692708333333334 0.6055555555555555 0.0067708333333333336 0.024074074074074074
0 0.17890625 0.612037037037037 0.0067708333333333336 0.022222222222222223
0 0.196875 0.575462962962963 0.00625 0.028703703703703703
0 0.18046875 0.5731481481481482 0.0067708333333333336 0.022222222222222223
0 0.1921875 0.5652777777777778 0.00625 0.019444444444444445
0 0.15651041666666668 0.6453703703703704 0.0067708333333333336 0.024074074074074074
0 0.12994791666666666 0.6787037037037037 0.008854166666666666 0.02962962962962963
0 0.11276041666666667 0.7138888888888889 0.008854166666666666 0.02962962962962963
0 0.07395833333333333 0.7449074074074075 0.011458333333333333 0.03425925925925926
0 0.05026041666666667 0.7805555555555556 0.0109375 0.03148148148148148
0 0.061197916666666664 0.8064814814814815 0.008854166666666666 0.03888888888888889
0 0.053125 0.8069444444444445 0.007291666666666667 0.03981481481481482
0 0.71796875 0.6296296296296297 0.0078125 0.022222222222222223
0 0.665625 0.6453703703703704 0.007291666666666667 0.025925925925925925
0 0.6666666666666666 0.6486111111111111 0.005208333333333333 0.017592592592592594
0 0.6106770833333334 0.45925925925925926 0.0036458333333333334 0.014814814814814815
0 0.6049479166666667 0.4671296296296296 0.0036458333333333334 0.023148148148148147
0 0.6111979166666667 0.4513888888888889 0.0036458333333333334 0.023148148148148147
0 0.5989583333333334 0.42592592592592593 0.003125 0.020370370370370372
0 0.5908854166666667 0.43472222222222223 0.0036458333333333334 0.017592592592592594
0 0.5880208333333333 0.4337962962962963 0.003125 0.017592592592592594
0 0.5895833333333333 0.4263888888888889 0.003125 0.017592592592592594
0 0.5924479166666666 0.425 0.0036458333333333334 0.012962962962962963
0 0.59453125 0.4212962962962963 0.0036458333333333334 0.012962962962962963
0 0.2986979166666667 0.5115740740740741 0.0046875 0.028703703703703703
0 0.3171875 0.43148148148148147 0.004166666666666667 0.018518518518518517
0 0.25234375 0.4162037037037037 0.0036458333333333334 0.023148148148148147
0 0.24869791666666666 0.3768518518518518 0.0026041666666666665 0.018518518518518517
0 0.24114583333333334 0.3787037037037037 0.003125 0.018518518518518517
0 0.2591145833333333 0.3574074074074074 0.0026041666666666665 0.014814814814814815
0 0.2794270833333333 0.33611111111111114 0.0026041666666666665 0.014814814814814815
0 0.29765625 0.31666666666666665 0.0026041666666666665 0.014814814814814815
0 0.31171875 0.30787037037037035 0.0026041666666666665 0.013888888888888888
0 0.31692708333333336 0.30925925925925923 0.0026041666666666665 0.014814814814814815
0 0.30807291666666664 0.3087962962962963 0.0026041666666666665 0.013888888888888888
0 0.3065104166666667 0.29583333333333334 0.0026041666666666665 0.013888888888888888
0 0.30911458333333336 0.2875 0.0026041666666666665 0.013888888888888888
0 0.35494791666666664 0.3560185185185185 0.0026041666666666665 0.013888888888888888
0 0.35703125 0.3458333333333333 0.0026041666666666665 0.013888888888888888
0 0.34817708333333336 0.3365740740740741 0.0026041666666666665 0.013888888888888888
0 0.3299479166666667 0.3050925925925926 0.0026041666666666665 0.013888888888888888
0 0.31640625 0.3013888888888889 0.0026041666666666665 0.012037037037037037
0 0.29375 0.3384259259259259 0.003125 0.013888888888888888
0 0.2911458333333333 0.3384259259259259 0.003125 0.013888888888888888
0 0.34296875 0.35324074074074074 0.0026041666666666665 0.013888888888888888
0 0.34817708333333336 0.3523148148148148 0.0026041666666666665 0.013888888888888888
0 0.40234375 0.3236111111111111 0.0026041666666666665 0.013888888888888888
0 0.3984375 0.3189814814814815 0.0020833333333333333 0.010185185185185186
0 0.39401041666666664 0.3194444444444444 0.0026041666666666665 0.014814814814814815
0 0.5942708333333333 0.36527777777777776 0.003125 0.017592592592592594
0 0.6143229166666667 0.35 0.0026041666666666665 0.016666666666666666
0 0.6005208333333333 0.34120370370370373 0.0020833333333333333 0.013888888888888888
0 0.5971354166666667 0.34675925925925927 0.0026041666666666665 0.017592592592592594
0 0.5885416666666666 0.34814814814814815 0.003125 0.016666666666666666
0 0.58515625 0.35509259259259257 0.0026041666666666665 0.010185185185185186
0 0.60546875 0.37546296296296294 0.0026041666666666665 0.01574074074074074
0 0.5908854166666667 0.3439814814814815 0.0026041666666666665 0.01574074074074074
0 0.5731770833333333 0.3458333333333333 0.0026041666666666665 0.01574074074074074
0 0.57890625 0.3476851851851852 0.0026041666666666665 0.01574074074074074
0 0.58203125 0.34675925925925927 0.0026041666666666665 0.01574074074074074
0 0.5846354166666666 0.3402777777777778 0.0026041666666666665 0.01574074074074074
0 0.5877604166666667 0.3375 0.0026041666666666665 0.01574074074074074
0 0.6049479166666667 0.34629629629629627 0.0026041666666666665 0.016666666666666666
0 0.42578125 0.31805555555555554 0.0026041666666666665 0.013888888888888888
0 0.5848958333333333 0.3912037037037037 0.003125 0.017592592592592594
0 0.5877604166666667 0.3902777777777778 0.0026041666666666665 0.017592592592592594
0 0.5903645833333333 0.38935185185185184 0.0026041666666666665 0.017592592592592594
0 0.6197916666666666 0.39444444444444443 0.003125 0.016666666666666666
0 0.6440104166666667 0.5328703703703703 0.0036458333333333334 0.021296296296296296
0 0.6455729166666667 0.5314814814814814 0.0036458333333333334 0.025925925925925925
0 0.62109375 0.4962962962962963 0.0046875 0.014814814814814815
0 0.6002604166666666 0.3662037037037037 0.0026041666666666665 0.017592592592592594
0 0.56015625 0.3921296296296296 0.0026041666666666665 0.01574074074074074