0 0.44779411764705884 0.1411764705882353 0.004411764705882353 0.023529411764705882
0 0.5367647058823529 0.10130718954248366 0.004411764705882353 0.01437908496732026
0 0.5334558823529412 0.05947712418300653 0.003676470588235294 0.01437908496732026
0 0.9602941176470589 0.35228758169934643 0.011764705882352941 0.03529411764705882
0 0.2867647058823529 0.4418300653594771 0.013235294117647059 0.047058823529411764
0 0.8375 0.9764705882352941 0.016176470588235296 0.047058823529411764
0 0.9805147058823529 0.7725490196078432 0.015441176470588236 0.04183006535947712
0 0.9893382352941177 0.7673202614379085 0.0125 0.0392156862745098
0 0.618014705882353 0.3352941176470588 0.005147058823529412 0.03529411764705882
0 0.6345588235294117 0.3542483660130719 0.008823529411764706 0.036601307189542485
0 0.6481617647058824 0.3562091503267974 0.008088235294117648 0.03529411764705882
0 0.65625 0.3581699346405229 0.006617647058823529 0.036601307189542485
0 0.7238970588235294 0.3993464052287582 0.009558823529411765 0.03790849673202614