0 0.16875 0.7503267973856209 0.01838235294117647 0.04967320261437908
0 0.28455882352941175 0.4143790849673203 0.007352941176470588 0.0392156862745098
0 0.28602941176470587 0.403921568627451 0.004411764705882353 0.018300653594771243
0 0.006617647058823529 0.4084967320261438 0.011764705882352941 0.040522875816993466
0 0.15955882352941175 0.3483660130718954 0.007352941176470588 0.032679738562091505
0 0.16838235294117648 0.3483660130718954 0.008823529411764706 0.032679738562091505
0 0.12683823529411764 0.30522875816993467 0.008088235294117648 0.030065359477124184
0 0.15514705882352942 0.3104575163398693 0.007352941176470588 0.022222222222222223
0 0.16286764705882353 0.3065359477124183 0.008088235294117648 0.030065359477124184
0 0.31029411764705883 0.3352941176470588 0.007352941176470588 0.02483660130718954
0 0.31691176470588234 0.33398692810457514 0.0058823529411764705 0.030065359477124184
0 0.32169117647058826 0.3281045751633987 0.005147058823529412 0.026143790849673203
0 0.3176470588235294 0.32483660130718955 0.0058823529411764705 0.02483660130718954
0 0.5636029411764706 0.34509803921568627 0.006617647058823529 0.01568627450980392
0 0.6816176470588236 0.4287581699346405 0.007352941176470588 0.03137254901960784
0 0.700735294117647 0.4261437908496732 0.010294117647058823 0.02875816993464052
0 0.6242647058823529 0.33790849673202616 0.007352941176470588 0.027450980392156862
0 0.6308823529411764 0.3392156862745098 0.0058823529411764705 0.027450980392156862
0 0.6308823529411764 0.3326797385620915 0.0058823529411764705 0.02483660130718954
0 0.5323529411764706 0.2797385620915033 0.0058823529411764705 0.018300653594771243
0 0.43566176470588236 0.28169934640522876 0.005147058823529412 0.0196078431372549
0 0.4591911764705882 0.23137254901960785 0.005147058823529412 0.01568627450980392
0 0.6066176470588235 0.20261437908496732 0.0029411764705882353 0.01568627450980392
0 0.5327205882352941 0.18496732026143792 0.003676470588235294 0.011764705882352941