0 0.55390625 0.8004629629629629 0.027604166666666666 0.0824074074074074
0 0.6666666666666666 0.8967592592592593 0.025 0.10092592592592593
0 0.6125 0.7606481481481482 0.017708333333333333 0.07685185185185185
0 0.6627604166666666 0.7962962962962963 0.024479166666666666 0.08333333333333333
0 0.6536458333333334 0.7379629629629629 0.01875 0.05555555555555555
0 0.65625 0.6958333333333333 0.014583333333333334 0.04537037037037037
0 0.5638020833333334 0.6819444444444445 0.0140625 0.041666666666666664
0 0.35989583333333336 0.7671296296296296 0.01875 0.08425925925925926
0 0.3177083333333333 0.7518518518518519 0.015625 0.0962962962962963
0 0.28541666666666665 0.750462962962963 0.019791666666666666 0.09722222222222222
0 0.459375 0.6527777777777778 0.014583333333333334 0.05
0 0.43697916666666664 0.6435185185185185 0.011458333333333333 0.04259259259259259
0 0.46640625 0.6365740740740741 0.009895833333333333 0.04351851851851852
0 0.4359375 0.6324074074074074 0.014583333333333334 0.03333333333333333
0 0.5877604166666667 0.6412037037037037 0.011979166666666667 0.04537037037037037
0 0.6315104166666666 0.6462962962962963 0.0140625 0.03518518518518519
0 0.6372395833333333 0.6375 0.0109375 0.03611111111111111
0 0.60234375 0.625 0.0078125 0.03333333333333333
0 0.5291666666666667 0.5962962962962963 0.007291666666666667 0.037037037037037035
0 0.76953125 0.85 0.0328125 0.12777777777777777
0 0.728125 0.7398148148148148 0.01875 0.09074074074074075