0 0.8893382352941176 0.5555555555555556 0.022794117647058822 0.07058823529411765
0 0.7617647058823529 0.4620915032679739 0.013235294117647059 0.058823529411764705
0 0.05772058823529412 0.630718954248366 0.01838235294117647 0.06666666666666667
0 0.37720588235294117 0.3261437908496732 0.011764705882352941 0.050980392156862744
0 0.16911764705882354 0.14640522875816994 0.010294117647058823 0.036601307189542485
0 0.16029411764705884 0.15294117647058825 0.008823529411764706 0.0392156862745098
0 0.04742647058823529 0.10784313725490197 0.009558823529411765 0.0196078431372549
0 0.5783088235294118 0.37058823529411766 0.013970588235294118 0.050980392156862744
0 0.5768382352941176 0.36209150326797385 0.006617647058823529 0.02091503267973856
0 0.5058823529411764 0.1718954248366013 0.007352941176470588 0.027450980392156862
0 0.6636029411764706 0.23921568627450981 0.009558823529411765 0.03137254901960784
0 0.8386029411764706 0.4241830065359477 0.009558823529411765 0.043137254901960784
0 0.8327205882352942 0.4013071895424837 0.011029411764705883 0.04183006535947712
0 0.8316176470588236 0.35947712418300654 0.016176470588235296 0.05751633986928104
0 0.8496323529411764 0.3784313725490196 0.011029411764705883 0.05359477124183006
0 0.7966911764705882 0.265359477124183 0.0125 0.04183006535947712
0 0.8235294117647058 0.3032679738562091 0.011764705882352941 0.047058823529411764
0 0.8352941176470589 0.29477124183006537 0.007352941176470588 0.032679738562091505
0 0.030882352941176472 0.9235294117647059 0.03529411764705882 0.11372549019607843