0 0.3264705882352941 0.969281045751634 0.022058823529411766 0.06143790849673202
0 0.3849264705882353 0.7418300653594772 0.02426470588235294 0.050980392156862744
0 0.2889705882352941 0.4241830065359477 0.010294117647058823 0.040522875816993466
0 0.17316176470588235 0.3352941176470588 0.013970588235294118 0.03529411764705882
0 0.19926470588235295 0.3516339869281046 0.013235294117647059 0.04183006535947712
0 0.6727941176470589 0.8947712418300654 0.01911764705882353 0.07450980392156863
0 0.4213235294117647 0.060784313725490195 0.0058823529411764705 0.022222222222222223
0 0.43419117647058825 0.018300653594771243 0.005147058823529412 0.023529411764705882
0 0.5007352941176471 0.034640522875816995 0.0058823529411764705 0.02483660130718954
0 0.7919117647058823 0.23006535947712417 0.007352941176470588 0.036601307189542485
0 0.7867647058823529 0.2196078431372549 0.007352941176470588 0.03398692810457516
0 0.7676470588235295 0.21372549019607842 0.007352941176470588 0.03529411764705882
0 0.7555147058823529 0.20588235294117646 0.006617647058823529 0.030065359477124184
0 0.580514705882353 0.18823529411764706 0.006617647058823529 0.036601307189542485
0 0.5702205882352941 0.17908496732026144 0.005147058823529412 0.0392156862745098
0 0.5628676470588235 0.18235294117647058 0.005147058823529412 0.03790849673202614
0 0.5610294117647059 0.1738562091503268 0.004411764705882353 0.0392156862745098
0 0.5647058823529412 0.1588235294117647 0.0058823529411764705 0.032679738562091505
0 0.5606617647058824 0.15490196078431373 0.005147058823529412 0.03790849673202614
0 0.5507352941176471 0.16143790849673204 0.007352941176470588 0.03529411764705882
0 0.5518382352941177 0.14967320261437908 0.008088235294117648 0.027450980392156862
0 0.618014705882353 0.08496732026143791 0.005147058823529412 0.03137254901960784
0 0.5507352941176471 0.09738562091503268 0.0058823529411764705 0.03529411764705882
0 0.5856617647058824 0.011764705882352941 0.005147058823529412 0.023529411764705882
0 0.5786764705882353 0.05163398692810457 0.004411764705882353 0.030065359477124184
0 0.58125 0.05163398692810457 0.003676470588235294 0.030065359477124184
0 0.5816176470588236 0.011111111111111112 0.004411764705882353 0.022222222222222223
0 0.5768382352941176 0.016339869281045753 0.005147058823529412 0.027450980392156862
0 0.5408088235294117 0.01045751633986928 0.005147058823529412 0.02091503267973856
0 0.5488970588235295 0.0803921568627451 0.005147058823529412 0.032679738562091505
0 0.5419117647058823 0.08562091503267974 0.0058823529411764705 0.030065359477124184
0 0.5165441176470589 0.07647058823529412 0.005147058823529412 0.02483660130718954
0 0.5216911764705883 0.07581699346405228 0.006617647058823529 0.02875816993464052
0 0.5246323529411765 0.08300653594771241 0.003676470588235294 0.0196078431372549
0 0.5952205882352941 0.10588235294117647 0.005147058823529412 0.03398692810457516
0 0.5908088235294118 0.11045751633986928 0.008088235294117648 0.03790849673202614
0 0.5849264705882353 0.1084967320261438 0.005147058823529412 0.03398692810457516
0 0.5797794117647059 0.10784313725490197 0.005147058823529412 0.030065359477124184
0 0.5643382352941176 0.10261437908496732 0.006617647058823529 0.022222222222222223
0 0.5669117647058823 0.10457516339869281 0.004411764705882353 0.018300653594771243
0 0.6455882352941177 0.15098039215686274 0.0058823529411764705 0.03529411764705882
0 0.6544117647058824 0.15816993464052287 0.0058823529411764705 0.03398692810457516
0 0.6584558823529412 0.15098039215686274 0.006617647058823529 0.03790849673202614
0 0.6525735294117647 0.14640522875816994 0.006617647058823529 0.0392156862745098
0 0.6110294117647059 0.16209150326797386 0.004411764705882353 0.0392156862745098
0 0.6143382352941177 0.16666666666666666 0.005147058823529412 0.040522875816993466
0 0.6191176470588236 0.16666666666666666 0.004411764705882353 0.03529411764705882
0 0.6209558823529412 0.165359477124183 0.005147058823529412 0.032679738562091505
0 0.6224264705882353 0.1627450980392157 0.005147058823529412 0.032679738562091505
0 0.6183823529411765 0.15947712418300652 0.004411764705882353 0.03398692810457516