0 0.9389705882352941 0.9771241830065359 0.030882352941176472 0.0457516339869281
0 0.8808823529411764 0.9601307189542484 0.033823529411764704 0.07973856209150326
0 0.986764705882353 0.338562091503268 0.010294117647058823 0.03398692810457516
0 0.7268382352941176 0.3869281045751634 0.011029411764705883 0.054901960784313725
0 0.8511029411764706 0.2084967320261438 0.008088235294117648 0.027450980392156862
0 0.8610294117647059 0.20980392156862746 0.010294117647058823 0.030065359477124184
0 0.8761029411764706 0.18366013071895426 0.006617647058823529 0.027450980392156862
0 0.8816176470588235 0.18366013071895426 0.007352941176470588 0.027450980392156862
0 0.11764705882352941 0.49019607843137253 0.01764705882352941 0.05751633986928104
0 0.014338235294117646 0.5013071895424837 0.019852941176470587 0.06143790849673202
0 0.09227941176470589 0.4627450980392157 0.0125 0.04183006535947712
0 0.09779411764705882 0.45816993464052286 0.011764705882352941 0.040522875816993466
0 0.07647058823529412 0.40326797385620916 0.01911764705882353 0.0457516339869281
0 0.0900735294117647 0.39673202614379083 0.015441176470588236 0.0457516339869281
0 0.09154411764705882 0.37777777777777777 0.008088235294117648 0.023529411764705882
0 0.11433823529411764 0.3111111111111111 0.02426470588235294 0.047058823529411764
0 0.12242647058823529 0.3660130718954248 0.015441176470588236 0.03398692810457516
0 0.11727941176470588 0.36209150326797385 0.0125 0.02875816993464052
0 0.12830882352941175 0.3542483660130719 0.011029411764705883 0.03137254901960784
0 0.13676470588235295 0.36470588235294116 0.011764705882352941 0.02875816993464052
0 0.1349264705882353 0.31176470588235294 0.008088235294117648 0.03790849673202614
0 0.1463235294117647 0.34705882352941175 0.008823529411764706 0.027450980392156862
0 0.23088235294117648 0.28888888888888886 0.008823529411764706 0.0392156862745098
0 0.24154411764705883 0.28888888888888886 0.009558823529411765 0.0392156862745098
0 0.2584558823529412 0.3581699346405229 0.011029411764705883 0.047058823529411764
0 0.2691176470588235 0.3568627450980392 0.014705882352941176 0.044444444444444446
0 0.29411764705882354 0.40588235294117647 0.013235294117647059 0.050980392156862744
0 0.525 0.3156862745098039 0.011764705882352941 0.030065359477124184
0 0.5525735294117647 0.30196078431372547 0.008088235294117648 0.03398692810457516