0 0.15661764705882353 0.34705882352941175 0.0058823529411764705 0.027450980392156862
0 0.14338235294117646 0.35490196078431374 0.0058823529411764705 0.01437908496732026
0 0.14044117647058824 0.39869281045751637 0.004411764705882353 0.018300653594771243
0 0.058823529411764705 0.4111111111111111 0.0058823529411764705 0.027450980392156862
0 0.03051470588235294 0.4437908496732026 0.011029411764705883 0.032679738562091505
0 0.01213235294117647 0.49673202614379086 0.006617647058823529 0.023529411764705882
0 0.24227941176470588 0.4568627450980392 0.005147058823529412 0.022222222222222223
0 0.2878676470588235 0.5196078431372549 0.008088235294117648 0.043137254901960784
0 0.47316176470588234 0.2196078431372549 0.003676470588235294 0.018300653594771243
0 0.47095588235294117 0.2222222222222222 0.003676470588235294 0.02091503267973856
0 0.725735294117647 0.9300653594771242 0.01764705882352941 0.040522875816993466
0 0.7841911764705882 0.949673202614379 0.01838235294117647 0.0718954248366013
0 0.8319852941176471 0.7300653594771241 0.006617647058823529 0.043137254901960784
0 0.8224264705882353 0.7196078431372549 0.011029411764705883 0.058823529411764705
0 0.8091911764705882 0.7588235294117647 0.016911764705882352 0.048366013071895426
0 0.7511029411764706 0.7601307189542483 0.0125 0.05359477124183006
0 0.7643382352941176 0.7183006535947712 0.011029411764705883 0.05620915032679739
0 0.7727941176470589 0.7287581699346405 0.0058823529411764705 0.032679738562091505
0 0.6683823529411764 0.7633986928104575 0.011764705882352941 0.06013071895424837
0 0.7066176470588236 0.6882352941176471 0.007352941176470588 0.05359477124183006
0 0.8691176470588236 0.6718954248366014 0.011764705882352941 0.026143790849673203
0 0.8047794117647059 0.6398692810457516 0.006617647058823529 0.043137254901960784
0 0.7959558823529411 0.6405228758169934 0.009558823529411765 0.04967320261437908
0 0.7797794117647059 0.6320261437908496 0.011029411764705883 0.05359477124183006
0 0.7691176470588236 0.6366013071895424 0.008823529411764706 0.04967320261437908
0 0.7356617647058824 0.6503267973856209 0.009558823529411765 0.050980392156862744
0 0.8547794117647058 0.5732026143790849 0.008088235294117648 0.027450980392156862
0 0.7209558823529412 0.5947712418300654 0.006617647058823529 0.044444444444444446
0 0.7069852941176471 0.6 0.005147058823529412 0.044444444444444446
0 0.7095588235294118 0.6071895424836601 0.013235294117647059 0.05359477124183006
0 0.8216911764705882 0.5398692810457516 0.008088235294117648 0.03137254901960784
0 0.6893382352941176 0.530718954248366 0.009558823529411765 0.04183006535947712
0 0.8448529411764706 0.48169934640522877 0.013235294117647059 0.030065359477124184
0 0.7830882352941176 0.4803921568627451 0.008823529411764706 0.03529411764705882
0 0.7606617647058823 0.47124183006535947 0.006617647058823529 0.040522875816993466
0 0.7672794117647059 0.47516339869281043 0.008088235294117648 0.032679738562091505
0 0.7452205882352941 0.5274509803921569 0.008088235294117648 0.027450980392156862
0 0.7492647058823529 0.47124183006535947 0.0058823529411764705 0.03790849673202614
0 0.8426470588235294 0.4477124183006536 0.0058823529411764705 0.03529411764705882
0 0.7753676470588236 0.3980392156862745 0.008088235294117648 0.030065359477124184
0 0.7665441176470589 0.39673202614379083 0.003676470588235294 0.030065359477124184
0 0.7099264705882353 0.36666666666666664 0.008088235294117648 0.0196078431372549
0 0.7205882352941176 0.365359477124183 0.004411764705882353 0.022222222222222223
0 0.6863970588235294 0.3215686274509804 0.005147058823529412 0.023529411764705882
0 0.7073529411764706 0.30718954248366015 0.007352941176470588 0.02091503267973856
0 0.7481617647058824 0.32222222222222224 0.005147058823529412 0.02483660130718954
0 0.7334558823529411 0.3843137254901961 0.006617647058823529 0.03137254901960784
0 0.7393382352941177 0.39019607843137255 0.006617647058823529 0.032679738562091505
0 0.7617647058823529 0.3934640522875817 0.004411764705882353 0.03398692810457516
0 0.7863970588235294 0.3633986928104575 0.005147058823529412 0.03137254901960784
0 0.8220588235294117 0.38300653594771245 0.004411764705882353 0.02875816993464052
0 0.8202205882352941 0.37058823529411766 0.003676470588235294 0.02483660130718954
0 0.825 0.36993464052287583 0.0058823529411764705 0.03137254901960784
0 0.7602941176470588 0.3588235294117647 0.0058823529411764705 0.02483660130718954
0 0.7371323529411765 0.3568627450980392 0.003676470588235294 0.026143790849673203
0 0.7408088235294118 0.3588235294117647 0.003676470588235294 0.02483660130718954
0 0.9066176470588235 0.3111111111111111 0.0058823529411764705 0.03137254901960784
0 0.7933823529411764 0.2084967320261438 0.004411764705882353 0.01699346405228758
0 0.7819852941176471 0.31176470588235294 0.003676470588235294 0.02483660130718954
0 0.7952205882352941 0.32222222222222224 0.005147058823529412 0.02483660130718954
0 0.7875 0.3202614379084967 0.0058823529411764705 0.023529411764705882
0 0.788235294117647 0.3032679738562091 0.004411764705882353 0.018300653594771243
0 0.8161764705882353 0.30392156862745096 0.0029411764705882353 0.0196078431372549
0 0.8080882352941177 0.30718954248366015 0.004411764705882353 0.023529411764705882
0 0.8125 0.3333333333333333 0.004411764705882353 0.026143790849673203