0 0.36213235294117646 0.17908496732026144 0.006617647058823529 0.013071895424836602
0 0.42058823529411765 0.18104575163398692 0.0058823529411764705 0.009150326797385621
0 0.5139705882352941 0.2699346405228758 0.0058823529411764705 0.011764705882352941
0 0.5165441176470589 0.28888888888888886 0.005147058823529412 0.01045751633986928
0 0.5216911764705883 0.2503267973856209 0.005147058823529412 0.01437908496732026
0 0.5095588235294117 0.4496732026143791 0.0058823529411764705 0.01045751633986928
0 0.41691176470588237 0.3045751633986928 0.004411764705882353 0.013071895424836602
0 0.4488970588235294 0.5444444444444444 0.006617647058823529 0.011764705882352941
0 0.41323529411764703 0.7111111111111111 0.0058823529411764705 0.00784313725490196
0 0.3900735294117647 0.8431372549019608 0.003676470588235294 0.01568627450980392
0 0.3827205882352941 0.8450980392156863 0.005147058823529412 0.009150326797385621
0 0.5183823529411765 0.6287581699346405 0.004411764705882353 0.01045751633986928
0 0.5404411764705882 0.9006535947712418 0.0058823529411764705 0.01045751633986928
0 0.8981617647058824 0.6686274509803921 0.008088235294117648 0.006535947712418301
0 0.7617647058823529 0.9915032679738562 0.008823529411764706 0.009150326797385621
0 0.6014705882352941 0.9810457516339869 0.007352941176470588 0.011764705882352941
0 0.606985294117647 0.9758169934640523 0.005147058823529412 0.011764705882352941
0 0.6055147058823529 0.8797385620915033 0.003676470588235294 0.01045751633986928