0 0.026838235294117645 0.2856209150326797 0.015441176470588236 0.040522875816993466
0 0.42169117647058824 0.24901960784313726 0.006617647058823529 0.02483660130718954
0 0.5297794117647059 0.19215686274509805 0.006617647058823529 0.013071895424836602
0 0.5389705882352941 0.18627450980392157 0.004411764705882353 0.022222222222222223
0 0.49779411764705883 0.03725490196078431 0.004411764705882353 0.009150326797385621
0 0.4716911764705882 0.030065359477124184 0.003676470588235294 0.01045751633986928
0 0.5047794117647059 0.06535947712418301 0.003676470588235294 0.01045751633986928
0 0.5102941176470588 0.06797385620915032 0.0058823529411764705 0.01045751633986928
0 0.59375 0.21241830065359477 0.008088235294117648 0.02483660130718954
0 0.6202205882352941 0.2235294117647059 0.008088235294117648 0.026143790849673203
0 0.6878676470588235 0.3673202614379085 0.008088235294117648 0.036601307189542485
0 0.6988970588235294 0.3673202614379085 0.008088235294117648 0.036601307189542485
0 0.5518382352941177 0.169281045751634 0.008088235294117648 0.02483660130718954
0 0.7485294117647059 0.41568627450980394 0.010294117647058823 0.02875816993464052
0 0.7933823529411764 0.5026143790849673 0.011764705882352941 0.0457516339869281
0 0.7974264705882353 0.8555555555555555 0.015441176470588236 0.07712418300653595
0 0.8106617647058824 0.8307189542483661 0.013970588235294118 0.06666666666666667