0 0.2511029411764706 0.39019607843137255 0.008088235294117648 0.022222222222222223
0 0.3338235294117647 0.7797385620915033 0.020588235294117647 0.0718954248366013
0 0.3371323529411765 0.7869281045751634 0.016911764705882352 0.05228758169934641
0 0.47316176470588234 0.47320261437908495 0.006617647058823529 0.04183006535947712
0 0.3775735294117647 0.4503267973856209 0.009558823529411765 0.03529411764705882
0 0.3816176470588235 0.4418300653594771 0.010294117647058823 0.03137254901960784
0 0.3625 0.40261437908496733 0.007352941176470588 0.02875816993464052
0 0.36801470588235297 0.403921568627451 0.006617647058823529 0.026143790849673203
0 0.5334558823529412 0.4470588235294118 0.006617647058823529 0.02875816993464052
0 0.5389705882352941 0.44509803921568625 0.011764705882352941 0.032679738562091505
0 0.4647058823529412 0.434640522875817 0.010294117647058823 0.03529411764705882
0 0.4139705882352941 0.3836601307189543 0.0058823529411764705 0.030065359477124184
0 0.4113970588235294 0.37973856209150325 0.006617647058823529 0.032679738562091505
0 0.4742647058823529 0.4137254901960784 0.008823529411764706 0.027450980392156862
0 0.5441176470588235 0.434640522875817 0.010294117647058823 0.032679738562091505
0 0.538235294117647 0.43790849673202614 0.0058823529411764705 0.018300653594771243
0 0.4452205882352941 0.3254901960784314 0.006617647058823529 0.018300653594771243
0 0.4919117647058823 0.23006535947712417 0.004411764705882353 0.013071895424836602
0 0.43161764705882355 0.265359477124183 0.004411764705882353 0.01568627450980392
0 0.44080882352941175 0.25359477124183005 0.003676470588235294 0.01568627450980392
0 0.6691176470588235 0.4411764705882353 0.010294117647058823 0.030065359477124184