0 0.5208333333333334 0.5712962962962963 0.0125 0.06111111111111111
0 0.5354166666666667 0.5777777777777777 0.014583333333333334 0.05925925925925926
0 0.5588541666666667 0.6027777777777777 0.013541666666666667 0.06481481481481481
0 0.4901041666666667 0.462037037037037 0.011458333333333333 0.046296296296296294
0 0.45989583333333334 0.3925925925925926 0.009375 0.037037037037037035
0 0.46770833333333334 0.3851851851851852 0.008333333333333333 0.040740740740740744
0 0.36302083333333335 0.23425925925925925 0.007291666666666667 0.027777777777777776
0 0.425 0.49907407407407406 0.010416666666666666 0.03518518518518519
0 0.6166666666666667 0.912962962962963 0.020833333333333332 0.05925925925925926
0 0.6145833333333334 0.8935185185185185 0.01875 0.053703703703703705
0 0.5026041666666666 0.6564814814814814 0.013541666666666667 0.04259259259259259
0 0.5005208333333333 0.6481481481481481 0.013541666666666667 0.05185185185185185
0 0.48385416666666664 0.5138888888888888 0.009375 0.04259259259259259
0 0.49947916666666664 0.512962962962963 0.011458333333333333 0.040740740740740744
0 0.5010416666666667 0.5175925925925926 0.008333333333333333 0.03148148148148148
0 0.4552083333333333 0.4740740740740741 0.010416666666666666 0.037037037037037035
0 0.4005208333333333 0.42777777777777776 0.007291666666666667 0.03333333333333333
0 0.4083333333333333 0.3768518518518518 0.00625 0.027777777777777776
0 0.4192708333333333 0.412962962962963 0.007291666666666667 0.02962962962962963
0 0.42864583333333334 0.38796296296296295 0.007291666666666667 0.03518518518518519
0 0.42916666666666664 0.3972222222222222 0.008333333333333333 0.027777777777777776
0 0.41458333333333336 0.44351851851851853 0.008333333333333333 0.027777777777777776
0 0.4171875 0.45 0.007291666666666667 0.025925925925925925
0 0.3546875 0.5666666666666667 0.011458333333333333 0.05185185185185185
0 0.3572916666666667 0.5657407407407408 0.010416666666666666 0.03148148148148148
0 0.32864583333333336 0.2953703703703704 0.007291666666666667 0.024074074074074074
0 0.3848958333333333 0.2851851851851852 0.007291666666666667 0.025925925925925925
0 0.39739583333333334 0.26296296296296295 0.003125 0.022222222222222223
0 0.3729166666666667 0.2675925925925926 0.00625 0.020370370370370372
0 0.3729166666666667 0.2759259259259259 0.00625 0.022222222222222223
0 0.38177083333333334 0.26296296296296295 0.005208333333333333 0.022222222222222223
0 0.34427083333333336 0.2490740740740741 0.005208333333333333 0.024074074074074074
0 0.3828125 0.23148148148148148 0.005208333333333333 0.022222222222222223
0 0.3880208333333333 0.23055555555555557 0.005208333333333333 0.024074074074074074
0 0.4828125 0.4425925925925926 0.009375 0.044444444444444446
0 0.56875 0.7796296296296297 0.020833333333333332 0.08888888888888889
0 0.5895833333333333 0.7675925925925926 0.014583333333333334 0.07962962962962963
0 0.6296875 0.8333333333333334 0.015625 0.07777777777777778
0 0.6927083333333334 0.8888888888888888 0.014583333333333334 0.08518518518518518
0 0.703125 0.8009259259259259 0.016666666666666666 0.06851851851851852
0 0.2859375 0.4074074074074074 0.007291666666666667 0.025925925925925925
0 0.32760416666666664 0.42962962962962964 0.007291666666666667 0.03333333333333333
0 0.29010416666666666 0.30925925925925923 0.009375 0.037037037037037035
0 0.3578125 0.19814814814814816 0.005208333333333333 0.018518518518518517
0 0.309375 0.23055555555555557 0.00625 0.027777777777777776
0 0.353125 0.24537037037037038 0.00625 0.020370370370370372
0 0.225 0.7101851851851851 0.014583333333333334 0.046296296296296294
0 0.19427083333333334 0.7092592592592593 0.017708333333333333 0.04814814814814815
0 0.2015625 0.7 0.013541666666666667 0.040740740740740744
0 0.21302083333333333 0.6962962962962963 0.009375 0.037037037037037035
0 0.28958333333333336 0.9611111111111111 0.025 0.05925925925925926
0 0.29375 0.9407407407407408 0.014583333333333334 0.06666666666666667
0 0.846875 0.8861111111111111 0.025 0.08333333333333333
0 0.7635416666666667 0.8527777777777777 0.014583333333333334 0.07592592592592592
0 0.9375 0.8629629629629629 0.020833333333333332 0.06296296296296296
0 0.9661458333333334 0.8787037037037037 0.017708333333333333 0.05740740740740741
0 0.5359375 0.2712962962962963 0.007291666666666667 0.024074074074074074
0 0.5416666666666666 0.2712962962962963 0.008333333333333333 0.024074074074074074
0 0.5489583333333333 0.2712962962962963 0.00625 0.024074074074074074