0 0.06507352941176471 0.9156862745098039 0.019852941176470587 0.07712418300653595
0 0.08786764705882352 0.9235294117647059 0.01838235294117647 0.0718954248366013
0 0.12573529411764706 0.8006535947712419 0.01764705882352941 0.05620915032679739
0 0.13897058823529412 0.7993464052287582 0.016176470588235296 0.06666666666666667
0 0.13125 0.918954248366013 0.027205882352941177 0.08104575163398693
0 0.14669117647058824 0.3803921568627451 0.006617647058823529 0.026143790849673203
0 0.15955882352941175 0.38235294117647056 0.007352941176470588 0.02483660130718954
0 0.16544117647058823 0.38562091503267976 0.007352941176470588 0.023529411764705882
0 0.17426470588235293 0.3862745098039216 0.007352941176470588 0.022222222222222223
0 0.16801470588235295 0.37450980392156863 0.006617647058823529 0.0196078431372549
0 0.17683823529411766 0.37450980392156863 0.008088235294117648 0.02483660130718954
0 0.17830882352941177 0.38235294117647056 0.006617647058823529 0.02483660130718954
0 0.31875 0.38300653594771245 0.006617647058823529 0.02091503267973856
0 0.22463235294117648 0.2581699346405229 0.006617647058823529 0.02483660130718954
0 0.23933823529411766 0.25555555555555554 0.005147058823529412 0.022222222222222223
0 0.2621323529411765 0.2222222222222222 0.005147058823529412 0.013071895424836602
0 0.2959558823529412 0.20588235294117646 0.003676470588235294 0.01699346405228758
0 0.3136029411764706 0.2235294117647059 0.005147058823529412 0.02091503267973856
0 0.3474264705882353 0.15359477124183007 0.003676470588235294 0.01437908496732026
0 0.34705882352941175 0.17450980392156862 0.004411764705882353 0.01699346405228758
0 0.37279411764705883 0.12549019607843137 0.0029411764705882353 0.01568627450980392
0 0.375 0.12549019607843137 0.0014705882352941176 0.013071895424836602
0 0.37941176470588234 0.11633986928104575 0.0029411764705882353 0.013071895424836602
0 0.3834558823529412 0.12549019607843137 0.0022058823529411764 0.013071895424836602
0 0.26433823529411765 0.4699346405228758 0.008088235294117648 0.03790849673202614
0 0.4338235294117647 0.3941176470588235 0.007352941176470588 0.027450980392156862
0 0.43823529411764706 0.2803921568627451 0.0058823529411764705 0.0196078431372549
0 0.549264705882353 0.3405228758169935 0.007352941176470588 0.02483660130718954
0 0.6040441176470588 0.48104575163398694 0.008088235294117648 0.03137254901960784
0 0.7503676470588235 0.561437908496732 0.0125 0.048366013071895426
0 0.9650735294117647 0.5078431372549019 0.009558823529411765 0.022222222222222223
0 0.8261029411764705 0.4130718954248366 0.006617647058823529 0.023529411764705882
0 0.8180147058823529 0.41045751633986927 0.008088235294117648 0.036601307189542485
0 0.8003676470588236 0.41241830065359475 0.008088235294117648 0.03529411764705882
0 0.7386029411764706 0.33398692810457514 0.005147058823529412 0.022222222222222223