0 0.569485294117647 0.006535947712418301 0.005147058823529412 0.013071895424836602
0 0.6011029411764706 0.18496732026143792 0.008088235294117648 0.032679738562091505
0 0.6676470588235294 0.10915032679738562 0.0058823529411764705 0.030065359477124184
0 0.6588235294117647 0.1111111111111111 0.0058823529411764705 0.02875816993464052
0 0.6753676470588236 0.2607843137254902 0.008088235294117648 0.040522875816993466
0 0.7220588235294118 0.3790849673202614 0.008823529411764706 0.0392156862745098
0 0.55 0.5699346405228758 0.011764705882352941 0.04183006535947712
0 0.20404411764705882 0.2823529411764706 0.008088235294117648 0.03398692810457516
0 0.21691176470588236 0.2980392156862745 0.007352941176470588 0.0392156862745098
0 0.21911764705882353 0.2934640522875817 0.007352941176470588 0.03790849673202614
0 0.2926470588235294 0.12549019607843137 0.0058823529411764705 0.026143790849673203
0 0.3466911764705882 0.09542483660130718 0.005147058823529412 0.023529411764705882
0 0.37977941176470587 0.09084967320261438 0.005147058823529412 0.027450980392156862
0 0.3860294117647059 0.08954248366013072 0.0058823529411764705 0.027450980392156862
0 0.85 0.6849673202614379 0.016176470588235296 0.06797385620915032
0 0.8783088235294118 0.703921568627451 0.015441176470588236 0.05620915032679739
0 0.8279411764705882 0.7045751633986929 0.014705882352941176 0.04967320261437908