0 0.6731617647058824 0.8405228758169935 0.009558823529411765 0.04183006535947712
0 0.6849264705882353 0.842483660130719 0.009558823529411765 0.040522875816993466
0 0.6 0.903921568627451 0.011764705882352941 0.040522875816993466
0 0.5908088235294118 0.27647058823529413 0.009558823529411765 0.027450980392156862
0 0.5683823529411764 0.09542483660130718 0.004411764705882353 0.018300653594771243
0 0.9268382352941177 0.13986928104575164 0.005147058823529412 0.02091503267973856
0 0.9323529411764706 0.1392156862745098 0.0058823529411764705 0.022222222222222223
0 0.9371323529411765 0.14313725490196078 0.005147058823529412 0.022222222222222223
0 0.7143382352941177 0.12418300653594772 0.003676470588235294 0.023529411764705882
0 0.71875 0.12549019607843137 0.003676470588235294 0.023529411764705882
0 0.7533088235294118 0.1287581699346405 0.005147058823529412 0.01699346405228758
0 0.6996323529411764 0.07450980392156863 0.005147058823529412 0.02091503267973856
0 0.8 0.01699346405228758 0.0058823529411764705 0.02091503267973856