0 0.36066176470588235 0.469281045751634 0.011029411764705883 0.06535947712418301
0 0.4323529411764706 0.4241830065359477 0.010294117647058823 0.05620915032679739
0 0.1025735294117647 0.45816993464052286 0.008088235294117648 0.03529411764705882
0 0.11286764705882353 0.44509803921568625 0.013970588235294118 0.058823529411764705
0 0.5691176470588235 0.45294117647058824 0.008823529411764706 0.03529411764705882
0 0.5731617647058823 0.45098039215686275 0.0125 0.047058823529411764
0 0.6132352941176471 0.4588235294117647 0.013235294117647059 0.04967320261437908
0 0.6393382352941176 0.426797385620915 0.015441176470588236 0.05359477124183006
0 0.7099264705882353 0.43333333333333335 0.011029411764705883 0.058823529411764705
0 0.9786764705882353 0.36470588235294116 0.011764705882352941 0.047058823529411764
0 0.9878676470588236 0.3673202614379085 0.011029411764705883 0.04967320261437908