0 0.5573529411764706 0.6647058823529411 0.020588235294117647 0.058823529411764705
0 0.8400735294117647 0.7522875816993464 0.02426470588235294 0.05359477124183006
0 0.8463235294117647 0.734640522875817 0.01764705882352941 0.054901960784313725
0 0.9290441176470589 0.818954248366013 0.02426470588235294 0.08496732026143791
0 0.95625 0.85359477124183 0.028676470588235293 0.0915032679738562
0 0.9595588235294118 0.8307189542483661 0.026470588235294117 0.0718954248366013
0 0.28308823529411764 0.21895424836601307 0.008823529411764706 0.030065359477124184
0 0.10882352941176471 0.13790849673202615 0.004411764705882353 0.032679738562091505
0 0.6338235294117647 0.21176470588235294 0.008823529411764706 0.026143790849673203
0 0.4202205882352941 0.13594771241830064 0.008088235294117648 0.026143790849673203
0 0.4363970588235294 0.06339869281045751 0.005147058823529412 0.022222222222222223
0 0.5481617647058824 0.13594771241830064 0.005147058823529412 0.03137254901960784
0 0.5216911764705883 0.0196078431372549 0.003676470588235294 0.018300653594771243
0 0.6904411764705882 0.03398692810457516 0.004411764705882353 0.02091503267973856
0 0.6970588235294117 0.034640522875816995 0.004411764705882353 0.0196078431372549
0 0.6988970588235294 0.03137254901960784 0.003676470588235294 0.01568627450980392
0 0.30661764705882355 0.13137254901960785 0.0058823529411764705 0.03529411764705882
0 0.30183823529411763 0.13202614379084968 0.005147058823529412 0.036601307189542485
0 0.2985294117647059 0.1300653594771242 0.004411764705882353 0.032679738562091505
0 0.2878676470588235 0.12679738562091503 0.005147058823529412 0.03398692810457516
0 0.9216911764705882 0.2437908496732026 0.008088235294117648 0.03790849673202614
0 0.8911764705882353 0.2633986928104575 0.011764705882352941 0.0196078431372549