0 0.4485294117647059 0.20522875816993463 0.0029411764705882353 0.01045751633986928
0 0.5044117647058823 0.2679738562091503 0.0029411764705882353 0.013071895424836602
0 0.4386029411764706 0.2928104575163399 0.003676470588235294 0.013071895424836602
0 0.4209558823529412 0.338562091503268 0.003676470588235294 0.01568627450980392
0 0.42205882352941176 0.33202614379084966 0.004411764705882353 0.018300653594771243
0 0.10220588235294117 0.5725490196078431 0.011764705882352941 0.054901960784313725
0 0.2786764705882353 0.5176470588235295 0.008823529411764706 0.047058823529411764
0 0.3088235294117647 0.4516339869281046 0.008823529411764706 0.043137254901960784
0 0.30661764705882355 0.4013071895424837 0.007352941176470588 0.036601307189542485
0 0.36470588235294116 0.2784313725490196 0.004411764705882353 0.018300653594771243
0 0.3610294117647059 0.29477124183006537 0.004411764705882353 0.022222222222222223
0 0.35551470588235295 0.2954248366013072 0.005147058823529412 0.018300653594771243
0 0.5279411764705882 0.29934640522875816 0.004411764705882353 0.02091503267973856
0 0.48933823529411763 0.3084967320261438 0.003676470588235294 0.013071895424836602
0 0.7121323529411765 0.8503267973856209 0.021323529411764706 0.07450980392156863
0 0.60625 0.6300653594771242 0.013970588235294118 0.036601307189542485
0 0.6055147058823529 0.6150326797385621 0.0125 0.040522875816993466
0 0.5882352941176471 0.43594771241830066 0.008823529411764706 0.03790849673202614
0 0.5698529411764706 0.4366013071895425 0.0058823529411764705 0.018300653594771243
0 0.5621323529411765 0.43071895424836604 0.009558823529411765 0.03790849673202614
0 0.5455882352941176 0.38300653594771245 0.004411764705882353 0.03398692810457516
0 0.5261029411764706 0.37516339869281046 0.006617647058823529 0.01568627450980392
0 0.5349264705882353 0.3477124183006536 0.006617647058823529 0.018300653594771243
0 0.5496323529411765 0.3542483660130719 0.006617647058823529 0.023529411764705882
0 0.6886029411764706 0.29477124183006537 0.006617647058823529 0.027450980392156862
0 0.6665441176470588 0.28431372549019607 0.005147058823529412 0.0196078431372549
0 0.6738970588235295 0.28169934640522876 0.005147058823529412 0.0196078431372549
0 0.8805147058823529 0.7045751633986929 0.01838235294117647 0.08104575163398693
0 0.9334558823529412 0.8457516339869281 0.019852941176470587 0.08366013071895424
0 0.950735294117647 0.8509803921568627 0.01764705882352941 0.07058823529411765
0 0.9613970588235294 0.8398692810457516 0.0125 0.06143790849673202
0 0.9761029411764706 0.8287581699346406 0.016911764705882352 0.0784313725490196
0 0.9764705882352941 0.8529411764705882 0.014705882352941176 0.08496732026143791
0 0.9724264705882353 0.5601307189542484 0.0125 0.06143790849673202
0 0.9492647058823529 0.4869281045751634 0.008823529411764706 0.05359477124183006
0 0.9595588235294118 0.4843137254901961 0.010294117647058823 0.0457516339869281