0 0.8691176470588236 0.42549019607843136 0.011764705882352941 0.0457516339869281
0 0.8547794117647058 0.4241830065359477 0.011029411764705883 0.048366013071895426
0 0.6933823529411764 0.4934640522875817 0.013235294117647059 0.0457516339869281
0 0.6827205882352941 0.492156862745098 0.009558823529411765 0.030065359477124184
0 0.6838235294117647 0.5091503267973856 0.011764705882352941 0.048366013071895426
0 0.6360294117647058 0.45294117647058824 0.010294117647058823 0.050980392156862744
0 0.6371323529411764 0.44509803921568625 0.008088235294117648 0.01437908496732026
0 0.6389705882352941 0.4196078431372549 0.013235294117647059 0.026143790849673203
0 0.6231617647058824 0.44575163398692813 0.0125 0.05228758169934641
0 0.6011029411764706 0.369281045751634 0.009558823529411765 0.03790849673202614
0 0.45036764705882354 0.4477124183006536 0.009558823529411765 0.030065359477124184
0 0.43125 0.41045751633986927 0.009558823529411765 0.04183006535947712
0 0.45992647058823527 0.29673202614379085 0.009558823529411765 0.026143790849673203
0 0.3628676470588235 0.17647058823529413 0.006617647058823529 0.02875816993464052
0 0.3209558823529412 0.0869281045751634 0.005147058823529412 0.0196078431372549
0 0.3338235294117647 0.12352941176470589 0.025 0.0196078431372549
0 0.15073529411764705 0.06535947712418301 0.004411764705882353 0.01568627450980392
0 0.14595588235294119 0.06470588235294118 0.003676470588235294 0.01437908496732026
0 0.3720588235294118 0.8254901960784313 0.020588235294117647 0.058823529411764705
0 0.3422794117647059 0.6124183006535948 0.016911764705882352 0.0457516339869281
0 0.32426470588235295 0.45294117647058824 0.011764705882352941 0.032679738562091505
0 0.3371323529411765 0.4 0.011029411764705883 0.03137254901960784
0 0.3408088235294118 0.2954248366013072 0.009558823529411765 0.0392156862745098
0 0.11911764705882352 0.30718954248366015 0.007352941176470588 0.01568627450980392
0 0.11838235294117647 0.307843137254902 0.008823529411764706 0.022222222222222223
0 0.15661764705882353 0.2019607843137255 0.007352941176470588 0.030065359477124184
0 0.20477941176470588 0.12810457516339868 0.005147058823529412 0.013071895424836602
0 0.19448529411764706 0.12418300653594772 0.006617647058823529 0.02091503267973856
0 0.1875 0.12352941176470589 0.004411764705882353 0.02483660130718954
0 0.2761029411764706 0.09215686274509804 0.005147058823529412 0.011764705882352941
0 0.2363970588235294 0.03986928104575163 0.003676470588235294 0.009150326797385621
0 0.27242647058823527 0.056862745098039215 0.003676470588235294 0.01437908496732026
0 0.2727941176470588 0.05163398692810457 0.004411764705882353 0.01699346405228758
0 0.2676470588235294 0.0196078431372549 0.0029411764705882353 0.00522875816993464
0 0.2636029411764706 0.015032679738562092 0.0022058823529411764 0.009150326797385621
0 0.2599264705882353 0.009150326797385621 0.0022058823529411764 0.01045751633986928