0 0.08125 0.937037037037037 0.016666666666666666 0.08888888888888889
0 0.0875 0.9157407407407407 0.014583333333333334 0.07592592592592592
0 0.134375 0.9166666666666666 0.016666666666666666 0.06666666666666667
0 0.11770833333333333 0.9175925925925926 0.020833333333333332 0.05740740740740741
0 0.1375 0.9351851851851852 0.014583333333333334 0.07407407407407407
0 0.2557291666666667 0.8222222222222222 0.017708333333333333 0.06666666666666667
0 0.259375 0.7935185185185185 0.01875 0.053703703703703705
0 0.284375 0.7351851851851852 0.014583333333333334 0.05185185185185185
0 0.30416666666666664 0.6768518518518518 0.014583333333333334 0.03888888888888889
0 0.33229166666666665 0.6648148148148149 0.0125 0.03333333333333333
0 0.5088541666666667 0.7361111111111112 0.013541666666666667 0.046296296296296294
0 0.48072916666666665 0.700925925925926 0.011458333333333333 0.04259259259259259
0 0.5057291666666667 0.674074074074074 0.013541666666666667 0.037037037037037035
0 0.5536458333333333 0.7231481481481481 0.015625 0.04259259259259259
0 0.6348958333333333 0.8351851851851851 0.013541666666666667 0.05555555555555555
0 0.5286458333333334 0.7287037037037037 0.011458333333333333 0.03888888888888889
0 0.5286458333333334 0.7129629629629629 0.009375 0.037037037037037035
0 0.4791666666666667 0.6574074074074074 0.008333333333333333 0.022222222222222223
0 0.48020833333333335 0.6518518518518519 0.010416666666666666 0.025925925925925925
0 0.5119791666666667 0.5648148148148148 0.009375 0.022222222222222223
0 0.48072916666666665 0.5277777777777778 0.007291666666666667 0.022222222222222223
0 0.3411458333333333 0.5851851851851851 0.009375 0.025925925925925925
0 0.346875 0.562037037037037 0.008333333333333333 0.020370370370370372
0 0.3046875 0.5444444444444444 0.007291666666666667 0.025925925925925925
0 0.303125 0.5175925925925926 0.00625 0.016666666666666666
0 0.34270833333333334 0.5277777777777778 0.008333333333333333 0.018518518518518517
0 0.07447916666666667 0.7138888888888889 0.015625 0.05740740740740741
0 0.16822916666666668 0.5787037037037037 0.011458333333333333 0.024074074074074074
0 0.17760416666666667 0.5657407407407408 0.009375 0.024074074074074074
0 0.1671875 0.5638888888888889 0.009375 0.020370370370370372
0 0.1609375 0.5444444444444444 0.005208333333333333 0.014814814814814815
0 0.23854166666666668 0.5601851851851852 0.008333333333333333 0.020370370370370372
0 0.21510416666666668 0.5861111111111111 0.011458333333333333 0.027777777777777776
0 0.20520833333333333 0.5833333333333334 0.008333333333333333 0.022222222222222223
0 0.0671875 0.7166666666666667 0.015625 0.04814814814814815