0 0.36822916666666666 0.5875 0.011458333333333333 0.049074074074074076
0 0.3692708333333333 0.5810185185185185 0.010416666666666666 0.03611111111111111
0 0.5997395833333333 0.7018518518518518 0.025520833333333333 0.12777777777777777
0 0.58203125 0.6893518518518519 0.018229166666666668 0.10648148148148148
0 0.56171875 0.6819444444444445 0.0171875 0.11574074074074074
0 0.5703125 0.6828703703703703 0.013541666666666667 0.1175925925925926
0 0.5533854166666666 0.6041666666666666 0.016145833333333335 0.041666666666666664
0 0.47890625 0.5472222222222223 0.0067708333333333336 0.025925925925925925
0 0.48854166666666665 0.5504629629629629 0.00625 0.026851851851851852
0 0.49505208333333334 0.5550925925925926 0.0067708333333333336 0.026851851851851852
0 0.50546875 0.562037037037037 0.0067708333333333336 0.03148148148148148
0 0.5059895833333333 0.5708333333333333 0.008854166666666666 0.030555555555555555
0 0.5143229166666666 0.5722222222222222 0.0067708333333333336 0.02962962962962963
0 0.5190104166666667 0.5833333333333334 0.0109375 0.046296296296296294
0 0.5341145833333333 0.5958333333333333 0.011979166666666667 0.04351851851851852
0 0.67890625 0.6699074074074074 0.022395833333333334 0.08425925925925926