0 0.15919117647058822 0.33398692810457514 0.021323529411764706 0.03529411764705882
0 0.09264705882352942 0.1954248366013072 0.016176470588235296 0.03529411764705882
0 0.25625 0.9150326797385621 0.019852941176470587 0.0392156862745098
0 0.3025735294117647 0.29869281045751633 0.0125 0.03790849673202614
0 0.29411764705882354 0.29477124183006537 0.016176470588235296 0.040522875816993466
0 0.48308823529411765 0.18627450980392157 0.013235294117647059 0.040522875816993466
0 0.48419117647058824 0.17647058823529413 0.011029411764705883 0.036601307189542485
0 0.49779411764705883 0.1934640522875817 0.011764705882352941 0.044444444444444446
0 0.5172794117647059 0.19477124183006536 0.015441176470588236 0.047058823529411764
0 0.5194852941176471 0.18627450980392157 0.009558823529411765 0.032679738562091505
0 0.6705882352941176 0.15294117647058825 0.011764705882352941 0.03137254901960784
0 0.5117647058823529 0.3437908496732026 0.013235294117647059 0.0392156862745098
0 0.5073529411764706 0.34183006535947713 0.010294117647058823 0.027450980392156862
0 0.6698529411764705 0.2797385620915033 0.013235294117647059 0.044444444444444446
0 0.6727941176470589 0.2718954248366013 0.011764705882352941 0.044444444444444446
0 0.46911764705882353 0.4516339869281046 0.020588235294117647 0.030065359477124184
0 0.924264705882353 0.46339869281045754 0.01911764705882353 0.048366013071895426
0 0.9827205882352941 0.4738562091503268 0.027205882352941177 0.032679738562091505