0 0.6636029411764706 0.6359477124183006 0.015441176470588236 0.043137254901960784
0 0.9426470588235294 0.6405228758169934 0.016176470588235296 0.05228758169934641
0 0.8411764705882353 0.6254901960784314 0.016176470588235296 0.06405228758169934
0 0.8511029411764706 0.6372549019607843 0.009558823529411765 0.040522875816993466
0 0.8360294117647059 0.5464052287581699 0.014705882352941176 0.06013071895424837
0 0.8694852941176471 0.6124183006535948 0.015441176470588236 0.03529411764705882
0 0.888235294117647 0.6045751633986928 0.016176470588235296 0.03790849673202614
0 0.8944852941176471 0.5490196078431373 0.021323529411764706 0.044444444444444446
0 0.9007352941176471 0.5803921568627451 0.01764705882352941 0.0392156862745098
0 0.8915441176470589 0.581045751633987 0.009558823529411765 0.030065359477124184
0 0.7819852941176471 0.40522875816993464 0.009558823529411765 0.047058823529411764
0 0.8088235294117647 0.4627450980392157 0.013235294117647059 0.026143790849673203
0 0.8349264705882353 0.4470588235294118 0.0125 0.044444444444444446
0 0.7977941176470589 0.3405228758169935 0.008823529411764706 0.040522875816993466
0 0.9297794117647059 0.1477124183006536 0.011029411764705883 0.03137254901960784
0 0.7849264705882353 0.16797385620915034 0.005147058823529412 0.02483660130718954
0 0.78125 0.165359477124183 0.005147058823529412 0.032679738562091505
0 0.6720588235294118 0.3196078431372549 0.010294117647058823 0.0457516339869281
0 0.7165441176470588 0.28104575163398693 0.011029411764705883 0.044444444444444446
0 0.7363970588235295 0.296078431372549 0.009558823529411765 0.0457516339869281
0 0.768014705882353 0.27712418300653596 0.011029411764705883 0.047058823529411764
0 0.7856617647058823 0.33986928104575165 0.011029411764705883 0.023529411764705882
0 0.7731617647058824 0.32222222222222224 0.008088235294117648 0.03529411764705882
0 0.705514705882353 0.2222222222222222 0.008088235294117648 0.026143790849673203
0 0.7018382352941176 0.2111111111111111 0.009558823529411765 0.030065359477124184
0 0.7327205882352941 0.21241830065359477 0.008088235294117648 0.03790849673202614
0 0.6654411764705882 0.024183006535947713 0.0058823529411764705 0.027450980392156862
0 0.6713235294117647 0.03725490196078431 0.004411764705882353 0.02483660130718954
0 0.6753676470588236 0.040522875816993466 0.005147058823529412 0.02875816993464052
0 0.6529411764705882 0.1065359477124183 0.0058823529411764705 0.030065359477124184
0 0.6389705882352941 0.10457516339869281 0.0058823529411764705 0.02875816993464052
0 0.6470588235294118 0.10784313725490197 0.004411764705882353 0.027450980392156862
0 0.6470588235294118 0.10196078431372549 0.0058823529411764705 0.03137254901960784
0 0.13455882352941176 0.27058823529411763 0.011764705882352941 0.04967320261437908
0 0.20220588235294118 0.3895424836601307 0.011764705882352941 0.05228758169934641
0 0.30073529411764705 0.13790849673202615 0.007352941176470588 0.043137254901960784
0 0.16286764705882353 0.03725490196078431 0.006617647058823529 0.032679738562091505
0 0.3514705882352941 0.030065359477124184 0.0058823529411764705 0.018300653594771243
0 0.10147058823529412 0.11437908496732026 0.010294117647058823 0.032679738562091505
0 0.11948529411764706 0.08888888888888889 0.008088235294117648 0.03398692810457516
0 0.1338235294117647 0.08758169934640522 0.008823529411764706 0.036601307189542485
0 0.1448529411764706 0.041176470588235294 0.0058823529411764705 0.01437908496732026
0 0.15183823529411763 0.042483660130718956 0.008088235294117648 0.01437908496732026