0 0.33492647058823527 0.30522875816993467 0.008088235294117648 0.043137254901960784
0 0.5632352941176471 0.08300653594771241 0.004411764705882353 0.0196078431372549
0 0.3952205882352941 0.14705882352941177 0.006617647058823529 0.0196078431372549
0 0.3275735294117647 0.09673202614379085 0.003676470588235294 0.02091503267973856
0 0.32279411764705884 0.09607843137254903 0.004411764705882353 0.02483660130718954
0 0.3113970588235294 0.2 0.006617647058823529 0.02875816993464052
0 0.3981617647058823 0.02091503267973856 0.003676470588235294 0.01045751633986928
0 0.46838235294117647 0.011764705882352941 0.0029411764705882353 0.00784313725490196
0 0.47316176470588234 0.024183006535947713 0.0022058823529411764 0.009150326797385621
0 0.4742647058823529 0.022222222222222223 0.0029411764705882353 0.01045751633986928
0 0.538235294117647 0.06470588235294118 0.0029411764705882353 0.011764705882352941
0 0.6036764705882353 0.4895424836601307 0.013235294117647059 0.048366013071895426
0 0.22242647058823528 0.14901960784313725 0.008088235294117648 0.03398692810457516
0 0.2286764705882353 0.16732026143790849 0.007352941176470588 0.018300653594771243
0 0.09595588235294118 0.569281045751634 0.0125 0.06405228758169934
0 0.08088235294117647 0.5660130718954248 0.016176470588235296 0.06797385620915032
0 0.06911764705882353 0.5529411764705883 0.01764705882352941 0.06013071895424837
0 0.06544117647058824 0.5411764705882353 0.016176470588235296 0.06274509803921569
0 0.09375 0.5019607843137255 0.01838235294117647 0.06013071895424837
0 0.10147058823529412 0.47320261437908495 0.011764705882352941 0.05228758169934641
0 0.060294117647058824 0.49019607843137253 0.011764705882352941 0.05751633986928104
0 0.08014705882352942 0.4888888888888889 0.013235294117647059 0.054901960784313725
0 0.09375 0.4797385620915033 0.0125 0.054901960784313725
0 0.07316176470588236 0.4843137254901961 0.013970588235294118 0.058823529411764705