0 0.5573529411764706 0.465359477124183 0.007352941176470588 0.023529411764705882
0 0.5573529411764706 0.47516339869281043 0.007352941176470588 0.022222222222222223
0 0.32830882352941176 0.28104575163398693 0.008088235294117648 0.03398692810457516
0 0.7235294117647059 0.1830065359477124 0.0058823529411764705 0.026143790849673203
0 0.6224264705882353 0.1980392156862745 0.005147058823529412 0.01437908496732026
0 0.5797794117647059 0.17908496732026144 0.003676470588235294 0.023529411764705882
0 0.5742647058823529 0.17777777777777778 0.0058823529411764705 0.026143790849673203
0 0.5658088235294118 0.17777777777777778 0.006617647058823529 0.02875816993464052
0 0.55625 0.17058823529411765 0.005147058823529412 0.02483660130718954
0 0.43272058823529413 0.10065359477124183 0.005147058823529412 0.013071895424836602
0 0.5158088235294118 0.08823529411764706 0.006617647058823529 0.011764705882352941
0 0.5102941176470588 0.023529411764705882 0.004411764705882353 0.01045751633986928
0 0.5143382352941176 0.023529411764705882 0.0022058823529411764 0.00522875816993464
0 0.5110294117647058 0.05359477124183006 0.004411764705882353 0.018300653594771243