0 0.2474264705882353 0.4503267973856209 0.016911764705882352 0.0457516339869281
0 0.26433823529411765 0.36666666666666664 0.011029411764705883 0.0457516339869281
0 0.4441176470588235 0.2281045751633987 0.004411764705882353 0.0196078431372549
0 0.1636029411764706 0.47843137254901963 0.013970588235294118 0.06013071895424837
0 0.17720588235294119 0.47516339869281043 0.013235294117647059 0.058823529411764705
0 0.18529411764705883 0.477124183006536 0.011764705882352941 0.06013071895424837
0 0.7349264705882353 0.4647058823529412 0.009558823529411765 0.03790849673202614
0 0.9797794117647058 0.5189542483660131 0.04044117647058824 0.0784313725490196
0 0.6283088235294118 0.23790849673202613 0.005147058823529412 0.01568627450980392
0 0.6279411764705882 0.23594771241830065 0.0058823529411764705 0.022222222222222223
0 0.7040441176470589 0.17058823529411765 0.003676470588235294 0.01699346405228758
0 0.7077205882352942 0.1718954248366013 0.003676470588235294 0.0196078431372549
0 0.7121323529411765 0.17124183006535948 0.003676470588235294 0.023529411764705882
0 0.6551470588235294 0.11895424836601307 0.0029411764705882353 0.013071895424836602
0 0.6525735294117647 0.11960784313725491 0.0022058823529411764 0.01437908496732026
0 0.6507352941176471 0.11895424836601307 0.0029411764705882353 0.01045751633986928
0 0.5213235294117647 0.09607843137254903 0.0029411764705882353 0.011764705882352941
0 0.5283088235294118 0.09542483660130718 0.0022058823529411764 0.01045751633986928