0 0.7046875 0.7935185185185185 0.035416666666666666 0.1537037037037037
0 0.7677083333333333 0.8018518518518518 0.0375 0.16666666666666666
0 0.6390625 0.6972222222222222 0.03333333333333333 0.09259259259259259
0 0.6455729166666667 0.6583333333333333 0.019270833333333334 0.07777777777777778
0 0.27578125 0.675 0.03177083333333333 0.13703703703703704
0 0.4752604166666667 0.7129629629629629 0.033854166666666664 0.1574074074074074
0 0.4830729166666667 0.6847222222222222 0.0265625 0.14351851851851852
0 0.4122395833333333 0.6935185185185185 0.027604166666666666 0.12037037037037036
0 0.35911458333333335 0.6222222222222222 0.019270833333333334 0.07407407407407407
0 0.5888020833333333 0.600462962962963 0.015104166666666667 0.058333333333333334
0 0.4127604166666667 0.5509259259259259 0.008854166666666666 0.03518518518518519
0 0.42682291666666666 0.5361111111111111 0.0067708333333333336 0.024074074074074074
0 0.4356770833333333 0.525 0.0067708333333333336 0.022222222222222223
0 0.41041666666666665 0.5259259259259259 0.00625 0.020370370370370372
0 0.4471354166666667 0.5189814814814815 0.005729166666666666 0.017592592592592594
0 0.55078125 0.5532407407407407 0.008854166666666666 0.025
0 0.5427083333333333 0.549074074074074 0.007291666666666667 0.025925925925925925
0 0.5182291666666666 0.525 0.005208333333333333 0.018518518518518517
0 0.55703125 0.5291666666666667 0.0067708333333333336 0.017592592592592594
0 0.5536458333333333 0.538425925925926 0.005208333333333333 0.019444444444444445
0 0.5502604166666667 0.5324074074074074 0.005729166666666666 0.018518518518518517
0 0.5369791666666667 0.538425925925926 0.00625 0.019444444444444445
0 0.5338541666666666 0.524074074074074 0.00625 0.014814814814814815
0 0.5424479166666667 0.5291666666666667 0.005729166666666666 0.01574074074074074