0 0.03713235294117647 0.03790849673202614 0.009558823529411765 0.01568627450980392
0 0.2786764705882353 0.20915032679738563 0.0058823529411764705 0.013071895424836602
0 0.25625 0.32483660130718955 0.006617647058823529 0.01437908496732026
0 0.25330882352941175 0.41241830065359475 0.008088235294117648 0.011764705882352941
0 0.2727941176470588 0.5607843137254902 0.007352941176470588 0.00784313725490196
0 0.2577205882352941 0.5699346405228758 0.006617647058823529 0.01045751633986928
0 0.2525735294117647 0.5660130718954248 0.006617647058823529 0.01568627450980392
0 0.24779411764705883 0.5647058823529412 0.004411764705882353 0.013071895424836602
0 0.25477941176470587 0.5509803921568628 0.006617647058823529 0.009150326797385621
0 0.4676470588235294 0.7333333333333333 0.0058823529411764705 0.01045751633986928
0 0.5213235294117647 0.1503267973856209 0.004411764705882353 0.013071895424836602
0 0.4963235294117647 0.10261437908496732 0.004411764705882353 0.011764705882352941
0 0.5172794117647059 0.3006535947712418 0.005147058823529412 0.013071895424836602
0 0.5680147058823529 0.307843137254902 0.003676470588235294 0.01437908496732026
0 0.5643382352941176 0.3058823529411765 0.003676470588235294 0.01045751633986928
0 0.5610294117647059 0.22745098039215686 0.0058823529411764705 0.013071895424836602
0 0.5658088235294118 0.23529411764705882 0.005147058823529412 0.013071895424836602
0 0.5786764705882353 0.23202614379084968 0.0058823529411764705 0.011764705882352941
0 0.5863970588235294 0.23398692810457516 0.005147058823529412 0.01568627450980392
0 0.5933823529411765 0.19934640522875818 0.004411764705882353 0.011764705882352941
0 0.4577205882352941 0.23660130718954248 0.005147058823529412 0.013071895424836602
0 0.4591911764705882 0.2875816993464052 0.005147058823529412 0.01045751633986928
0 0.4577205882352941 0.3483660130718954 0.005147058823529412 0.011764705882352941