0 0.6941176470588235 0.7993464052287582 0.016176470588235296 0.06405228758169934
0 0.7088235294117647 0.40261437908496733 0.008823529411764706 0.023529411764705882
0 0.15551470588235294 0.5470588235294118 0.013970588235294118 0.040522875816993466
0 0.17904411764705883 0.503921568627451 0.0125 0.05620915032679739
0 0.1625 0.42287581699346405 0.007352941176470588 0.040522875816993466
0 0.2338235294117647 0.4189542483660131 0.007352941176470588 0.032679738562091505
0 0.3996323529411765 0.2718954248366013 0.008088235294117648 0.02875816993464052
0 0.3996323529411765 0.238562091503268 0.006617647058823529 0.02483660130718954
0 0.43933823529411764 0.1477124183006536 0.003676470588235294 0.018300653594771243
0 0.44191176470588234 0.1477124183006536 0.004411764705882353 0.018300653594771243
0 0.4577205882352941 0.13856209150326798 0.003676470588235294 0.013071895424836602
0 0.4536764705882353 0.12352941176470589 0.004411764705882353 0.01437908496732026
0 0.9283088235294118 0.8464052287581699 0.01838235294117647 0.050980392156862744
0 0.924264705882353 0.822875816993464 0.026470588235294117 0.06928104575163399
0 0.8985294117647059 0.788235294117647 0.020588235294117647 0.05751633986928104
0 0.8511029411764706 0.6339869281045751 0.013970588235294118 0.06797385620915032
0 0.5408088235294117 0.09542483660130718 0.003676470588235294 0.01568627450980392
0 0.5040441176470588 0.07973856209150326 0.003676470588235294 0.013071895424836602
0 0.5088235294117647 0.07058823529411765 0.0029411764705882353 0.013071895424836602