0 0.21544117647058825 0.6830065359477124 0.014705882352941176 0.040522875816993466
0 0.011764705882352941 0.5490196078431373 0.011764705882352941 0.036601307189542485
0 0.029044117647058824 0.5444444444444444 0.008088235294117648 0.03529411764705882
0 0.04852941176470588 0.5379084967320261 0.008823529411764706 0.03790849673202614
0 0.03161764705882353 0.5183006535947713 0.007352941176470588 0.030065359477124184
0 0.23566176470588235 0.4261437908496732 0.005147058823529412 0.026143790849673203
0 0.22941176470588234 0.42745098039215684 0.0058823529411764705 0.026143790849673203
0 0.22205882352941175 0.4287581699346405 0.0058823529411764705 0.026143790849673203
0 0.16580882352941176 0.503921568627451 0.009558823529411765 0.032679738562091505
0 0.20147058823529412 0.36013071895424836 0.004411764705882353 0.009150326797385621
0 0.16323529411764706 0.3581699346405229 0.004411764705882353 0.018300653594771243
0 0.15735294117647058 0.3588235294117647 0.004411764705882353 0.01699346405228758
0 0.1661764705882353 0.3568627450980392 0.004411764705882353 0.018300653594771243
0 0.799264705882353 0.4013071895424837 0.004411764705882353 0.018300653594771243
0 0.7955882352941176 0.40522875816993464 0.0058823529411764705 0.018300653594771243
0 0.8044117647058824 0.3790849673202614 0.004411764705882353 0.01568627450980392
0 0.8018382352941177 0.3790849673202614 0.003676470588235294 0.013071895424836602
0 0.8415441176470588 0.36405228758169933 0.003676470588235294 0.01699346405228758
0 0.3669117647058823 0.3895424836601307 0.004411764705882353 0.023529411764705882
0 0.37426470588235294 0.396078431372549 0.004411764705882353 0.02091503267973856
0 0.38088235294117645 0.4117647058823529 0.004411764705882353 0.018300653594771243
0 0.3588235294117647 0.3581699346405229 0.0029411764705882353 0.018300653594771243
0 0.34852941176470587 0.30718954248366015 0.0029411764705882353 0.01045751633986928
0 0.3397058823529412 0.27124183006535946 0.0029411764705882353 0.011764705882352941