0 0.26066176470588237 0.873202614379085 0.0125 0.05751633986928104
0 0.33492647058823527 0.7843137254901961 0.011029411764705883 0.06013071895424837
0 0.39375 0.5313725490196078 0.008088235294117648 0.03529411764705882
0 0.3272058823529412 0.3477124183006536 0.0058823529411764705 0.026143790849673203
0 0.45625 0.20065359477124184 0.005147058823529412 0.01437908496732026
0 0.4117647058823529 0.3758169934640523 0.0058823529411764705 0.02483660130718954
0 0.38125 0.47058823529411764 0.006617647058823529 0.036601307189542485
0 0.38125 0.4568627450980392 0.008088235294117648 0.032679738562091505
0 0.46838235294117647 0.4647058823529412 0.007352941176470588 0.032679738562091505
0 0.43713235294117647 0.23594771241830065 0.005147058823529412 0.01699346405228758
0 0.5202205882352942 0.296078431372549 0.005147058823529412 0.01699346405228758
0 0.53125 0.2856209150326797 0.005147058823529412 0.022222222222222223
0 0.5286764705882353 0.3738562091503268 0.0058823529411764705 0.02875816993464052
0 0.5422794117647058 0.3405228758169935 0.005147058823529412 0.027450980392156862
0 0.55 0.3352941176470588 0.007352941176470588 0.0196078431372549
0 0.5683823529411764 0.4745098039215686 0.0058823529411764705 0.026143790849673203
0 0.5698529411764706 0.4934640522875817 0.010294117647058823 0.027450980392156862