0 0.28161764705882353 0.25620915032679736 0.0058823529411764705 0.023529411764705882
0 0.2875 0.25882352941176473 0.004411764705882353 0.023529411764705882
0 0.5007352941176471 0.21633986928104576 0.004411764705882353 0.01437908496732026
0 0.3047794117647059 0.4954248366013072 0.0125 0.044444444444444446
0 0.8794117647058823 0.49607843137254903 0.007352941176470588 0.032679738562091505
0 0.8735294117647059 0.565359477124183 0.013235294117647059 0.050980392156862744
0 0.8566176470588235 0.5647058823529412 0.010294117647058823 0.044444444444444446
0 0.955514705882353 0.5718954248366013 0.011029411764705883 0.048366013071895426
0 0.9224264705882353 0.5594771241830065 0.021323529411764706 0.04183006535947712
0 0.9419117647058823 0.5542483660130719 0.014705882352941176 0.0392156862745098
0 0.8183823529411764 0.5660130718954248 0.013235294117647059 0.036601307189542485
0 0.8110294117647059 0.5509803921568628 0.013235294117647059 0.040522875816993466
0 0.7724264705882353 0.5686274509803921 0.016911764705882352 0.03398692810457516
0 0.7794117647058824 0.5679738562091503 0.011764705882352941 0.032679738562091505
0 0.7404411764705883 0.5313725490196078 0.01764705882352941 0.03790849673202614
0 0.7496323529411765 0.5398692810457516 0.011029411764705883 0.036601307189542485
0 0.7514705882352941 0.5464052287581699 0.016176470588235296 0.044444444444444446
0 0.7294117647058823 0.6875816993464052 0.013235294117647059 0.07058823529411765
0 0.7411764705882353 0.6856209150326797 0.016176470588235296 0.06928104575163399
0 0.7485294117647059 0.6823529411764706 0.014705882352941176 0.06535947712418301
0 0.6827205882352941 0.7751633986928105 0.01838235294117647 0.0915032679738562
0 0.9341911764705882 0.9150326797385621 0.030147058823529412 0.09673202614379085
0 0.9761029411764706 0.9562091503267974 0.02426470588235294 0.08758169934640522
0 0.9878676470588236 0.9516339869281045 0.02426470588235294 0.0915032679738562