0 0.34705882352941175 0.2777777777777778 0.011764705882352941 0.03790849673202614
0 0.1849264705882353 0.34248366013071896 0.015441176470588236 0.04967320261437908
0 0.91875 0.22287581699346407 0.011029411764705883 0.043137254901960784
0 0.9139705882352941 0.22287581699346407 0.010294117647058823 0.03529411764705882
0 0.7889705882352941 0.1954248366013072 0.007352941176470588 0.032679738562091505
0 0.7580882352941176 0.19869281045751633 0.007352941176470588 0.0392156862745098
0 0.9176470588235294 0.2901960784313726 0.013235294117647059 0.0392156862745098
0 0.9058823529411765 0.28954248366013075 0.013235294117647059 0.03790849673202614
0 0.40955882352941175 0.14444444444444443 0.004411764705882353 0.027450980392156862
0 0.4253676470588235 0.14575163398692811 0.005147058823529412 0.027450980392156862
0 0.3816176470588235 0.14705882352941177 0.004411764705882353 0.022222222222222223
0 0.3790441176470588 0.14575163398692811 0.005147058823529412 0.02483660130718954
0 0.17058823529411765 0.16993464052287582 0.007352941176470588 0.02875816993464052
0 0.13161764705882353 0.10522875816993464 0.004411764705882353 0.01699346405228758
0 0.03713235294117647 0.5254901960784314 0.02426470588235294 0.09673202614379085
0 0.4889705882352941 0.09803921568627451 0.004411764705882353 0.018300653594771243
0 0.25183823529411764 0.06797385620915032 0.003676470588235294 0.013071895424836602
0 0.21066176470588235 0.03202614379084967 0.0022058823529411764 0.009150326797385621
0 0.58125 0.1450980392156863 0.003676470588235294 0.02091503267973856
0 0.575735294117647 0.14705882352941177 0.004411764705882353 0.022222222222222223