0 0.2643229166666667 0.7305555555555555 0.021354166666666667 0.13703703703703704
0 0.14348958333333334 0.7847222222222222 0.044270833333333336 0.18055555555555555
0 0.08046875 0.8273148148148148 0.0578125 0.2175925925925926
0 0.6067708333333334 0.5523148148148148 0.007291666666666667 0.025
0 0.7791666666666667 0.9208333333333333 0.0625 0.15833333333333333
0 0.8338541666666667 0.8328703703703704 0.03333333333333333 0.17685185185185184
0 0.8213541666666667 0.6537037037037037 0.016666666666666666 0.06296296296296296
0 0.759375 0.6694444444444444 0.017708333333333333 0.07592592592592592
0 0.71875 0.6921296296296297 0.019791666666666666 0.06759259259259259
0 0.7276041666666667 0.675 0.016666666666666666 0.06666666666666667
0 0.6950520833333333 0.6805555555555556 0.027604166666666666 0.08703703703703704
0 0.66484375 0.6884259259259259 0.025520833333333333 0.08981481481481482
0 0.5893229166666667 0.6351851851851852 0.0234375 0.07777777777777778
0 0.590625 0.6439814814814815 0.020833333333333332 0.058333333333333334
0 0.6903645833333333 0.6328703703703704 0.0171875 0.058333333333333334
0 0.6765625 0.6226851851851852 0.015625 0.049074074074074076
0 0.8244791666666667 0.6027777777777777 0.013541666666666667 0.04259259259259259
0 0.6927083333333334 0.5662037037037037 0.008333333333333333 0.03611111111111111
0 0.5065104166666666 0.6157407407407407 0.016145833333333335 0.07222222222222222
0 0.53125 0.6208333333333333 0.020833333333333332 0.0824074074074074
0 0.4908854166666667 0.5717592592592593 0.0109375 0.032407407407407406
0 0.5265625 0.575 0.011458333333333333 0.04259259259259259
0 0.5424479166666667 0.5773148148148148 0.0109375 0.032407407407407406
0 0.5377604166666666 0.5611111111111111 0.0078125 0.027777777777777776
0 0.6247395833333333 0.5907407407407408 0.009895833333333333 0.046296296296296294