0 0.7610294117647058 0.9594771241830066 0.022058823529411766 0.03398692810457516
0 0.24595588235294116 0.7581699346405228 0.0125 0.047058823529411764
0 0.009926470588235294 0.5928104575163399 0.015441176470588236 0.040522875816993466
0 0.1514705882352941 0.47058823529411764 0.011764705882352941 0.0392156862745098
0 0.23125 0.4738562091503268 0.0125 0.043137254901960784
0 0.2349264705882353 0.4627450980392157 0.0125 0.04183006535947712
0 0.09705882352941177 0.4915032679738562 0.013235294117647059 0.044444444444444446
0 0.031985294117647056 0.503921568627451 0.013970588235294118 0.040522875816993466
0 0.006617647058823529 0.5026143790849673 0.010294117647058823 0.03529411764705882
0 0.10073529411764706 0.4803921568627451 0.010294117647058823 0.032679738562091505
0 0.09558823529411764 0.46078431372549017 0.008823529411764706 0.040522875816993466
0 0.11066176470588235 0.4588235294117647 0.011029411764705883 0.02091503267973856
0 0.13786764705882354 0.4562091503267974 0.009558823529411765 0.036601307189542485
0 0.16029411764705884 0.4568627450980392 0.008823529411764706 0.040522875816993466
0 0.15661764705882353 0.4542483660130719 0.007352941176470588 0.040522875816993466
0 0.16397058823529412 0.4522875816993464 0.008823529411764706 0.0392156862745098
0 0.1724264705882353 0.4516339869281046 0.011029411764705883 0.03790849673202614
0 0.17794117647058824 0.4444444444444444 0.010294117647058823 0.0392156862745098
0 0.17647058823529413 0.4372549019607843 0.010294117647058823 0.03529411764705882
0 0.17316176470588235 0.4294117647058823 0.011029411764705883 0.027450980392156862
0 0.17058823529411765 0.4091503267973856 0.007352941176470588 0.03398692810457516
0 0.17720588235294119 0.3993464052287582 0.008823529411764706 0.032679738562091505
0 0.17352941176470588 0.3954248366013072 0.008823529411764706 0.03529411764705882
0 0.13198529411764706 0.34248366013071896 0.009558823529411765 0.036601307189542485
0 0.13897058823529412 0.3333333333333333 0.010294117647058823 0.036601307189542485
0 0.2514705882352941 0.338562091503268 0.010294117647058823 0.026143790849673203
0 0.24411764705882352 0.2830065359477124 0.007352941176470588 0.027450980392156862
0 0.06433823529411764 0.40326797385620916 0.008088235294117648 0.01699346405228758
0 0.21948529411764706 0.1130718954248366 0.005147058823529412 0.022222222222222223
0 0.24779411764705883 0.0803921568627451 0.0058823529411764705 0.022222222222222223
0 0.25183823529411764 0.08104575163398693 0.006617647058823529 0.023529411764705882
0 0.3338235294117647 0.03137254901960784 0.004411764705882353 0.023529411764705882
0 0.3235294117647059 0.07254901960784314 0.0058823529411764705 0.0196078431372549
0 0.3463235294117647 0.03137254901960784 0.0058823529411764705 0.02091503267973856
0 0.35 0.03333333333333333 0.004411764705882353 0.022222222222222223
0 0.33933823529411766 0.00784313725490196 0.005147058823529412 0.01568627450980392
0 0.4047794117647059 0.21437908496732025 0.005147058823529412 0.02875816993464052
0 0.42205882352941176 0.22156862745098038 0.007352941176470588 0.0196078431372549
0 0.4261029411764706 0.21764705882352942 0.005147058823529412 0.01699346405228758
0 0.4128676470588235 0.31437908496732025 0.008088235294117648 0.032679738562091505
0 0.42205882352941176 0.31176470588235294 0.0058823529411764705 0.030065359477124184
0 0.43308823529411766 0.32483660130718955 0.007352941176470588 0.03529411764705882
0 0.4852941176470588 0.40784313725490196 0.007352941176470588 0.0392156862745098
0 0.4051470588235294 0.35555555555555557 0.0058823529411764705 0.026143790849673203
0 0.37830882352941175 0.41045751633986927 0.006617647058823529 0.026143790849673203
0 0.3952205882352941 0.4117647058823529 0.009558823529411765 0.03398692810457516
0 0.41654411764705884 0.44901960784313727 0.008088235294117648 0.02483660130718954
0 0.44816176470588237 0.4477124183006536 0.008088235294117648 0.040522875816993466
0 0.46948529411764706 0.4725490196078431 0.008088235294117648 0.043137254901960784
0 0.4610294117647059 0.43137254901960786 0.010294117647058823 0.02875816993464052
0 0.5143382352941176 0.4366013071895425 0.008088235294117648 0.03137254901960784
0 0.5371323529411764 0.4503267973856209 0.008088235294117648 0.032679738562091505
0 0.5422794117647058 0.4398692810457516 0.0125 0.032679738562091505
0 0.7375 0.6594771241830065 0.016176470588235296 0.048366013071895426
0 0.4970588235294118 0.3686274509803922 0.0058823529411764705 0.02875816993464052
0 0.5727941176470588 0.46078431372549017 0.008823529411764706 0.03529411764705882
0 0.5830882352941177 0.4562091503267974 0.008823529411764706 0.036601307189542485
0 0.5904411764705882 0.4444444444444444 0.007352941176470588 0.03137254901960784
0 0.5988970588235294 0.46601307189542485 0.011029411764705883 0.032679738562091505
0 0.6470588235294118 0.43856209150326797 0.007352941176470588 0.030065359477124184
0 0.7150735294117647 0.426797385620915 0.006617647058823529 0.032679738562091505
0 0.6735294117647059 0.43137254901960786 0.008823529411764706 0.03137254901960784
0 0.7415441176470589 0.43137254901960786 0.008088235294117648 0.03137254901960784
0 0.7275735294117647 0.43333333333333335 0.006617647058823529 0.02483660130718954
0 0.7584558823529411 0.41633986928104577 0.008088235294117648 0.03529411764705882
0 0.7558823529411764 0.38169934640522873 0.0058823529411764705 0.02875816993464052
0 0.6014705882352941 0.3150326797385621 0.007352941176470588 0.02875816993464052
0 0.6073529411764705 0.3130718954248366 0.007352941176470588 0.02483660130718954
0 0.8988970588235294 0.37777777777777777 0.0125 0.03398692810457516
0 0.9404411764705882 0.3633986928104575 0.010294117647058823 0.03398692810457516
0 0.9113970588235294 0.3660130718954248 0.008088235294117648 0.03137254901960784
0 0.9143382352941176 0.36405228758169933 0.006617647058823529 0.030065359477124184