0 0.02536764705882353 0.38235294117647056 0.019852941176470587 0.07450980392156863
0 0.016176470588235296 0.36666666666666664 0.01911764705882353 0.06666666666666667
0 0.0838235294117647 0.8705882352941177 0.027941176470588237 0.10457516339869281
0 0.43823529411764706 0.028104575163398694 0.0058823529411764705 0.030065359477124184
0 0.44080882352941175 0.01568627450980392 0.006617647058823529 0.023529411764705882
0 0.4334558823529412 0.013071895424836602 0.006617647058823529 0.023529411764705882
0 0.4375 0.01437908496732026 0.0058823529411764705 0.026143790849673203
0 0.4345588235294118 0.03529411764705882 0.0058823529411764705 0.02875816993464052
0 0.43419117647058825 0.0392156862745098 0.005147058823529412 0.023529411764705882
0 0.4547794117647059 0.00980392156862745 0.005147058823529412 0.01699346405228758
0 0.5569852941176471 0.02483660130718954 0.006617647058823529 0.023529411764705882
0 0.7011029411764705 0.06339869281045751 0.008088235294117648 0.03529411764705882
0 0.7955882352941176 0.12483660130718954 0.007352941176470588 0.040522875816993466
0 0.7952205882352941 0.11568627450980393 0.011029411764705883 0.0457516339869281
0 0.7566176470588235 0.20718954248366014 0.008823529411764706 0.030065359477124184
0 0.7713235294117647 0.23071895424836603 0.016176470588235296 0.032679738562091505
0 0.7779411764705882 0.23529411764705882 0.013235294117647059 0.03398692810457516
0 0.7279411764705882 0.16013071895424835 0.008823529411764706 0.032679738562091505
0 0.8073529411764706 0.761437908496732 0.03676470588235294 0.07973856209150326