0 0.3996323529411765 0.5928104575163399 0.01838235294117647 0.058823529411764705
0 0.125 0.3235294117647059 0.011764705882352941 0.040522875816993466
0 0.11911764705882352 0.3254901960784314 0.010294117647058823 0.04183006535947712
0 0.09154411764705882 0.3254901960784314 0.0125 0.02875816993464052
0 0.9551470588235295 0.5254901960784314 0.020588235294117647 0.05751633986928104
0 0.5654411764705882 0.2830065359477124 0.011764705882352941 0.0457516339869281
0 0.5731617647058823 0.3790849673202614 0.009558823529411765 0.044444444444444446
0 0.5617647058823529 0.37450980392156863 0.011764705882352941 0.0457516339869281
0 0.4536764705882353 0.44509803921568625 0.013235294117647059 0.043137254901960784
0 0.40183823529411766 0.35490196078431374 0.013970588235294118 0.043137254901960784
0 0.3738970588235294 0.36797385620915035 0.0125 0.048366013071895426
0 0.3926470588235294 0.26666666666666666 0.007352941176470588 0.036601307189542485
0 0.40698529411764706 0.27712418300653596 0.008088235294117648 0.036601307189542485
0 0.40183823529411766 0.2758169934640523 0.008088235294117648 0.036601307189542485
0 0.5411764705882353 0.2111111111111111 0.008823529411764706 0.022222222222222223