0 0.511 0.061 0.009 0.03666666666666667
0 0.53325 0.182 0.0095 0.042666666666666665
0 0.62025 0.32666666666666666 0.0115 0.04666666666666667
0 0.64625 0.321 0.0125 0.042
0 0.4815 0.43966666666666665 0.012 0.03933333333333333
0 0.68225 0.544 0.0175 0.042666666666666665
0 0.7755 0.019333333333333334 0.011 0.02
0 0.778 0.02666666666666667 0.009 0.029333333333333333
0 0.788 0.020666666666666667 0.01 0.018666666666666668
0 0.7885 0.025 0.009 0.023333333333333334
0 0.94575 0.33266666666666667 0.0225 0.04933333333333333
0 0.94625 0.12866666666666668 0.0125 0.042666666666666665
0 0.976 0.049 0.014 0.042
0 0.96375 0.060333333333333336 0.0155 0.03933333333333333
0 0.9305 0.06866666666666667 0.016 0.04133333333333333
0 0.93825 0.13066666666666665 0.0215 0.042666666666666665
0 0.9225 0.104 0.012 0.028
0 0.90675 0.131 0.0135 0.026
0 0.915 0.195 0.018 0.028666666666666667
0 0.9465 0.211 0.021 0.03133333333333333
0 0.96475 0.31833333333333336 0.0245 0.05
0 0.8945 0.19866666666666666 0.017 0.044
0 0.88825 0.25966666666666666 0.0145 0.04466666666666667
0 0.97275 0.12166666666666667 0.0185 0.04066666666666666
0 0.977 0.13033333333333333 0.02 0.038
0 0.98925 0.136 0.0155 0.04
0 0.99475 0.131 0.0105 0.05266666666666667
0 0.99575 0.04833333333333333 0.0085 0.03666666666666667
0 0.99325 0.022 0.0135 0.037333333333333336