0 0.6685714285714286 0.18142857142857144 0.005714285714285714 0.012380952380952381
0 0.6732142857142858 0.20857142857142857 0.0035714285714285713 0.005714285714285714
0 0.4660714285714286 0.28523809523809524 0.0064285714285714285 0.018095238095238095
0 0.48642857142857143 0.2623809523809524 0.005714285714285714 0.01619047619047619
0 0.4807142857142857 0.24904761904761905 0.005714285714285714 0.018095238095238095
0 0.46 0.2752380952380952 0.007142857142857143 0.017142857142857144
0 0.45607142857142857 0.2857142857142857 0.0064285714285714285 0.009523809523809525
0 0.4303571428571429 0.3138095238095238 0.005 0.01619047619047619
0 0.4110714285714286 0.38904761904761903 0.009285714285714286 0.023809523809523808
0 0.4382142857142857 0.3619047619047619 0.0064285714285714285 0.02095238095238095
0 0.43214285714285716 0.3595238095238095 0.005714285714285714 0.021904761904761906
0 0.24785714285714286 0.3423809523809524 0.01 0.02761904761904762
0 0.19142857142857142 0.35523809523809524 0.005714285714285714 0.017142857142857144
0 0.06964285714285715 0.35904761904761906 0.009285714285714286 0.022857142857142857
0 0.7625 0.30047619047619045 0.007857142857142858 0.021904761904761906
0 0.9828571428571429 0.3976190476190476 0.01 0.021904761904761906
0 0.5775 0.18714285714285714 0.005 0.008571428571428572
0 0.9428571428571428 0.5447619047619048 0.011428571428571429 0.03238095238095238
0 0.9403571428571429 0.5714285714285714 0.009285714285714286 0.02666666666666667
0 0.9164285714285715 0.570952380952381 0.02 0.03333333333333333
0 0.965 0.55 0.007142857142857143 0.025714285714285714