0 0.7835714285714286 0.4014285714285714 0.02 0.025714285714285714
0 0.575 0.1280952380952381 0.01 0.03333333333333333
0 0.6321428571428571 0.2714285714285714 0.012857142857142857 0.02666666666666667
0 0.6825 0.22333333333333333 0.013571428571428571 0.03333333333333333
0 0.7067857142857142 0.3342857142857143 0.012142857142857143 0.02666666666666667
0 0.7796428571428572 0.3333333333333333 0.019285714285714285 0.02666666666666667
0 0.6228571428571429 0.058095238095238096 0.012857142857142857 0.02666666666666667
0 0.22535714285714287 0.3319047619047619 0.020714285714285713 0.03142857142857143
0 0.1275 0.3519047619047619 0.02214285714285714 0.025714285714285714
0 0.12785714285714286 0.9033333333333333 0.037142857142857144 0.023809523809523808
0 0.19285714285714287 0.49 0.017142857142857144 0.023809523809523808
0 0.6071428571428571 0.6680952380952381 0.018571428571428572 0.021904761904761906
0 0.6428571428571429 0.7023809523809523 0.014285714285714285 0.023809523809523808
0 0.6614285714285715 0.35 0.012857142857142857 0.025714285714285714