0 0.011785714285714287 0.9338095238095238 0.015 0.01619047619047619
0 0.08857142857142856 0.8757142857142857 0.018571428571428572 0.010476190476190476
0 0.08857142857142856 0.8638095238095238 0.018571428571428572 0.011428571428571429
0 0.21321428571428572 0.9123809523809524 0.010714285714285714 0.015238095238095238
0 0.225 0.9133333333333333 0.012857142857142857 0.015238095238095238
0 0.28535714285714286 0.9733333333333334 0.012142857142857143 0.013333333333333334
0 0.5832142857142857 0.5023809523809524 0.010714285714285714 0.014285714285714285
0 0.5832142857142857 0.49142857142857144 0.007857142857142858 0.009523809523809525
0 0.7221428571428572 0.4828571428571429 0.012857142857142857 0.013333333333333334
0 0.79 0.4361904761904762 0.011428571428571429 0.015238095238095238
0 0.8696428571428572 0.2895238095238095 0.015 0.022857142857142857
0 0.8175 0.9271428571428572 0.015 0.010476190476190476
0 0.9828571428571429 0.8052380952380952 0.018571428571428572 0.01619047619047619