0 0.43142857142857144 0.3534263959390863 0.007142857142857143 0.01903553299492386
0 0.42857142857142855 0.27093908629441626 0.004285714285714286 0.011421319796954314
0 0.4382142857142857 0.26078680203045684 0.0064285714285714285 0.01649746192893401
0 0.47035714285714286 0.2963197969543147 0.005 0.01903553299492386
0 0.41785714285714287 0.217005076142132 0.008571428571428572 0.015228426395939087
0 0.6614285714285715 0.2779187817258883 0.008571428571428572 0.015228426395939087
0 0.875 0.20558375634517767 0.002857142857142857 0.012690355329949238
0 0.6425 0.37119289340101524 0.0035714285714285713 0.01649746192893401
0 0.6464285714285715 0.37246192893401014 0.005714285714285714 0.01649746192893401
0 0.4967857142857143 0.38578680203045684 0.005 0.012690355329949238
0 0.5003571428571428 0.3870558375634518 0.0064285714285714285 0.015228426395939087