0 0.25392857142857145 0.7214285714285714 0.020714285714285713 0.06571428571428571
0 0.25821428571428573 0.5461904761904762 0.017857142857142856 0.039047619047619046
0 0.27214285714285713 0.54 0.017142857142857144 0.0380952380952381
0 0.46964285714285714 0.3442857142857143 0.0064285714285714285 0.02761904761904762
0 0.46464285714285714 0.3442857142857143 0.007857142857142858 0.023809523809523808
0 0.4432142857142857 0.3457142857142857 0.009285714285714286 0.022857142857142857
0 0.4732142857142857 0.28904761904761905 0.0064285714285714285 0.02
0 0.45607142857142857 0.26857142857142857 0.005 0.01904761904761905
0 0.47928571428571426 0.2561904761904762 0.004285714285714286 0.015238095238095238
0 0.44892857142857145 0.2680952380952381 0.005 0.018095238095238095
0 0.42214285714285715 0.28476190476190477 0.005714285714285714 0.02095238095238095
0 0.46714285714285714 0.24 0.004285714285714286 0.013333333333333334
0 0.47214285714285714 0.24476190476190476 0.004285714285714286 0.011428571428571429
0 0.48464285714285715 0.24857142857142858 0.0035714285714285713 0.015238095238095238
0 0.5889285714285715 0.4723809523809524 0.009285714285714286 0.03619047619047619
0 0.6075 0.4704761904761905 0.013571428571428571 0.04
0 0.43964285714285717 0.20666666666666667 0.0064285714285714285 0.013333333333333334
0 0.44642857142857145 0.19523809523809524 0.005714285714285714 0.009523809523809525
0 0.45321428571428574 0.19523809523809524 0.005 0.011428571428571429
0 0.4225 0.19523809523809524 0.0035714285714285713 0.011428571428571429
0 0.4282142857142857 0.19428571428571428 0.0035714285714285713 0.009523809523809525
0 0.44142857142857145 0.1895238095238095 0.002857142857142857 0.009523809523809525
0 0.445 0.19047619047619047 0.002857142857142857 0.007619047619047619
0 0.4432142857142857 0.1838095238095238 0.0035714285714285713 0.009523809523809525
0 0.4475 0.18476190476190477 0.0035714285714285713 0.011428571428571429
0 0.4253571428571429 0.19428571428571428 0.0035714285714285713 0.011428571428571429
0 0.4710714285714286 0.20476190476190476 0.002142857142857143 0.007619047619047619
0 0.4742857142857143 0.2057142857142857 0.002857142857142857 0.007619047619047619
0 0.41785714285714287 0.1919047619047619 0.002857142857142857 0.010476190476190476
0 0.41892857142857143 0.22095238095238096 0.005 0.009523809523809525
0 0.4807142857142857 0.17857142857142858 0.002857142857142857 0.008571428571428572
0 0.4767857142857143 0.17809523809523808 0.0035714285714285713 0.009523809523809525
0 0.4017857142857143 0.21666666666666667 0.005 0.01619047619047619
0 0.5760714285714286 0.17666666666666667 0.002142857142857143 0.010476190476190476
0 0.5753571428571429 0.18428571428571427 0.0035714285714285713 0.008571428571428572
0 0.5546428571428571 0.19380952380952382 0.0035714285714285713 0.008571428571428572
0 0.5478571428571428 0.18904761904761905 0.002857142857142857 0.012380952380952381