0 0.17892857142857144 0.6828571428571428 0.039285714285714285 0.07047619047619047
0 0.055 0.7223809523809523 0.06714285714285714 0.07142857142857142
0 0.44 0.7642857142857142 0.037142857142857144 0.05238095238095238
0 0.4228571428571429 0.5847619047619048 0.04857142857142857 0.07238095238095238
0 0.28714285714285714 0.560952380952381 0.027142857142857142 0.07047619047619047
0 0.2032142857142857 0.5923809523809523 0.060714285714285714 0.05714285714285714
0 0.12607142857142858 0.5728571428571428 0.056428571428571425 0.07714285714285714
0 0.23357142857142857 0.4328571428571429 0.03857142857142857 0.07142857142857142
0 0.29678571428571426 0.43238095238095237 0.029285714285714286 0.06857142857142857
0 0.3375 0.3438095238095238 0.02214285714285714 0.0761904761904762
0 0.46535714285714286 0.45904761904761904 0.035 0.06285714285714286
0 0.46714285714285714 0.38285714285714284 0.024285714285714285 0.05523809523809524
0 0.47214285714285714 0.2761904761904762 0.017142857142857144 0.05333333333333334
0 0.36464285714285716 0.3028571428571429 0.027857142857142858 0.047619047619047616
0 0.31892857142857145 0.26095238095238094 0.017857142857142856 0.05714285714285714
0 0.2007142857142857 0.3119047619047619 0.045714285714285714 0.05238095238095238
0 0.13392857142857142 0.25047619047619046 0.029285714285714286 0.06476190476190476
0 0.08214285714285714 0.3219047619047619 0.032857142857142856 0.06666666666666667
0 0.11071428571428571 0.38047619047619047 0.037142857142857144 0.06571428571428571
0 0.04642857142857143 0.4257142857142857 0.037142857142857144 0.0761904761904762
0 0.07714285714285714 0.8361904761904762 0.05714285714285714 0.06476190476190476
0 0.21928571428571428 0.38666666666666666 0.037142857142857144 0.05714285714285714
0 0.18142857142857144 0.21095238095238095 0.018571428571428572 0.054285714285714284
0 0.19964285714285715 0.21619047619047618 0.025 0.047619047619047616
0 0.5096428571428572 0.05095238095238095 0.019285714285714285 0.05047619047619047
0 0.5553571428571429 0.035238095238095235 0.016428571428571428 0.05523809523809524
0 0.535 0.019523809523809523 0.017142857142857144 0.039047619047619046
0 0.4810714285714286 0.023333333333333334 0.017857142857142856 0.04666666666666667
0 0.665 0.0719047619047619 0.017142857142857144 0.07333333333333333
0 0.7107142857142857 0.041428571428571426 0.014285714285714285 0.06380952380952382
0 0.6789285714285714 0.016666666666666666 0.016428571428571428 0.03333333333333333
0 0.8803571428571428 0.19333333333333333 0.023571428571428573 0.06476190476190476
0 0.3560714285714286 0.8566666666666667 0.029285714285714286 0.05619047619047619
0 0.5689285714285715 0.6966666666666667 0.027857142857142858 0.07714285714285714
0 0.5560714285714285 0.43333333333333335 0.03642857142857143 0.05142857142857143