0 0.42857142857142855 0.06380952380952382 0.004285714285714286 0.013333333333333334
0 0.33107142857142857 0.1295238095238095 0.005 0.013333333333333334
0 0.325 0.04 0.004285714285714286 0.011428571428571429
0 0.5 0.25047619047619046 0.004285714285714286 0.011428571428571429
0 0.49392857142857144 0.7390476190476191 0.005 0.009523809523809525
0 0.4903571428571429 0.6580952380952381 0.005 0.007619047619047619
0 0.42392857142857143 0.7071428571428572 0.005 0.010476190476190476
0 0.4042857142857143 0.5157142857142857 0.004285714285714286 0.010476190476190476
0 0.46 0.2180952380952381 0.005714285714285714 0.013333333333333334
0 0.37642857142857145 0.25857142857142856 0.004285714285714286 0.012380952380952381
0 0.3653571428571429 0.25761904761904764 0.0064285714285714285 0.012380952380952381
0 0.3275 0.3780952380952381 0.0064285714285714285 0.013333333333333334
0 0.46535714285714286 0.22 0.005 0.013333333333333334
0 0.3464285714285714 0.4638095238095238 0.005714285714285714 0.013333333333333334
0 0.3364285714285714 0.4704761904761905 0.005714285714285714 0.011428571428571429