0 0.5138308977035491 0.29730983302411873 0.0036534446764091857 0.012059369202226345
0 0.40396659707724425 0.37708719851576994 0.0041753653444676405 0.017625231910946195
0 0.40605427974947805 0.5524118738404453 0.005219206680584551 0.01948051948051948
0 0.40213987473903967 0.5709647495361782 0.006784968684759917 0.021335807050092765
0 0.32306889352818374 0.7189239332096475 0.005219206680584551 0.02040816326530612
0 0.32933194154488515 0.7277365491651205 0.008350730688935281 0.0287569573283859
0 0.31863256784968685 0.7462894248608535 0.007828810020876827 0.015769944341372914
0 0.3376826722338205 0.7425788497217068 0.007306889352818371 0.013914656771799629
0 0.3410751565762004 0.7532467532467533 0.005741127348643006 0.011131725417439703
0 0.3322025052192067 0.7555658627087198 0.006784968684759917 0.01020408163265306
0 0.7095511482254697 0.03571428571428571 0.0026096033402922755 0.01020408163265306
0 0.7659185803757829 0.04823747680890538 0.0036534446764091857 0.0074211502782931356