0 0.6396428571428572 0.0532994923857868 0.005 0.017766497461928935
0 0.6325 0.09961928934010152 0.0064285714285714285 0.021573604060913704
0 0.6057142857142858 0.11104060913705584 0.002857142857142857 0.013959390862944163
0 0.5996428571428571 0.10596446700507614 0.005 0.01649746192893401
0 0.5660714285714286 0.02982233502538071 0.007857142857142858 0.011421319796954314
0 0.5582142857142857 0.011421319796954314 0.0064285714285714285 0.015228426395939087
0 0.5546428571428571 0.23730964467005075 0.0064285714285714285 0.015228426395939087
0 0.5482142857142858 0.2506345177664975 0.0035714285714285713 0.01649746192893401
0 0.565 0.2772842639593909 0.007142857142857143 0.01903553299492386
0 0.6517857142857143 0.18972081218274112 0.0064285714285714285 0.01903553299492386
0 0.6303571428571428 0.407994923857868 0.0064285714285714285 0.01649746192893401
0 0.7142857142857143 0.4581218274111675 0.007142857142857143 0.02284263959390863
0 0.6557142857142857 0.45050761421319796 0.007142857142857143 0.02030456852791878
0 0.6332142857142857 0.47588832487309646 0.0064285714285714285 0.017766497461928935
0 0.6246428571428572 0.43210659898477155 0.005 0.021573604060913704
0 0.6232142857142857 0.46256345177664976 0.0064285714285714285 0.021573604060913704
0 0.6242857142857143 0.48413705583756345 0.004285714285714286 0.01903553299492386
0 0.6285714285714286 0.5171319796954315 0.005714285714285714 0.024111675126903553
0 0.6321428571428571 0.557741116751269 0.007142857142857143 0.024111675126903553
0 0.6646428571428571 0.5888324873096447 0.007857142857142858 0.017766497461928935
0 0.6414285714285715 0.6300761421319797 0.005714285714285714 0.013959390862944163
0 0.5928571428571429 0.6357868020304569 0.007142857142857143 0.027918781725888325
0 0.7614285714285715 0.6935279187817259 0.01 0.031725888324873094
0 0.7117857142857142 0.5425126903553299 0.0064285714285714285 0.021573604060913704
0 0.7914285714285715 0.8540609137055838 0.007142857142857143 0.025380710659898477
0 0.7503571428571428 0.8769035532994924 0.007857142857142858 0.02284263959390863
0 0.7410714285714286 0.875 0.005 0.024111675126903553
0 0.6821428571428572 0.9467005076142132 0.007142857142857143 0.030456852791878174
0 0.6642857142857143 0.9111675126903553 0.011428571428571429 0.02030456852791878
0 0.6910714285714286 0.9371827411167513 0.005 0.021573604060913704
0 0.5753571428571429 0.6218274111675127 0.007857142857142858 0.02030456852791878
0 0.5839285714285715 0.6186548223350253 0.005 0.01903553299492386
0 0.5846428571428571 0.6383248730964467 0.007857142857142858 0.02030456852791878
0 0.6407142857142857 0.6478426395939086 0.005714285714285714 0.01903553299492386
0 0.6535714285714286 0.6269035532994924 0.007142857142857143 0.025380710659898477
0 0.6607142857142857 0.6059644670050761 0.007142857142857143 0.01649746192893401
0 0.6517857142857143 0.5970812182741116 0.0064285714285714285 0.013959390862944163
0 0.6371428571428571 0.5964467005076142 0.005714285714285714 0.012690355329949238
0 0.6575 0.583756345177665 0.005 0.015228426395939087
0 0.5796428571428571 0.5717005076142132 0.0064285714285714285 0.01649746192893401
0 0.5728571428571428 0.5697969543147208 0.005714285714285714 0.02030456852791878
0 0.6964285714285714 0.5571065989847716 0.005714285714285714 0.02284263959390863
0 0.5607142857142857 0.27347715736040606 0.005714285714285714 0.01903553299492386
0 0.5564285714285714 0.26078680203045684 0.005714285714285714 0.01903553299492386
0 0.575 0.03362944162436548 0.004285714285714286 0.01649746192893401
0 0.6 0.06598984771573604 0.011428571428571429 0.012690355329949238
0 0.6325 0.5234771573604061 0.005 0.011421319796954314