0 0.3367857142857143 0.5076190476190476 0.017857142857142856 0.024761904761904763
0 0.315 0.5580952380952381 0.018571428571428572 0.02666666666666667
0 0.315 0.4919047619047619 0.02 0.025714285714285714
0 0.26964285714285713 0.9504761904761905 0.027857142857142858 0.030476190476190476
0 0.17 0.43857142857142856 0.02857142857142857 0.021904761904761906
0 0.8664285714285714 0.6442857142857142 0.027142857142857142 0.025714285714285714
0 0.8832142857142857 0.53 0.02642857142857143 0.02761904761904762
0 0.8785714285714286 0.49333333333333335 0.03 0.02666666666666667
0 0.8603571428571428 0.5142857142857142 0.02642857142857143 0.022857142857142857
0 0.8303571428571429 0.4776190476190476 0.023571428571428573 0.03333333333333333
0 0.6325 0.5238095238095238 0.017857142857142856 0.02666666666666667
0 0.47 0.47904761904761906 0.018571428571428572 0.0380952380952381