0 0.029285714285714286 0.017142857142857144 0.004285714285714286 0.005714285714285714
0 0.04107142857142857 0.04666666666666667 0.002142857142857143 0.0038095238095238095
0 0.0775 0.08904761904761904 0.0064285714285714285 0.014285714285714285
0 0.15571428571428572 0.12761904761904763 0.005714285714285714 0.013333333333333334
0 0.4164285714285714 0.3419047619047619 0.004285714285714286 0.013333333333333334
0 0.31107142857142855 0.4176190476190476 0.0064285714285714285 0.014285714285714285
0 0.4125 0.42523809523809525 0.007857142857142858 0.01619047619047619
0 0.3171428571428571 0.42904761904761907 0.005714285714285714 0.018095238095238095
0 0.09714285714285714 0.7295238095238096 0.011428571428571429 0.013333333333333334
0 0.08714285714285715 0.7323809523809524 0.008571428571428572 0.013333333333333334
0 0.023214285714285715 0.7361904761904762 0.017857142857142856 0.013333333333333334
0 0.5635714285714286 0.4276190476190476 0.005714285714285714 0.015238095238095238
0 0.6010714285714286 0.6285714285714286 0.007857142857142858 0.011428571428571429