0 0.41678571428571426 0.8095238095238095 0.012142857142857143 0.02095238095238095
0 0.6642857142857143 0.3466666666666667 0.01 0.02857142857142857
0 0.9757142857142858 0.5919047619047619 0.022857142857142857 0.02761904761904762
0 0.7617857142857143 0.32571428571428573 0.010714285714285714 0.02666666666666667
0 0.7739285714285714 0.32285714285714284 0.015 0.03238095238095238
0 0.7328571428571429 0.08047619047619048 0.011428571428571429 0.02761904761904762
0 0.45285714285714285 0.019523809523809523 0.011428571428571429 0.021904761904761906
0 0.4782142857142857 0.12333333333333334 0.009285714285714286 0.021904761904761906
0 0.425 0.42904761904761907 0.01 0.021904761904761906
0 0.12464285714285714 0.14476190476190476 0.009285714285714286 0.015238095238095238
0 0.3632142857142857 0.018095238095238095 0.0064285714285714285 0.017142857142857144
0 0.4928571428571429 0.025714285714285714 0.004285714285714286 0.013333333333333334
0 0.4207142857142857 0.0680952380952381 0.007142857142857143 0.018095238095238095
0 0.5292857142857142 0.18571428571428572 0.007142857142857143 0.01904761904761905
0 0.7253571428571428 0.2923809523809524 0.0064285714285714285 0.02095238095238095
0 0.7146428571428571 0.10333333333333333 0.009285714285714286 0.01619047619047619
0 0.7575 0.39476190476190476 0.010714285714285714 0.01619047619047619
0 0.5535714285714286 0.6409523809523809 0.015714285714285715 0.017142857142857144
0 0.9857142857142858 0.5852380952380952 0.014285714285714285 0.02761904761904762
0 0.3535714285714286 0.06285714285714286 0.007142857142857143 0.022857142857142857
0 0.35678571428571426 0.06476190476190476 0.005 0.009523809523809525
0 0.28964285714285715 0.1457142857142857 0.007857142857142858 0.017142857142857144
0 0.2935714285714286 0.14285714285714285 0.01 0.022857142857142857
0 0.3914285714285714 0.14666666666666667 0.008571428571428572 0.02857142857142857
0 0.43107142857142855 0.15523809523809523 0.007857142857142858 0.017142857142857144
0 0.44035714285714284 0.08904761904761904 0.009285714285714286 0.023809523809523808
0 0.4107142857142857 0.15714285714285714 0.005714285714285714 0.02666666666666667
0 0.43642857142857144 0.5461904761904762 0.011428571428571429 0.03142857142857143
0 0.4303571428571429 0.530952380952381 0.012142857142857143 0.021904761904761906