0 0.22625 0.44 0.0045 0.010666666666666666
0 0.2635 0.46266666666666667 0.004 0.013333333333333334
0 0.38225 0.5563333333333333 0.0065 0.015333333333333332
0 0.149 0.4683333333333333 0.006 0.008666666666666666
0 0.167 0.4736666666666667 0.008 0.01
0 0.17675 0.454 0.0035 0.009333333333333334
0 0.1815 0.454 0.004 0.009333333333333334
0 0.20825 0.45766666666666667 0.0045 0.015333333333333332
0 0.21325 0.45666666666666667 0.0035 0.014666666666666666
0 0.1315 0.4766666666666667 0.005 0.016
0 0.13 0.474 0.004 0.014666666666666666
0 0.07575 0.43666666666666665 0.0035 0.012
0 0.08 0.43566666666666665 0.004 0.007333333333333333
0 0.073 0.4156666666666667 0.005 0.011333333333333334
0 0.092 0.43 0.003 0.010666666666666666
0 0.546 0.45566666666666666 0.004 0.014
0 0.5485 0.454 0.003 0.010666666666666666
0 0.54375 0.44066666666666665 0.0025 0.010666666666666666
0 0.529 0.4036666666666667 0.003 0.011333333333333334
0 0.52975 0.41933333333333334 0.0025 0.009333333333333334
0 0.525 0.4206666666666667 0.003 0.009333333333333334
0 0.528 0.4256666666666667 0.004 0.006
0 0.46975 0.4033333333333333 0.0025 0.008
0 0.5115 0.4093333333333333 0.002 0.008
0 0.53 0.38766666666666666 0.002 0.007333333333333333
0 0.51125 0.405 0.0025 0.007333333333333333
0 0.534 0.39166666666666666 0.002 0.007333333333333333
0 0.5365 0.38433333333333336 0.002 0.007333333333333333
0 0.538 0.38866666666666666 0.002 0.012
0 0.533 0.38866666666666666 0.002 0.008
0 0.444 0.44033333333333335 0.005 0.008666666666666666
0 0.40025 0.4703333333333333 0.0025 0.014
0 0.41525 0.4126666666666667 0.0035 0.005333333333333333
0 0.40475 0.409 0.0015 0.006
0 0.4075 0.392 0.003 0.006666666666666667
0 0.41075 0.3913333333333333 0.0025 0.008
0 0.43325 0.399 0.0015 0.006
0 0.43175 0.398 0.0015 0.008
0 0.42925 0.40066666666666667 0.0015 0.005333333333333333
0 0.424 0.41 0.003 0.005333333333333333
0 0.42825 0.41 0.0025 0.005333333333333333