0 0.29214285714285715 0.3946700507614213 0.002857142857142857 0.015228426395939087
0 0.32857142857142857 0.32423857868020306 0.002857142857142857 0.013959390862944163
0 0.5971428571428572 0.3032994923857868 0.002857142857142857 0.012690355329949238
0 0.6139285714285714 0.3743654822335025 0.002142857142857143 0.015228426395939087
0 0.6410714285714286 0.4352791878172589 0.002142857142857143 0.012690355329949238
0 0.13535714285714287 0.6186548223350253 0.005 0.01903553299492386
0 0.11035714285714286 0.6446700507614214 0.0064285714285714285 0.027918781725888325
0 0.08178571428571428 0.6630710659898477 0.0064285714285714285 0.021573604060913704
0 0.06964285714285715 0.6637055837563451 0.005 0.017766497461928935
0 0.17392857142857143 0.6008883248730964 0.005 0.01903553299492386
0 0.07142857142857142 0.682741116751269 0.004285714285714286 0.015228426395939087
0 0.0025 0.6694162436548223 0.005 0.021573604060913704
0 0.01892857142857143 0.6624365482233503 0.005 0.015228426395939087