0 0.27285714285714285 0.12095238095238095 0.008571428571428572 0.022857142857142857
0 0.3325 0.08571428571428572 0.007857142857142858 0.01904761904761905
0 0.3717857142857143 0.14 0.0064285714285714285 0.015238095238095238
0 0.41892857142857143 0.03619047619047619 0.0064285714285714285 0.02095238095238095
0 0.3575 0.009047619047619047 0.009285714285714286 0.018095238095238095
0 0.4878571428571429 0.24761904761904763 0.007142857142857143 0.024761904761904763
0 0.5271428571428571 0.2819047619047619 0.005714285714285714 0.02666666666666667
0 0.5432142857142858 0.31952380952380954 0.0064285714285714285 0.021904761904761906
0 0.5239285714285714 0.4014285714285714 0.009285714285714286 0.023809523809523808
0 0.33107142857142857 0.379047619047619 0.012142857142857143 0.022857142857142857
0 0.2 0.3852380952380952 0.011428571428571429 0.023809523809523808
0 0.23142857142857143 0.49666666666666665 0.011428571428571429 0.021904761904761906
0 0.4832142857142857 0.5047619047619047 0.009285714285714286 0.01904761904761905
0 0.5353571428571429 0.5147619047619048 0.012142857142857143 0.02
0 0.5639285714285714 0.5476190476190477 0.010714285714285714 0.01904761904761905
0 0.6867857142857143 0.5176190476190476 0.009285714285714286 0.02
0 0.7125 0.5642857142857143 0.012142857142857143 0.023809523809523808
0 0.7121428571428572 0.56 0.004285714285714286 0.011428571428571429
0 0.7339285714285714 0.8680952380952381 0.012142857142857143 0.014285714285714285