0 0.03679540709812108 0.5496289424860853 0.009916492693110648 0.021335807050092765
0 0.021137787056367433 0.5871985157699443 0.013048016701461378 0.02411873840445269
0 0.1638830897703549 0.5844155844155844 0.006263048016701462 0.03339517625231911
0 0.4164926931106472 0.19294990723562153 0.003131524008350731 0.011131725417439703
0 0.3736951983298539 0.7152133580705009 0.009394572025052192 0.025974025974025976
0 0.3671711899791232 0.7119666048237476 0.008872651356993737 0.036178107606679034
0 0.5093945720250522 0.7987012987012987 0.012526096033402923 0.03339517625231911
0 0.5125260960334029 0.7838589981447124 0.010438413361169102 0.022263450834879406
0 0.48538622129436326 0.7866419294990723 0.007306889352818371 0.04638218923933209
0 0.48721294363256784 0.7606679035250464 0.008872651356993737 0.027829313543599257
0 0.4804279749478079 0.7620593692022264 0.009916492693110648 0.030612244897959183
0 0.4932150313152401 0.7226345083487941 0.009394572025052192 0.03710575139146568
0 0.5594989561586639 0.7198515769944341 0.009394572025052192 0.03896103896103896
0 0.5587160751565762 0.6966604823747681 0.007828810020876827 0.03525046382189239
0 0.5561064718162839 0.7634508348794063 0.007828810020876827 0.03525046382189239
0 0.5083507306889353 0.5190166975881262 0.007306889352818371 0.021335807050092765
0 0.4812108559498956 0.4911873840445269 0.005219206680584551 0.026901669758812616
0 0.48329853862212946 0.48237476808905383 0.005219206680584551 0.025974025974025976
0 0.47964509394572025 0.4819109461966605 0.005219206680584551 0.0287569573283859
0 0.5031315240083507 0.4652133580705009 0.007306889352818371 0.013914656771799629
0 0.4819937369519833 0.4554730983302412 0.007828810020876827 0.014842300556586271
0 0.509133611691023 0.4197588126159555 0.005741127348643006 0.023191094619666047
0 0.4825156576200417 0.3534322820037106 0.0026096033402922755 0.0074211502782931356
0 0.48173277661795405 0.349721706864564 0.003131524008350731 0.011131725417439703
0 0.48956158663883087 0.35111317254174396 0.0041753653444676405 0.012059369202226345
0 0.48825678496868474 0.34786641929499074 0.004697286012526096 0.01855287569573284
0 0.5036534446764092 0.3014842300556586 0.003131524008350731 0.014842300556586271
0 0.49504175365344466 0.3228200371057514 0.005741127348643006 0.012987012987012988
0 0.5198329853862212 0.28014842300556586 0.003131524008350731 0.012987012987012988
0 0.49947807933194155 0.25788497217068646 0.003131524008350731 0.012987012987012988
0 0.4869519832985386 0.26716141001855287 0.003131524008350731 0.00927643784786642
0 0.4869519832985386 0.26437847866419295 0.0041753653444676405 0.011131725417439703
0 0.4906054279749478 0.24397031539888683 0.003131524008350731 0.014842300556586271
0 0.5146137787056367 0.21985157699443414 0.0020876826722338203 0.011131725417439703
0 0.5104384133611691 0.22031539888682747 0.003131524008350731 0.012059369202226345
0 0.5099164926931107 0.21614100185528756 0.003131524008350731 0.011131725417439703
0 0.49269311064718163 0.2101113172541744 0.0041753653444676405 0.01020408163265306
0 0.5031315240083507 0.20686456400742115 0.0020876826722338203 0.00927643784786642
0 0.49765135699373697 0.18181818181818182 0.0026096033402922755 0.0074211502782931356
0 0.5013048016701461 0.14703153988868276 0.0015657620041753654 0.00463821892393321
0 0.5005219206680585 0.13636363636363635 0.0020876826722338203 0.0055658627087198514
0 0.4968684759916493 0.13821892393320964 0.0020876826722338203 0.0074211502782931356
0 0.5033924843423799 0.13404452690166976 0.0015657620041753654 0.006493506493506494
0 0.5036534446764092 0.12755102040816327 0.0010438413361169101 0.00463821892393321
0 0.4945198329853862 0.17439703153988867 0.0026096033402922755 0.00927643784786642