0 0.6178571428571429 0.7757142857142857 0.032857142857142856 0.1
0 0.5921428571428572 0.62 0.02142857142857143 0.07428571428571429
0 0.5714285714285714 0.621904761904762 0.02 0.05523809523809524
0 0.5946428571428571 0.5347619047619048 0.019285714285714285 0.058095238095238096
0 0.6542857142857142 0.4723809523809524 0.017142857142857144 0.045714285714285714
0 0.6328571428571429 0.4719047619047619 0.014285714285714285 0.054285714285714284
0 0.6167857142857143 0.4695238095238095 0.015 0.0419047619047619
0 0.7239285714285715 0.47619047619047616 0.015 0.05523809523809524
0 0.6592857142857143 0.44142857142857145 0.012857142857142857 0.04476190476190476
0 0.5542857142857143 0.32761904761904764 0.005714285714285714 0.022857142857142857
0 0.5607142857142857 0.3242857142857143 0.007142857142857143 0.023809523809523808
0 0.5696428571428571 0.3261904761904762 0.007857142857142858 0.025714285714285714
0 0.5660714285714286 0.2642857142857143 0.005 0.010476190476190476
0 0.5528571428571428 0.2861904761904762 0.007142857142857143 0.02
0 0.5467857142857143 0.2742857142857143 0.005 0.015238095238095238
0 0.5725 0.3028571428571429 0.0064285714285714285 0.02095238095238095