0 0.6595 0.976 0.017 0.048
0 0.6335 0.972 0.018 0.056
0 0.619 0.9013333333333333 0.019 0.036
0 0.61125 0.9023333333333333 0.0225 0.034
0 0.48325 0.7816666666666666 0.0135 0.043333333333333335
0 0.58875 0.7433333333333333 0.0115 0.04133333333333333
0 0.48725 0.6913333333333334 0.0105 0.03333333333333333
0 0.223 0.5533333333333333 0.01 0.02666666666666667
0 0.39725 0.425 0.0055 0.015333333333333332
0 0.288 0.467 0.007 0.016666666666666666
0 0.2745 0.39066666666666666 0.005 0.012
0 0.329 0.38166666666666665 0.004 0.01
0 0.33475 0.374 0.0045 0.008
0 0.3745 0.3863333333333333 0.004 0.015333333333333332
0 0.3115 0.3576666666666667 0.003 0.01