0 0.9332142857142857 0.7398477157360406 0.010714285714285714 0.017766497461928935
0 0.9696428571428571 0.690989847715736 0.010714285714285714 0.021573604060913704
0 0.9753571428571428 0.6751269035532995 0.016428571428571428 0.015228426395939087
0 0.9717857142857143 0.8578680203045685 0.012142857142857143 0.015228426395939087
0 0.9428571428571428 0.7893401015228426 0.007142857142857143 0.015228426395939087
0 0.8785714285714286 0.4860406091370558 0.01 0.017766497461928935
0 0.88 0.4847715736040609 0.011428571428571429 0.012690355329949238
0 0.8475 0.4631979695431472 0.010714285714285714 0.015228426395939087
0 0.7510714285714286 0.07360406091370558 0.007857142857142858 0.012690355329949238
0 0.7492857142857143 0.057741116751269035 0.007142857142857143 0.013959390862944163
0 0.7260714285714286 0.006345177664974619 0.007857142857142858 0.012690355329949238
0 0.7260714285714286 0.023477157360406092 0.0064285714285714285 0.013959390862944163