0 0.805 0.6076190476190476 0.014285714285714285 0.024761904761904763
0 0.8621428571428571 0.6338095238095238 0.015714285714285715 0.025714285714285714
0 0.8060714285714285 0.5071428571428571 0.016428571428571428 0.02761904761904762
0 0.6492857142857142 0.46476190476190476 0.015714285714285715 0.02666666666666667
0 0.8196428571428571 0.4695238095238095 0.010714285714285714 0.017142857142857144
0 0.8 0.4861904761904762 0.012857142857142857 0.02761904761904762
0 0.7092857142857143 0.3680952380952381 0.012857142857142857 0.02761904761904762
0 0.6589285714285714 0.35714285714285715 0.010714285714285714 0.024761904761904763
0 0.595 0.30857142857142855 0.01 0.024761904761904763
0 0.5810714285714286 0.26904761904761904 0.009285714285714286 0.02761904761904762
0 0.6342857142857142 0.2823809523809524 0.011428571428571429 0.025714285714285714
0 0.30178571428571427 0.32285714285714284 0.012142857142857143 0.02857142857142857
0 0.21285714285714286 0.3742857142857143 0.018571428571428572 0.02666666666666667
0 0.12178571428571429 0.2861904761904762 0.015 0.025714285714285714
0 0.19964285714285715 0.4204761904761905 0.015 0.03142857142857143
0 0.40464285714285714 0.2776190476190476 0.010714285714285714 0.029523809523809525
0 0.4446428571428571 0.2519047619047619 0.010714285714285714 0.02761904761904762
0 0.4764285714285714 0.26476190476190475 0.01 0.02857142857142857
0 0.48642857142857143 0.29714285714285715 0.011428571428571429 0.030476190476190476
0 0.7857142857142857 0.24619047619047618 0.01 0.03333333333333333
0 0.9203571428571429 0.2757142857142857 0.015 0.023809523809523808
0 0.835 0.33095238095238094 0.014285714285714285 0.035238095238095235
0 0.8360714285714286 0.7361904761904762 0.019285714285714285 0.024761904761904763
0 0.08357142857142857 0.29095238095238096 0.018571428571428572 0.03142857142857143
0 0.10571428571428572 0.25761904761904764 0.018571428571428572 0.029523809523809525
0 0.08285714285714285 0.2661904761904762 0.02 0.023809523809523808
0 0.25 0.2757142857142857 0.017142857142857144 0.02761904761904762
0 0.2571428571428571 0.27095238095238094 0.011428571428571429 0.01619047619047619
0 0.2325 0.2966666666666667 0.015 0.025714285714285714
0 0.21428571428571427 0.28904761904761905 0.014285714285714285 0.02761904761904762
0 0.21428571428571427 0.27904761904761904 0.01 0.017142857142857144
0 0.22321428571428573 0.2742857142857143 0.016428571428571428 0.024761904761904763
0 0.10821428571428572 0.3580952380952381 0.019285714285714285 0.03238095238095238
0 0.11857142857142858 0.3361904761904762 0.014285714285714285 0.02666666666666667
0 0.26785714285714285 0.3504761904761905 0.015714285714285715 0.02666666666666667
0 0.27535714285714286 0.370952380952381 0.012142857142857143 0.02761904761904762
0 0.08392857142857142 0.2338095238095238 0.016428571428571428 0.023809523809523808
0 0.16285714285714287 0.24428571428571427 0.014285714285714285 0.02761904761904762
0 0.35285714285714287 0.30523809523809525 0.008571428571428572 0.01619047619047619
0 0.3467857142857143 0.30666666666666664 0.009285714285714286 0.01904761904761905
0 0.865 0.30095238095238097 0.01 0.024761904761904763
0 0.8528571428571429 0.34095238095238095 0.014285714285714285 0.022857142857142857
0 0.8446428571428571 0.3414285714285714 0.009285714285714286 0.018095238095238095
0 0.8160714285714286 0.26666666666666666 0.012142857142857143 0.02857142857142857
0 0.8685714285714285 0.28095238095238095 0.011428571428571429 0.02857142857142857
0 0.8642857142857143 0.22428571428571428 0.008571428571428572 0.02
0 0.8203571428571429 0.17285714285714285 0.009285714285714286 0.01619047619047619
0 0.8707142857142857 0.809047619047619 0.011428571428571429 0.023809523809523808
0 0.8760714285714286 0.7928571428571428 0.010714285714285714 0.025714285714285714
0 0.7453571428571428 0.6033333333333334 0.010714285714285714 0.018095238095238095