0 0.4707724425887265 0.17207792207792208 0.003131524008350731 0.006493506493506494
0 0.6315240083507306 0.35435992578849723 0.005219206680584551 0.012987012987012988
0 0.6124739039665971 0.3186456400742115 0.0036534446764091857 0.012059369202226345
0 0.5730688935281837 0.22495361781076068 0.003131524008350731 0.012059369202226345
0 0.5762004175365344 0.18228200371057515 0.0041753653444676405 0.013914656771799629
0 0.581419624217119 0.1679035250463822 0.0041753653444676405 0.011131725417439703
0 0.5668058455114823 0.07977736549165121 0.003131524008350731 0.00927643784786642
0 0.47390396659707723 0.1303339517625232 0.003131524008350731 0.008348794063079777
0 0.5957724425887265 0.2453617810760668 0.0036534446764091857 0.015769944341372914
0 0.5952505219206681 0.23562152133580705 0.0036534446764091857 0.011131725417439703
0 0.6884133611691023 0.5663265306122449 0.006263048016701462 0.015769944341372914
0 0.3389874739039666 0.7388682745825603 0.007828810020876827 0.015769944341372914
0 0.3653444676409186 0.588126159554731 0.007306889352818371 0.016697588126159554
0 0.3713465553235908 0.5324675324675324 0.007828810020876827 0.02040816326530612