0 0.9645 0.607 0.019 0.058
0 0.29325 0.297 0.0095 0.03
0 0.294 0.2896666666666667 0.009 0.03
0 0.31925 0.204 0.0065 0.02666666666666667
0 0.5805 0.157 0.005 0.019333333333333334
0 0.48625 0.12633333333333333 0.0035 0.018
0 0.49125 0.13366666666666666 0.0055 0.012666666666666666
0 0.6495 0.11233333333333333 0.005 0.012666666666666666
0 0.64875 0.112 0.0055 0.013333333333333334
0 0.47675 0.10166666666666667 0.0025 0.015333333333333332
0 0.47575 0.085 0.0035 0.014
0 0.467 0.09633333333333334 0.003 0.014
0 0.461 0.09666666666666666 0.003 0.013333333333333334
0 0.46275 0.097 0.0025 0.014
0 0.46625 0.08366666666666667 0.0025 0.015333333333333332
0 0.462 0.08733333333333333 0.003 0.013333333333333334
0 0.462 0.08633333333333333 0.003 0.012666666666666666
0 0.45625 0.08333333333333333 0.0025 0.012
0 0.452 0.08566666666666667 0.002 0.011333333333333334
0 0.45575 0.08533333333333333 0.0025 0.012
0 0.48475 0.095 0.0025 0.011333333333333334
0 0.4855 0.09366666666666666 0.004 0.011333333333333334
0 0.4985 0.058 0.003 0.009333333333333334
0 0.53775 0.002 0.0015 0.004
0 0.53575 0.002 0.0015 0.004
0 0.59175 0.0023333333333333335 0.0015 0.004666666666666667
0 0.599 0.049 0.003 0.007333333333333333
0 0.604 0.051333333333333335 0.003 0.008
0 0.604 0.02 0.002 0.006666666666666667
0 0.60575 0.015 0.0015 0.007333333333333333