0 0.3557142857142857 0.6628571428571428 0.017142857142857144 0.047619047619047616
0 0.4417857142857143 0.6538095238095238 0.010714285714285714 0.05047619047619047
0 0.42928571428571427 0.6080952380952381 0.015714285714285715 0.04476190476190476
0 0.5153571428571428 0.31666666666666665 0.010714285714285714 0.03142857142857143
0 0.63 0.18619047619047618 0.007142857142857143 0.02761904761904762
0 0.6025 0.21714285714285714 0.009285714285714286 0.01904761904761905
0 0.7089285714285715 0.08476190476190476 0.007857142857142858 0.01904761904761905
0 0.7160714285714286 0.07333333333333333 0.0064285714285714285 0.01904761904761905
0 0.9864285714285714 0.2538095238095238 0.011428571428571429 0.014285714285714285
0 0.9025 0.12142857142857143 0.005 0.012380952380952381
0 0.9521428571428572 0.1219047619047619 0.01 0.02095238095238095
0 0.9503571428571429 0.09238095238095238 0.007857142857142858 0.02095238095238095
0 0.9385714285714286 0.07523809523809524 0.005714285714285714 0.017142857142857144
0 0.9339285714285714 0.06476190476190476 0.0064285714285714285 0.015238095238095238
0 0.9471428571428572 0.06666666666666667 0.007142857142857143 0.01904761904761905
0 0.9542857142857143 0.06619047619047619 0.007142857142857143 0.01619047619047619
0 0.9757142857142858 0.07428571428571429 0.007142857142857143 0.01904761904761905
0 0.9639285714285715 0.09285714285714286 0.0064285714285714285 0.018095238095238095
0 0.9607142857142857 0.08523809523809524 0.005714285714285714 0.01619047619047619
0 0.9725 0.09571428571428571 0.0064285714285714285 0.02
0 0.9846428571428572 0.11619047619047619 0.009285714285714286 0.01904761904761905
0 0.7328571428571429 0.029523809523809525 0.004285714285714286 0.013333333333333334
0 0.7307142857142858 0.017142857142857144 0.004285714285714286 0.011428571428571429
0 0.9025 0.005714285714285714 0.005 0.011428571428571429