0 0.017857142857142856 0.6457142857142857 0.012857142857142857 0.030476190476190476
0 0.3246428571428571 0.5090476190476191 0.005 0.010476190476190476
0 0.5864285714285714 0.4980952380952381 0.005714285714285714 0.017142857142857144
0 0.6014285714285714 0.5023809523809524 0.005714285714285714 0.018095238095238095
0 0.5871428571428572 0.5538095238095239 0.005714285714285714 0.02
0 0.5985714285714285 0.55 0.007142857142857143 0.021904761904761906
0 0.5896428571428571 0.4657142857142857 0.005 0.015238095238095238
0 0.5796428571428571 0.4319047619047619 0.0035714285714285713 0.010476190476190476
0 0.57 0.42714285714285716 0.002857142857142857 0.010476190476190476
0 0.5821428571428572 0.7919047619047619 0.011428571428571429 0.04476190476190476
0 0.5057142857142857 0.9138095238095238 0.017142857142857144 0.054285714285714284
0 0.36714285714285716 0.8771428571428571 0.015714285714285715 0.05333333333333334
0 0.36964285714285716 0.8671428571428571 0.009285714285714286 0.021904761904761906
0 0.6625 0.9461904761904761 0.020714285714285713 0.05047619047619047
0 0.69 0.9047619047619048 0.017142857142857144 0.05333333333333334
0 0.7132142857142857 0.8680952380952381 0.016428571428571428 0.054285714285714284
0 0.7053571428571429 0.9733333333333334 0.015 0.05333333333333334
0 0.7407142857142858 0.9557142857142857 0.017142857142857144 0.054285714285714284
0 0.6257142857142857 0.9838095238095238 0.014285714285714285 0.030476190476190476
0 0.7360714285714286 0.979047619047619 0.016428571428571428 0.04
0 0.44642857142857145 0.9890476190476191 0.018571428571428572 0.021904761904761906