0 0.15005219206680584 0.19341372912801486 0.0036534446764091857 0.012059369202226345
0 0.6453549060542797 0.43692022263450836 0.005741127348643006 0.01855287569573284
0 0.6646659707724426 0.6034322820037106 0.004697286012526096 0.017625231910946195
0 0.6336116910229646 0.5347866419294991 0.0041753653444676405 0.015769944341372914
0 0.5848121085594989 0.4225417439703154 0.004697286012526096 0.012059369202226345
0 0.5532359081419624 0.33534322820037105 0.0020876826722338203 0.01020408163265306
0 0.5031315240083507 0.1437847866419295 0.0020876826722338203 0.0074211502782931356
0 0.49191022964509395 0.07328385899814471 0.0015657620041753654 0.0055658627087198514
0 0.4869519832985386 0.07050092764378478 0.0020876826722338203 0.00927643784786642
0 0.5425365344467641 0.42207792207792205 0.0036534446764091857 0.012987012987012988
0 0.28992693110647183 0.8724489795918368 0.006784968684759917 0.023191094619666047
0 0.3040187891440501 0.911873840445269 0.010960334029227558 0.025974025974025976
0 0.3285490605427975 0.550556586270872 0.005741127348643006 0.01020408163265306
0 0.35908141962421714 0.5357142857142857 0.007306889352818371 0.021335807050092765
0 0.3682150313152401 0.5403525046382189 0.006784968684759917 0.023191094619666047
0 0.36221294363256784 0.29313543599257885 0.003131524008350731 0.011131725417439703
0 0.38021920668058456 0.12894248608534323 0.0026096033402922755 0.0074211502782931356
0 0.3825678496868476 0.12523191094619665 0.0020876826722338203 0.0055658627087198514
0 0.7904488517745303 0.6614100185528757 0.005741127348643006 0.011131725417439703
0 0.8546450939457203 0.6641929499072357 0.006784968684759917 0.022263450834879406
0 0.8220250521920668 0.6641929499072357 0.005219206680584551 0.01855287569573284