0 0.29214285714285715 0.5304761904761904 0.025714285714285714 0.05714285714285714
0 0.32 0.44142857142857145 0.014285714285714285 0.039047619047619046
0 0.30178571428571427 0.43857142857142856 0.015 0.039047619047619046
0 0.25785714285714284 0.4228571428571429 0.014285714285714285 0.03428571428571429
0 0.18214285714285713 0.45285714285714285 0.012857142857142857 0.037142857142857144
0 0.22892857142857143 0.43142857142857144 0.009285714285714286 0.0380952380952381
0 0.2332142857142857 0.43 0.012142857142857143 0.035238095238095235
0 0.25642857142857145 0.4661904761904762 0.011428571428571429 0.039047619047619046
0 0.26 0.4661904761904762 0.012857142857142857 0.02761904761904762
0 0.3653571428571429 0.4614285714285714 0.015 0.04285714285714286
0 0.35214285714285715 0.4514285714285714 0.017142857142857144 0.04
0 0.2789285714285714 0.2980952380952381 0.007857142857142858 0.022857142857142857
0 0.48178571428571426 0.1961904761904762 0.0035714285714285713 0.0038095238095238095
0 0.6442857142857142 0.4676190476190476 0.015714285714285715 0.04380952380952381
0 0.6275 0.4861904761904762 0.019285714285714285 0.037142857142857144
0 0.7657142857142857 0.45380952380952383 0.018571428571428572 0.039047619047619046
0 0.8142857142857143 0.4623809523809524 0.012857142857142857 0.04857142857142857
0 0.7028571428571428 0.45285714285714285 0.011428571428571429 0.04857142857142857
0 0.7235714285714285 0.43523809523809526 0.014285714285714285 0.0380952380952381
0 0.7307142857142858 0.4328571428571429 0.008571428571428572 0.029523809523809525
0 0.7285714285714285 0.42523809523809525 0.011428571428571429 0.040952380952380955
0 0.7110714285714286 0.44952380952380955 0.010714285714285714 0.047619047619047616
0 0.6978571428571428 0.43857142857142856 0.012857142857142857 0.039047619047619046
0 0.705 0.4438095238095238 0.012857142857142857 0.0419047619047619
0 0.6675 0.4057142857142857 0.013571428571428571 0.0380952380952381
0 0.6707142857142857 0.43666666666666665 0.014285714285714285 0.040952380952380955
0 0.6785714285714286 0.4228571428571429 0.015714285714285715 0.04
0 0.6771428571428572 0.41714285714285715 0.01 0.0380952380952381
0 0.6596428571428572 0.4442857142857143 0.015 0.040952380952380955
0 0.6510714285714285 0.46190476190476193 0.012142857142857143 0.04
0 0.6492857142857142 0.4552380952380952 0.015714285714285715 0.047619047619047616
0 0.7632142857142857 0.38285714285714284 0.013571428571428571 0.03619047619047619
0 0.9103571428571429 0.490952380952381 0.020714285714285713 0.05619047619047619
0 0.9782142857142857 0.5052380952380953 0.019285714285714285 0.05047619047619047
0 0.9778571428571429 0.4261904761904762 0.011428571428571429 0.040952380952380955
0 0.9060714285714285 0.3861904761904762 0.013571428571428571 0.021904761904761906
0 0.7375 0.28523809523809524 0.009285714285714286 0.02761904761904762
0 0.7082142857142857 0.26904761904761904 0.0064285714285714285 0.023809523809523808
0 0.7028571428571428 0.2776190476190476 0.008571428571428572 0.01619047619047619
0 0.6160714285714286 0.2776190476190476 0.007857142857142858 0.018095238095238095
0 0.6425 0.21333333333333335 0.0035714285714285713 0.009523809523809525
0 0.6210714285714286 0.19666666666666666 0.0035714285714285713 0.006666666666666667
0 0.5660714285714286 0.2219047619047619 0.0064285714285714285 0.013333333333333334
0 0.5253571428571429 0.21333333333333335 0.0035714285714285713 0.011428571428571429
0 0.42642857142857143 0.23095238095238096 0.004285714285714286 0.012380952380952381
0 0.04428571428571428 0.4680952380952381 0.027142857142857142 0.039047619047619046
0 0.12178571428571429 0.3923809523809524 0.015 0.03428571428571429
0 0.15321428571428572 0.38571428571428573 0.010714285714285714 0.03428571428571429
0 0.16071428571428573 0.3838095238095238 0.015714285714285715 0.0380952380952381
0 0.22178571428571428 0.3419047619047619 0.009285714285714286 0.024761904761904763
0 0.22392857142857142 0.3319047619047619 0.012142857142857143 0.023809523809523808
0 0.23 0.33095238095238094 0.008571428571428572 0.025714285714285714
0 0.2817857142857143 0.25761904761904764 0.005 0.01619047619047619
0 0.31392857142857145 0.2723809523809524 0.0064285714285714285 0.01904761904761905
0 0.33214285714285713 0.2776190476190476 0.005714285714285714 0.021904761904761906
0 0.33785714285714286 0.27714285714285714 0.007142857142857143 0.01904761904761905
0 0.34464285714285714 0.2780952380952381 0.0064285714285714285 0.01904761904761905
0 0.35214285714285715 0.27285714285714285 0.008571428571428572 0.021904761904761906
0 0.3467857142857143 0.2523809523809524 0.0035714285714285713 0.017142857142857144
0 0.33785714285714286 0.2571428571428571 0.005714285714285714 0.01904761904761905
0 0.3817857142857143 0.23904761904761904 0.0064285714285714285 0.013333333333333334
0 0.3717857142857143 0.24714285714285714 0.005 0.012380952380952381
0 0.37392857142857144 0.2438095238095238 0.0064285714285714285 0.015238095238095238
0 0.4203571428571429 0.2123809523809524 0.0035714285714285713 0.013333333333333334
0 0.44821428571428573 0.19285714285714287 0.005 0.012380952380952381
0 0.47214285714285714 0.18619047619047618 0.004285714285714286 0.008571428571428572
0 0.46785714285714286 0.18714285714285714 0.002857142857142857 0.010476190476190476
0 0.465 0.1880952380952381 0.004285714285714286 0.010476190476190476
0 0.4614285714285714 0.19285714285714287 0.002857142857142857 0.008571428571428572
0 0.45821428571428574 0.19333333333333333 0.005 0.009523809523809525