0 0.3317857142857143 0.5347619047619048 0.005 0.01619047619047619
0 0.42964285714285716 0.06619047619047619 0.002142857142857143 0.008571428571428572
0 0.425 0.18 0.002857142857142857 0.009523809523809525
0 0.42 0.17476190476190476 0.002857142857142857 0.010476190476190476
0 0.51 0.2 0.002857142857142857 0.009523809523809525
0 0.5014285714285714 0.20095238095238097 0.002857142857142857 0.009523809523809525
0 0.3967857142857143 0.37952380952380954 0.005 0.01619047619047619
0 0.4017857142857143 0.7114285714285714 0.0064285714285714285 0.02666666666666667
0 0.4114285714285714 0.7138095238095238 0.01 0.029523809523809525
0 0.6225 0.3871428571428571 0.005 0.01619047619047619
0 0.615 0.3780952380952381 0.004285714285714286 0.017142857142857144
0 0.6371428571428571 0.36523809523809525 0.002857142857142857 0.014285714285714285
0 0.6321428571428571 0.3628571428571429 0.002857142857142857 0.013333333333333334
0 0.6303571428571428 0.36333333333333334 0.002142857142857143 0.008571428571428572
0 0.6614285714285715 0.21666666666666667 0.002857142857142857 0.010476190476190476
0 0.6571428571428571 0.21476190476190476 0.002857142857142857 0.010476190476190476
0 0.6585714285714286 0.10571428571428572 0.0014285714285714286 0.005714285714285714
0 0.6721428571428572 0.1538095238095238 0.002857142857142857 0.012380952380952381
0 0.6328571428571429 0.32476190476190475 0.002857142857142857 0.005714285714285714
0 0.6114285714285714 0.2561904761904762 0.002857142857142857 0.007619047619047619
0 0.5028571428571429 0.1757142857142857 0.004285714285714286 0.006666666666666667
0 0.4514285714285714 0.09428571428571429 0.007142857142857143 0.005714285714285714
0 0.675 0.19714285714285715 0.002857142857142857 0.009523809523809525
0 0.7775 0.6223809523809524 0.0064285714285714285 0.021904761904761906
0 0.5135714285714286 0.2276190476190476 0.002857142857142857 0.0038095238095238095