0 0.019642857142857142 0.6395238095238095 0.02214285714285714 0.05619047619047619
0 0.04214285714285714 0.5342857142857143 0.015714285714285715 0.03619047619047619
0 0.10214285714285715 0.5476190476190477 0.015714285714285715 0.0380952380952381
0 0.23964285714285713 0.5633333333333334 0.013571428571428571 0.04285714285714286
0 0.26 0.559047619047619 0.015714285714285715 0.03428571428571429
0 0.6635714285714286 0.65 0.024285714285714285 0.05238095238095238
0 0.5689285714285715 0.6309523809523809 0.016428571428571428 0.054285714285714284
0 0.6032142857142857 0.6252380952380953 0.012142857142857143 0.04476190476190476
0 0.6053571428571428 0.6042857142857143 0.013571428571428571 0.04285714285714286
0 0.04928571428571429 0.3976190476190476 0.01 0.018095238095238095
0 0.0475 0.37523809523809526 0.009285714285714286 0.017142857142857144
0 0.09714285714285714 0.38666666666666666 0.01 0.022857142857142857
0 0.09142857142857143 0.3638095238095238 0.005714285714285714 0.01904761904761905
0 0.09892857142857144 0.36523809523809525 0.007857142857142858 0.01619047619047619
0 0.10535714285714286 0.3657142857142857 0.007857142857142858 0.01904761904761905
0 0.18857142857142858 0.35333333333333333 0.007142857142857143 0.02095238095238095
0 0.14642857142857144 0.5280952380952381 0.011428571428571429 0.035238095238095235
0 0.13 0.5557142857142857 0.011428571428571429 0.03333333333333333
0 0.1475 0.5638095238095238 0.010714285714285714 0.030476190476190476
0 0.24035714285714285 0.5171428571428571 0.012142857142857143 0.02666666666666667
0 0.26857142857142857 0.47333333333333333 0.007142857142857143 0.02095238095238095
0 0.39535714285714285 0.4723809523809524 0.009285714285714286 0.022857142857142857
0 0.3267857142857143 0.4880952380952381 0.013571428571428571 0.029523809523809525
0 0.4375 0.44952380952380955 0.010714285714285714 0.01904761904761905
0 0.018214285714285714 0.6042857142857143 0.019285714285714285 0.035238095238095235
0 0.26035714285714284 0.4757142857142857 0.009285714285714286 0.029523809523809525
0 0.44285714285714284 0.4361904761904762 0.01 0.030476190476190476
0 0.5160714285714286 0.4266666666666667 0.007857142857142858 0.024761904761904763
0 0.5614285714285714 0.36428571428571427 0.005714285714285714 0.02
0 0.5678571428571428 0.3619047619047619 0.004285714285714286 0.02095238095238095
0 0.5717857142857142 0.36523809523809525 0.005 0.021904761904761906
0 0.6246428571428572 0.3842857142857143 0.007857142857142858 0.025714285714285714
0 0.6189285714285714 0.38 0.007857142857142858 0.02095238095238095
0 0.7417857142857143 0.4114285714285714 0.012142857142857143 0.03238095238095238
0 0.7546428571428572 0.4204761904761905 0.009285714285714286 0.025714285714285714
0 0.9625 0.6338095238095238 0.023571428571428573 0.04476190476190476
0 0.7907142857142857 0.7142857142857143 0.017142857142857144 0.049523809523809526