0 0.513 0.7733333333333333 0.013 0.025333333333333333
0 0.44875 0.6676666666666666 0.0075 0.019333333333333334
0 0.5025 0.6503333333333333 0.007 0.024666666666666667
0 0.688 0.828 0.009 0.02266666666666667
0 0.34625 0.71 0.0085 0.02266666666666667
0 0.42375 0.5473333333333333 0.0065 0.013333333333333334
0 0.16575 0.3016666666666667 0.0065 0.015333333333333332
0 0.2385 0.35733333333333334 0.005 0.014666666666666666
0 0.243 0.32866666666666666 0.005 0.012
0 0.24575 0.38333333333333336 0.0055 0.016
0 0.24975 0.383 0.0055 0.016666666666666666
0 0.24575 0.3883333333333333 0.0045 0.016666666666666666
0 0.2515 0.31133333333333335 0.005 0.012
0 0.301 0.27566666666666667 0.004 0.012666666666666666
0 0.22575 0.29 0.0045 0.012