0 0.15501043841336118 0.1303339517625232 0.009394572025052192 0.032467532467532464
0 0.1505741127348643 0.1326530612244898 0.010960334029227558 0.03153988868274583
0 0.13569937369519833 0.12987012987012986 0.007306889352818371 0.025974025974025976
0 0.13674321503131523 0.1280148423005566 0.010438413361169102 0.029684601113172542
0 0.12160751565762004 0.15862708719851576 0.010438413361169102 0.03339517625231911
0 0.10360125260960334 0.15584415584415584 0.009916492693110648 0.029684601113172542
0 0.07907098121085596 0.15352504638218925 0.009916492693110648 0.030612244897959183
0 0.06210855949895616 0.1525974025974026 0.009394572025052192 0.030612244897959183
0 0.06680584551148225 0.1507421150278293 0.010438413361169102 0.032467532467532464
0 0.08507306889352818 0.15120593692022263 0.010438413361169102 0.029684601113172542
0 0.04514613778705637 0.15166975881261596 0.010960334029227558 0.030612244897959183
0 0.05010438413361169 0.14749536178107606 0.010438413361169102 0.029684601113172542
0 0.027661795407098122 0.1507421150278293 0.009394572025052192 0.0287569573283859
0 0.009655532359081419 0.150278293135436 0.010960334029227558 0.03153988868274583
0 0.015918580375782882 0.1456400742115028 0.010960334029227558 0.03153988868274583
0 0.024530271398747392 0.12291280148423006 0.008350730688935281 0.02504638218923933
0 0.02661795407098121 0.11920222634508348 0.011482254697286013 0.030612244897959183
0 0.032359081419624215 0.14795918367346939 0.011482254697286013 0.0287569573283859
0 0.10673277661795406 0.1549165120593692 0.009916492693110648 0.03153988868274583
0 0.12447807933194155 0.1549165120593692 0.009916492693110648 0.03153988868274583
0 0.11012526096033402 0.13682745825602968 0.012526096033402923 0.038033395176252316
0 0.1145615866388309 0.12523191094619665 0.008872651356993737 0.029684601113172542
0 0.1098643006263048 0.12755102040816327 0.009916492693110648 0.026901669758812616
0 0.09290187891440502 0.12755102040816327 0.008350730688935281 0.032467532467532464
0 0.07411273486430063 0.12569573283858998 0.008350730688935281 0.0287569573283859
0 0.061586638830897704 0.12337662337662338 0.009394572025052192 0.029684601113172542
0 0.06602296450939457 0.11920222634508348 0.007828810020876827 0.030612244897959183
0 0.044363256784968684 0.12291280148423006 0.010438413361169102 0.0287569573283859
0 0.05036534446764092 0.11920222634508348 0.008872651356993737 0.030612244897959183
0 0.08037578288100208 0.12291280148423006 0.009394572025052192 0.02504638218923933
0 0.09577244258872651 0.12291280148423006 0.007828810020876827 0.0287569573283859
0 0.0036534446764091857 0.11781076066790352 0.007306889352818371 0.029684601113172542
0 0.0036534446764091857 0.14749536178107606 0.007306889352818371 0.025974025974025976
0 0.23225469728601253 0.8571428571428571 0.027139874739039668 0.0575139146567718
0 0.3418580375782881 0.8942486085343229 0.022964509394572025 0.06679035250463822
0 0.346294363256785 0.8803339517625232 0.01826722338204593 0.059369202226345084
0 0.2839248434237996 0.6419294990723562 0.016701461377870562 0.04452690166975881
0 0.4201461377870564 0.3404452690166976 0.009394572025052192 0.04452690166975881
0 0.4034446764091858 0.3464749536178108 0.013569937369519834 0.03432282003710575
0 0.3739561586638831 0.32235621521335805 0.006784968684759917 0.021335807050092765
0 0.3721294363256785 0.32560296846011133 0.010438413361169102 0.03896103896103896
0 0.3768267223382046 0.31910946196660483 0.009394572025052192 0.03896103896103896
0 0.38204592901878914 0.30890538033395176 0.007306889352818371 0.04081632653061224
0 0.39170146137787054 0.28061224489795916 0.009916492693110648 0.04730983302411874
0 0.38335073068893527 0.2750463821892393 0.008872651356993737 0.045454545454545456
0 0.3948329853862213 0.2694805194805195 0.009916492693110648 0.04359925788497217
0 0.5088726513569938 0.03896103896103896 0.006263048016701462 0.016697588126159554
0 0.5206158663883089 0.010667903525046383 0.004697286012526096 0.017625231910946195
0 0.5673277661795407 0.022727272727272728 0.0041753653444676405 0.015769944341372914
0 0.5712421711899791 0.02736549165120594 0.004697286012526096 0.021335807050092765
0 0.5691544885177453 0.016233766233766232 0.0036534446764091857 0.021335807050092765
0 0.5681106471816284 0.013450834879406308 0.005741127348643006 0.023191094619666047
0 0.502348643006263 0.08673469387755102 0.005741127348643006 0.032467532467532464
0 0.4992171189979123 0.08116883116883117 0.004697286012526096 0.030612244897959183
0 0.519572025052192 0.07977736549165121 0.005741127348643006 0.025974025974025976
0 0.548277661795407 0.07421150278293136 0.005741127348643006 0.02411873840445269
0 0.5568893528183716 0.07235621521335807 0.006263048016701462 0.02411873840445269
0 0.558455114822547 0.09183673469387756 0.005219206680584551 0.02411873840445269
0 0.49947807933194155 0.13079777365491652 0.007306889352818371 0.025974025974025976
0 0.5461899791231732 0.1841372912801484 0.007828810020876827 0.036178107606679034
0 0.5073068893528184 0.20315398886827457 0.009394572025052192 0.029684601113172542
0 0.5391440501043842 0.2694805194805195 0.010438413361169102 0.03432282003710575
0 0.4525052192066806 0.13589981447124305 0.0041753653444676405 0.030612244897959183
0 0.4488517745302714 0.14842300556586271 0.006263048016701462 0.03153988868274583
0 0.4438935281837161 0.14471243042671614 0.005741127348643006 0.029684601113172542
0 0.44363256784968685 0.1396103896103896 0.006263048016701462 0.0287569573283859
0 0.43815240083507306 0.1391465677179963 0.006784968684759917 0.03339517625231911
0 0.43475991649269313 0.17717996289424862 0.009394572025052192 0.03525046382189239
0 0.4308455114822547 0.17532467532467533 0.007828810020876827 0.03339517625231911
0 0.4337160751565762 0.16512059369202226 0.007306889352818371 0.029684601113172542
0 0.4311064718162839 0.15816326530612246 0.006263048016701462 0.026901669758812616
0 0.40501043841336115 0.5097402597402597 0.010438413361169102 0.038033395176252316
0 0.4055323590814196 0.5051020408163265 0.015657620041753653 0.04359925788497217
0 0.4102296450939457 0.5004638218923934 0.012526096033402923 0.032467532467532464
0 0.4365866388308977 0.5909090909090909 0.02035490605427975 0.05194805194805195
0 0.4705114822546973 0.4717068645640074 0.010960334029227558 0.041743970315398886
0 0.4997390396659708 0.46938775510204084 0.015135699373695199 0.03710575139146568
0 0.4595511482254697 0.7717996289424861 0.01722338204592902 0.0575139146567718
0 0.7343423799582464 0.6187384044526901 0.013569937369519834 0.06679035250463822
0 0.717901878914405 0.5955473098330241 0.014091858037578288 0.06307977736549165
0 0.6458768267223383 0.6164192949907236 0.013048016701461378 0.04359925788497217
0 0.6184759916492694 0.4735621521335807 0.013569937369519834 0.05844155844155844
0 0.6529227557411273 0.44712430426716143 0.012526096033402923 0.0575139146567718
0 0.7009394572025052 0.4485157699443414 0.017745302713987474 0.04730983302411874
0 0.6299582463465553 0.4935064935064935 0.010438413361169102 0.04081632653061224
0 0.6456158663883089 0.5018552875695733 0.013569937369519834 0.061224489795918366
0 0.6171711899791231 0.551948051948052 0.016179540709812108 0.061224489795918366
0 0.6111691022964509 0.6029684601113172 0.020876826722338204 0.059369202226345084
0 0.6584029227557411 0.5746753246753247 0.012004175365344467 0.06771799628942486
0 0.6503131524008351 0.5575139146567718 0.012526096033402923 0.06307977736549165
0 0.6612734864300627 0.5310760667903525 0.008350730688935281 0.0287569573283859
0 0.6649269311064718 0.5445269016697588 0.011482254697286013 0.05380333951762523
0 0.6599686847599165 0.5241187384044527 0.013048016701461378 0.059369202226345084
0 0.6602296450939458 0.5069573283858998 0.012526096033402923 0.06029684601113173
0 0.6677974947807933 0.5324675324675324 0.012004175365344467 0.059369202226345084
0 0.6706680584551148 0.5213358070500927 0.012526096033402923 0.06307977736549165
0 0.6706680584551148 0.5162337662337663 0.013569937369519834 0.07142857142857142
0 0.6847599164926931 0.5347866419294991 0.014613778705636743 0.06029684601113173
0 0.6842379958246346 0.5009276437847866 0.014613778705636743 0.059369202226345084
0 0.6975469728601252 0.5139146567717996 0.015135699373695199 0.05380333951762523
0 0.6923277661795407 0.5482374768089053 0.02035490605427975 0.05380333951762523
0 0.6918058455114823 0.5547309833024119 0.009916492693110648 0.03339517625231911
0 0.6737995824634656 0.34415584415584416 0.013569937369519834 0.03525046382189239
0 0.6756263048016702 0.30612244897959184 0.012004175365344467 0.04452690166975881
0 0.6505741127348643 0.3010204081632653 0.010960334029227558 0.04359925788497217
0 0.5897703549060542 0.26716141001855287 0.007306889352818371 0.03525046382189239
0 0.5709812108559499 0.09415584415584416 0.006263048016701462 0.0287569573283859
0 0.5793319415448852 0.08256029684601113 0.005219206680584551 0.027829313543599257
0 0.5934237995824635 0.08487940630797773 0.006263048016701462 0.021335807050092765
0 0.5882045929018789 0.08719851576994433 0.005219206680584551 0.01855287569573284
0 0.5832463465553236 0.09044526901669758 0.005741127348643006 0.017625231910946195
0 0.5759394572025052 0.04081632653061224 0.006784968684759917 0.027829313543599257