0 0.2092857142857143 0.05012690355329949 0.0014285714285714286 0.008883248730964468
0 0.21821428571428572 0.06662436548223351 0.002142857142857143 0.008883248730964468
0 0.22714285714285715 0.07931472081218274 0.0014285714285714286 0.008883248730964468
0 0.23 0.08312182741116751 0.0014285714285714286 0.006345177664974619
0 0.2325 0.08629441624365482 0.002142857142857143 0.007614213197969543
0 0.3460714285714286 0.1751269035532995 0.002142857142857143 0.007614213197969543
0 0.4025 0.1453045685279188 0.002142857142857143 0.008883248730964468
0 0.4375 0.11865482233502538 0.002142857142857143 0.008883248730964468
0 0.43964285714285717 0.12690355329949238 0.002142857142857143 0.007614213197969543
0 0.32321428571428573 0.690989847715736 0.0035714285714285713 0.011421319796954314
0 0.25607142857142856 0.1935279187817259 0.002142857142857143 0.0038071065989847717
0 0.19678571428571429 0.2315989847715736 0.002142857142857143 0.008883248730964468
0 0.41678571428571426 0.20241116751269037 0.002142857142857143 0.008883248730964468
0 0.4164285714285714 0.383248730964467 0.002857142857142857 0.015228426395939087
0 0.3510714285714286 0.8565989847715736 0.0035714285714285713 0.01015228426395939
0 0.55 0.45875634517766495 0.002857142857142857 0.008883248730964468
0 0.5425 0.16053299492385786 0.002142857142857143 0.006345177664974619
0 0.5446428571428571 0.1598984771573604 0.002142857142857143 0.007614213197969543
0 0.5425 0.06281725888324872 0.002142857142857143 0.008883248730964468
0 0.5496428571428571 0.06916243654822335 0.002142857142857143 0.006345177664974619
0 0.5467857142857143 0.07106598984771574 0.002142857142857143 0.007614213197969543
0 0.5575 0.0450507614213198 0.002142857142857143 0.006345177664974619
0 0.5607142857142857 0.04187817258883249 0.002857142857142857 0.007614213197969543
0 0.6378571428571429 0.9479695431472082 0.004285714285714286 0.015228426395939087
0 0.5821428571428572 0.4746192893401015 0.002857142857142857 0.012690355329949238
0 0.5796428571428571 0.47652284263959394 0.002142857142857143 0.011421319796954314
0 0.5728571428571428 0.4815989847715736 0.002857142857142857 0.011421319796954314
0 0.5735714285714286 0.47081218274111675 0.002857142857142857 0.01015228426395939
0 0.5778571428571428 0.47017766497461927 0.002857142857142857 0.008883248730964468
0 0.5682142857142857 0.4746192893401015 0.002142857142857143 0.012690355329949238
0 0.5660714285714286 0.475253807106599 0.002142857142857143 0.011421319796954314
0 0.5632142857142857 0.475253807106599 0.002142857142857143 0.011421319796954314
0 0.6028571428571429 0.45050761421319796 0.002857142857142857 0.007614213197969543
0 0.5739285714285715 0.04949238578680203 0.002142857142857143 0.01015228426395939
0 0.5764285714285714 0.05139593908629442 0.0014285714285714286 0.008883248730964468
0 0.6107142857142858 0.05964467005076142 0.0014285714285714286 0.007614213197969543
0 0.6132142857142857 0.057741116751269035 0.002142857142857143 0.008883248730964468
0 0.6167857142857143 0.06281725888324872 0.002142857142857143 0.008883248730964468
0 0.6460714285714285 0.03553299492385787 0.002142857142857143 0.007614213197969543
0 0.6478571428571429 0.04060913705583756 0.0014285714285714286 0.005076142131979695
0 0.7221428571428572 0.04885786802030457 0.0014285714285714286 0.006345177664974619
0 0.6767857142857143 0.9010152284263959 0.0035714285714285713 0.015228426395939087
0 0.8017857142857143 0.06725888324873096 0.002142857142857143 0.007614213197969543
0 0.8257142857142857 0.07550761421319797 0.0014285714285714286 0.006345177664974619
0 0.7796428571428572 0.08819796954314721 0.002142857142857143 0.008883248730964468
0 0.7778571428571428 0.08883248730964467 0.0014285714285714286 0.007614213197969543
0 0.8417857142857142 0.1034263959390863 0.002142857142857143 0.006345177664974619
0 0.8442857142857143 0.10469543147208121 0.0014285714285714286 0.006345177664974619
0 0.8564285714285714 0.11548223350253807 0.0014285714285714286 0.007614213197969543
0 0.9096428571428572 0.013959390862944163 0.002142857142857143 0.007614213197969543
0 0.9096428571428572 0.08248730964467005 0.002142857142857143 0.007614213197969543
0 0.9017857142857143 0.07868020304568528 0.002142857142857143 0.007614213197969543
0 0.8757142857142857 0.407994923857868 0.002857142857142857 0.006345177664974619
0 0.8789285714285714 0.41243654822335024 0.002142857142857143 0.005076142131979695
0 0.8596428571428572 0.4232233502538071 0.002142857142857143 0.006345177664974619
0 0.8667857142857143 0.4143401015228426 0.002142857142857143 0.0038071065989847717
0 0.8717857142857143 0.4098984771573604 0.0035714285714285713 0.005076142131979695
0 0.8710714285714286 0.41624365482233505 0.002142857142857143 0.005076142131979695
0 0.8742857142857143 0.41624365482233505 0.002857142857142857 0.005076142131979695
0 0.8646428571428572 0.41878172588832485 0.0035714285714285713 0.005076142131979695
0 0.8685714285714285 0.4206852791878173 0.002857142857142857 0.0038071065989847717
0 0.8735714285714286 0.42258883248730966 0.002857142857142857 0.005076142131979695