0 0.4375 0.2969543147208122 0.002142857142857143 0.005076142131979695
0 0.4157142857142857 0.35850253807106597 0.0014285714285714286 0.006345177664974619
0 0.415 0.375 0.0014285714285714286 0.006345177664974619
0 0.39035714285714285 0.47017766497461927 0.002142857142857143 0.006345177664974619
0 0.36428571428571427 0.9593908629441624 0.004285714285714286 0.012690355329949238
0 0.5246428571428572 0.9156091370558376 0.0035714285714285713 0.013959390862944163
0 0.5242857142857142 0.6751269035532995 0.0014285714285714286 0.007614213197969543
0 0.5510714285714285 0.6776649746192893 0.002142857142857143 0.007614213197969543
0 0.5 0.6681472081218274 0.0014285714285714286 0.008883248730964468
0 0.495 0.6770304568527918 0.0014285714285714286 0.006345177664974619
0 0.4907142857142857 0.6307106598984772 0.002857142857142857 0.01015228426395939
0 0.49642857142857144 0.6681472081218274 0.0014285714285714286 0.006345177664974619
0 0.49714285714285716 0.6618020304568528 0.002857142857142857 0.006345177664974619
0 0.49892857142857144 0.6541878172588832 0.002142857142857143 0.006345177664974619
0 0.4903571428571429 0.5774111675126904 0.002142857142857143 0.007614213197969543
0 0.4932142857142857 0.6211928934010152 0.002142857142857143 0.006345177664974619
0 0.4639285714285714 0.4936548223350254 0.002142857142857143 0.005076142131979695
0 0.5653571428571429 0.48350253807106597 0.002142857142857143 0.007614213197969543
0 0.5682142857142857 0.4803299492385787 0.002142857142857143 0.006345177664974619
0 0.5767857142857142 0.4720812182741117 0.002142857142857143 0.005076142131979695
0 0.6103571428571428 0.3565989847715736 0.002142857142857143 0.005076142131979695
0 0.6142857142857143 0.3819796954314721 0.0014285714285714286 0.005076142131979695
0 0.6446428571428572 0.375 0.002142857142857143 0.006345177664974619
0 0.6457142857142857 0.6884517766497462 0.0014285714285714286 0.006345177664974619
0 0.5925 0.9555837563451777 0.0035714285714285713 0.015228426395939087
0 0.7364285714285714 0.899746192893401 0.0014285714285714286 0.01015228426395939
0 0.7671428571428571 0.8826142131979695 0.002857142857142857 0.008883248730964468
0 0.7703571428571429 0.8813451776649747 0.002142857142857143 0.006345177664974619
0 0.805 0.6072335025380711 0.0014285714285714286 0.008883248730964468
0 0.7939285714285714 0.5723350253807107 0.002142857142857143 0.007614213197969543
0 0.7953571428571429 0.5736040609137056 0.002142857142857143 0.005076142131979695
0 0.8067857142857143 0.5640862944162437 0.002142857142857143 0.006345177664974619
0 0.7946428571428571 0.5482233502538071 0.002142857142857143 0.007614213197969543
0 0.7810714285714285 0.5342639593908629 0.002142857142857143 0.007614213197969543
0 0.7782142857142857 0.5342639593908629 0.002142857142857143 0.01015228426395939
0 0.7760714285714285 0.5317258883248731 0.002142857142857143 0.01015228426395939
0 0.7735714285714286 0.5336294416243654 0.0014285714285714286 0.008883248730964468
0 0.7803571428571429 0.550761421319797 0.002142857142857143 0.01015228426395939
0 0.7892857142857143 0.5558375634517766 0.0014285714285714286 0.007614213197969543
0 0.8003571428571429 0.5088832487309645 0.002142857142857143 0.007614213197969543
0 0.805 0.4993654822335025 0.0014285714285714286 0.006345177664974619
0 0.7939285714285714 0.49746192893401014 0.002142857142857143 0.005076142131979695
0 0.7925 0.49746192893401014 0.002142857142857143 0.005076142131979695
0 0.7882142857142858 0.48350253807106597 0.002142857142857143 0.007614213197969543
0 0.7846428571428572 0.506979695431472 0.002142857142857143 0.0038071065989847717
0 0.7089285714285715 0.37055837563451777 0.002142857142857143 0.005076142131979695
0 0.7214285714285714 0.37055837563451777 0.0014285714285714286 0.005076142131979695
0 0.7435714285714285 0.35913705583756345 0.002857142857142857 0.005076142131979695
0 0.7982142857142858 0.4086294416243655 0.002142857142857143 0.005076142131979695
0 0.7067857142857142 0.39149746192893403 0.002142857142857143 0.006345177664974619
0 0.7085714285714285 0.3946700507614213 0.0014285714285714286 0.005076142131979695
0 0.6960714285714286 0.3902284263959391 0.002142857142857143 0.006345177664974619
0 0.7185714285714285 0.40482233502538073 0.0014285714285714286 0.007614213197969543
0 0.7307142857142858 0.4168781725888325 0.0014285714285714286 0.006345177664974619
0 0.7285714285714285 0.4098984771573604 0.0014285714285714286 0.005076142131979695
0 0.7032142857142857 0.4447969543147208 0.002142857142857143 0.006345177664974619
0 0.7260714285714286 0.4600253807106599 0.002142857142857143 0.006345177664974619
0 0.7378571428571429 0.43908629441624364 0.0014285714285714286 0.007614213197969543
0 0.7439285714285714 0.43781725888324874 0.002142857142857143 0.005076142131979695
0 0.7507142857142857 0.4263959390862944 0.0014285714285714286 0.007614213197969543
0 0.755 0.43718274111675126 0.0014285714285714286 0.006345177664974619
0 0.75 0.47017766497461927 0.0014285714285714286 0.006345177664974619
0 0.8132142857142857 0.4530456852791878 0.002142857142857143 0.005076142131979695
0 0.8710714285714286 0.883248730964467 0.002142857142857143 0.01015228426395939
0 0.87 0.8807106598984772 0.002857142857142857 0.012690355329949238
0 0.8864285714285715 0.8724619289340102 0.002857142857142857 0.011421319796954314
0 0.8882142857142857 0.8730964467005076 0.002142857142857143 0.01015228426395939
0 0.8910714285714286 0.8775380710659898 0.002142857142857143 0.008883248730964468
0 0.8232142857142857 0.5374365482233503 0.002142857142857143 0.008883248730964468
0 0.8264285714285714 0.5361675126903553 0.0014285714285714286 0.006345177664974619
0 0.8425 0.5342639593908629 0.002142857142857143 0.007614213197969543
0 0.8482142857142857 0.5425126903553299 0.002142857142857143 0.006345177664974619
0 0.8553571428571428 0.5564720812182741 0.002142857142857143 0.008883248730964468
0 0.8517857142857143 0.5552030456852792 0.002142857142857143 0.006345177664974619
0 0.8732142857142857 0.5215736040609137 0.002142857142857143 0.007614213197969543
0 0.8260714285714286 0.4936548223350254 0.002142857142857143 0.005076142131979695
0 0.8296428571428571 0.4593908629441624 0.002142857142857143 0.007614213197969543
0 0.8253571428571429 0.4346446700507614 0.002142857142857143 0.006345177664974619
0 0.8232142857142857 0.4346446700507614 0.002142857142857143 0.0038071065989847717
0 0.8739285714285714 0.4993654822335025 0.002142857142857143 0.006345177664974619
0 0.8985714285714286 0.4949238578680203 0.0014285714285714286 0.005076142131979695
0 0.8960714285714285 0.43718274111675126 0.002142857142857143 0.006345177664974619
0 0.9896428571428572 0.31789340101522845 0.002142857142857143 0.008883248730964468
0 0.93 0.4498730964467005 0.0014285714285714286 0.006345177664974619
0 0.9832142857142857 0.4714467005076142 0.002142857142857143 0.006345177664974619
0 0.9453571428571429 0.6230964467005076 0.002142857142857143 0.01015228426395939
0 0.9425 0.623730964467005 0.002142857142857143 0.008883248730964468
0 0.9385714285714286 0.6224619289340102 0.0014285714285714286 0.008883248730964468
0 0.9342857142857143 0.6224619289340102 0.002857142857142857 0.008883248730964468
0 0.9228571428571428 0.616751269035533 0.0014285714285714286 0.007614213197969543
0 0.9310714285714285 0.6281725888324873 0.002142857142857143 0.007614213197969543
0 0.9796428571428571 0.8699238578680203 0.0035714285714285713 0.011421319796954314
0 0.9746428571428571 0.866751269035533 0.002142857142857143 0.01015228426395939
0 0.9878571428571429 0.8458121827411168 0.002857142857142857 0.011421319796954314
0 0.9842857142857143 0.8451776649746193 0.002857142857142857 0.01015228426395939
0 0.9728571428571429 0.8648477157360406 0.0014285714285714286 0.008883248730964468
0 0.9710714285714286 0.8642131979695431 0.002142857142857143 0.012690355329949238
0 0.9832142857142857 0.8343908629441624 0.002142857142857143 0.008883248730964468
0 0.9828571428571429 0.8223350253807107 0.002857142857142857 0.007614213197969543
0 0.9289285714285714 0.8654822335025381 0.002142857142857143 0.012690355329949238