0 0.4746868475991649 0.5204081632653061 0.005741127348643006 0.03153988868274583
0 0.4869519832985386 0.5194805194805194 0.007306889352818371 0.03153988868274583
0 0.4819937369519833 0.5134508348794063 0.006784968684759917 0.030612244897959183
0 0.4496346555323591 0.5459183673469388 0.009916492693110648 0.023191094619666047
0 0.6213465553235908 0.23098330241187384 0.004697286012526096 0.02040816326530612
0 0.6878914405010439 0.11595547309833024 0.003131524008350731 0.012987012987012988
0 0.6388308977035491 0.12476808905380334 0.0041753653444676405 0.013914656771799629
0 0.6510960334029228 0.11363636363636363 0.0026096033402922755 0.012059369202226345
0 0.6466597077244259 0.11549165120593692 0.003131524008350731 0.006493506493506494
0 0.6717118997912317 0.0663265306122449 0.0020876826722338203 0.008348794063079777
0 0.7038100208768268 0.06818181818181818 0.0026096033402922755 0.008348794063079777
0 0.701722338204593 0.0686456400742115 0.0015657620041753654 0.0074211502782931356
0 0.6521398747390397 0.08905380333951762 0.0026096033402922755 0.00927643784786642
0 0.6751043841336117 0.03200371057513915 0.0015657620041753654 0.00463821892393321