0 0.6867857142857143 0.6047619047619047 0.012142857142857143 0.017142857142857144
0 0.21285714285714286 0.31285714285714283 0.041428571428571426 0.040952380952380955
0 0.04214285714285714 0.06 0.011428571428571429 0.02095238095238095
0 0.11571428571428571 0.08428571428571428 0.008571428571428572 0.01619047619047619
0 0.1332142857142857 0.08571428571428572 0.005 0.017142857142857144
0 0.3264285714285714 0.2257142857142857 0.005714285714285714 0.017142857142857144
0 0.8289285714285715 0.5566666666666666 0.007857142857142858 0.014285714285714285
0 0.9303571428571429 0.621904761904762 0.010714285714285714 0.015238095238095238
0 0.9264285714285714 0.6080952380952381 0.011428571428571429 0.02
0 0.9067857142857143 0.6171428571428571 0.012142857142857143 0.013333333333333334
0 0.9414285714285714 0.6204761904761905 0.01 0.014285714285714285
0 0.9910714285714286 0.669047619047619 0.013571428571428571 0.014285714285714285