0 0.12239039665970772 0.9095547309833024 0.01722338204592902 0.045454545454545456
0 0.13204592901878914 0.9076994434137291 0.015657620041753653 0.05473098330241188
0 0.3238517745302714 0.950834879406308 0.015135699373695199 0.05009276437847866
0 0.34812108559498955 0.9661410018552876 0.019832985386221295 0.041743970315398886
0 0.39065762004175364 0.8316326530612245 0.015135699373695199 0.045454545454545456
0 0.40005219206680587 0.8218923933209648 0.010960334029227558 0.04452690166975881
0 0.5294885177453027 0.6354359925788498 0.007828810020876827 0.01855287569573284
0 0.5443632567849687 0.6572356215213359 0.012526096033402923 0.036178107606679034
0 0.5211377870563675 0.8325602968460112 0.009916492693110648 0.045454545454545456
0 0.6349164926931107 0.4067717996289425 0.005741127348643006 0.01948051948051948
0 0.8723903966597077 0.9744897959183674 0.012004175365344467 0.041743970315398886
0 0.7888830897703549 0.7026901669758813 0.012004175365344467 0.041743970315398886
0 0.5762004175365344 0.26716141001855287 0.005219206680584551 0.016697588126159554
0 0.572286012526096 0.23330241187384043 0.004697286012526096 0.015769944341372914
0 0.524008350730689 0.20315398886827457 0.0041753653444676405 0.01855287569573284
0 0.619258872651357 0.17625231910946196 0.0036534446764091857 0.012987012987012988
0 0.6396137787056367 0.08951762523191095 0.0036534446764091857 0.01020408163265306
0 0.6041231732776617 0.08812615955473098 0.0036534446764091857 0.011131725417439703
0 0.5842901878914405 0.09415584415584416 0.0026096033402922755 0.01020408163265306
0 0.6064718162839249 0.06215213358070501 0.003131524008350731 0.0074211502782931356
0 0.6012526096033403 0.06261595547309833 0.0020876826722338203 0.008348794063079777
0 0.5955114822546973 0.026901669758812616 0.0020876826722338203 0.0055658627087198514
0 0.5863778705636743 0.012987012987012988 0.0026096033402922755 0.0055658627087198514
0 0.5892484342379958 0.00927643784786642 0.0020876826722338203 0.0055658627087198514
0 0.587160751565762 0.002319109461966605 0.0020876826722338203 0.00463821892393321
0 0.5989039665970772 0.0018552875695732839 0.0015657620041753654 0.0037105751391465678
0 0.5981210855949896 0.015769944341372914 0.0020876826722338203 0.0074211502782931356
0 0.6056889352818372 0.018089053803339517 0.0026096033402922755 0.008348794063079777
0 0.6007306889352818 0.016233766233766232 0.0020876826722338203 0.006493506493506494
0 0.6030793319415448 0.016697588126159554 0.0015657620041753654 0.0055658627087198514
0 0.5996868475991649 0.020871985157699443 0.003131524008350731 0.00463821892393321