0 0.5771428571428572 0.31725888324873097 0.004285714285714286 0.017766497461928935
0 0.5785714285714286 0.3052030456852792 0.004285714285714286 0.024111675126903553
0 0.575 0.2969543147208122 0.007142857142857143 0.025380710659898477
0 0.5728571428571428 0.29378172588832485 0.005714285714285714 0.031725888324873094
0 0.8053571428571429 0.16307106598984772 0.007857142857142858 0.0266497461928934
0 0.8003571428571429 0.15862944162436549 0.007857142857142858 0.027918781725888325
0 0.7917857142857143 0.16370558375634517 0.0064285714285714285 0.030456852791878174
0 0.8746428571428572 0.07677664974619289 0.025 0.031725888324873094
0 0.5964285714285714 0.16243654822335024 0.007142857142857143 0.025380710659898477
0 0.5917857142857142 0.16116751269035534 0.007857142857142858 0.02284263959390863
0 0.30107142857142855 0.9638324873096447 0.007857142857142858 0.01649746192893401
0 0.6782142857142858 0.7601522842639594 0.0064285714285714285 0.025380710659898477
0 0.17035714285714285 0.28426395939086296 0.009285714285714286 0.02284263959390863
0 0.22321428571428573 0.26649746192893403 0.007857142857142858 0.02030456852791878
0 0.3767857142857143 0.15038071065989847 0.0064285714285714285 0.01903553299492386
0 0.4164285714285714 0.10279187817258884 0.005714285714285714 0.02030456852791878
0 0.3217857142857143 0.2950507614213198 0.0064285714285714285 0.021573604060913704
0 0.3339285714285714 0.2868020304568528 0.005 0.015228426395939087
0 0.3360714285714286 0.2836294416243655 0.005 0.01649746192893401
0 0.4182142857142857 0.27411167512690354 0.005 0.017766497461928935
0 0.41928571428571426 0.27093908629441626 0.005714285714285714 0.01903553299492386