0 0.10025 0.8473333333333334 0.0095 0.012
0 0.42525 0.8306666666666667 0.0065 0.02266666666666667
0 0.43875 0.7593333333333333 0.0065 0.02
0 0.44925 0.7623333333333333 0.0085 0.022
0 0.463 0.7556666666666667 0.007 0.019333333333333334
0 0.19425 0.609 0.0045 0.008666666666666666
0 0.23175 0.59 0.0045 0.009333333333333334
0 0.212 0.5833333333333334 0.005 0.009333333333333334
0 0.42175 0.532 0.0055 0.009333333333333334
0 0.42925 0.5423333333333333 0.0045 0.01
0 0.42875 0.5733333333333334 0.0045 0.008
0 0.39125 0.6066666666666667 0.0045 0.009333333333333334