0 0.3525 0.5242857142857142 0.005 0.021904761904761906
0 0.31392857142857145 0.8185714285714286 0.005 0.025714285714285714
0 0.49642857142857144 0.48428571428571426 0.007142857142857143 0.02761904761904762
0 0.4882142857142857 0.4066666666666667 0.0064285714285714285 0.01904761904761905
0 0.5103571428571428 0.3676190476190476 0.005 0.01904761904761905
0 0.42 0.3823809523809524 0.005714285714285714 0.02
0 0.4014285714285714 0.2976190476190476 0.004285714285714286 0.014285714285714285
0 0.41 0.2995238095238095 0.004285714285714286 0.01619047619047619
0 0.5767857142857142 0.012380952380952381 0.002142857142857143 0.007619047619047619
0 0.5839285714285715 0.02619047619047619 0.002142857142857143 0.010476190476190476
0 0.5785714285714286 0.10523809523809524 0.002857142857142857 0.010476190476190476
0 0.5839285714285715 0.07380952380952381 0.002142857142857143 0.008571428571428572
0 0.5892857142857143 0.07142857142857142 0.002857142857142857 0.009523809523809525
0 0.5953571428571428 0.2042857142857143 0.0035714285714285713 0.012380952380952381
0 0.45535714285714285 0.008095238095238095 0.002142857142857143 0.006666666666666667
0 0.4625 0.035238095238095235 0.002142857142857143 0.007619047619047619
0 0.44392857142857145 0.06714285714285714 0.0035714285714285713 0.012380952380952381
0 0.4407142857142857 0.06619047619047619 0.0014285714285714286 0.010476190476190476
0 0.43642857142857144 0.06428571428571428 0.002857142857142857 0.008571428571428572
0 0.4342857142857143 0.11142857142857143 0.002857142857142857 0.013333333333333334
0 0.44535714285714284 0.08571428571428572 0.002142857142857143 0.007619047619047619
0 0.44892857142857145 0.08333333333333333 0.002142857142857143 0.006666666666666667
0 0.43142857142857144 0.08571428571428572 0.002857142857142857 0.007619047619047619
0 0.6867857142857143 0.5095238095238095 0.0035714285714285713 0.01904761904761905
0 0.6803571428571429 0.5061904761904762 0.005 0.018095238095238095
0 0.6267857142857143 0.39095238095238094 0.005 0.018095238095238095
0 0.6382142857142857 0.37 0.0035714285714285713 0.01619047619047619
0 0.65 0.2757142857142857 0.004285714285714286 0.01619047619047619
0 0.6039285714285715 0.14904761904761904 0.005 0.012380952380952381
0 0.5403571428571429 0.19523809523809524 0.0035714285714285713 0.007619047619047619
0 0.5725 0.30238095238095236 0.0035714285714285713 0.010476190476190476
0 0.5014285714285714 0.3438095238095238 0.007142857142857143 0.011428571428571429
0 0.4932142857142857 0.3657142857142857 0.005 0.011428571428571429
0 0.5885714285714285 0.5533333333333333 0.005714285714285714 0.011428571428571429
0 0.5071428571428571 0.6228571428571429 0.01 0.02095238095238095