0 0.53125 0.9533333333333334 0.0065 0.012
0 0.581 0.823 0.008 0.015333333333333332
0 0.52325 0.814 0.0045 0.010666666666666666
0 0.5215 0.777 0.005 0.01
0 0.52025 0.6976666666666667 0.0065 0.014
0 0.5115 0.6943333333333334 0.005 0.008666666666666666
0 0.50475 0.6053333333333333 0.0045 0.009333333333333334
0 0.34975 0.4646666666666667 0.0045 0.010666666666666666
0 0.35625 0.44766666666666666 0.0045 0.011333333333333334
0 0.3055 0.5683333333333334 0.005 0.015333333333333332
0 0.497 0.5376666666666666 0.004 0.01
0 0.48975 0.497 0.0035 0.01
0 0.4885 0.4196666666666667 0.004 0.008666666666666666
0 0.49775 0.4106666666666667 0.0035 0.008
0 0.49025 0.44266666666666665 0.0035 0.009333333333333334
0 0.49575 0.444 0.0035 0.009333333333333334