0 0.24571428571428572 0.6147619047619047 0.02857142857142857 0.04666666666666667
0 0.23607142857142857 0.22714285714285715 0.023571428571428573 0.054285714285714284
0 0.32392857142857145 0.30714285714285716 0.023571428571428573 0.06190476190476191
0 0.295 0.2885714285714286 0.015714285714285715 0.05523809523809524
0 0.2417857142857143 0.3180952380952381 0.020714285714285713 0.05714285714285714
0 0.21892857142857142 0.07 0.02214285714285714 0.058095238095238096
0 0.3842857142857143 0.1661904761904762 0.015714285714285715 0.06190476190476191
0 0.36214285714285716 0.17142857142857143 0.014285714285714285 0.05142857142857143
0 0.3492857142857143 0.16523809523809524 0.02142857142857143 0.04857142857142857
0 0.34035714285714286 0.1738095238095238 0.015 0.05238095238095238
0 0.7514285714285714 0.9257142857142857 0.032857142857142856 0.03238095238095238
0 0.7810714285714285 0.9576190476190476 0.02642857142857143 0.035238095238095235
0 0.7857142857142857 0.8976190476190476 0.02857142857142857 0.05047619047619047
0 0.89 0.8433333333333334 0.04428571428571428 0.040952380952380955
0 0.8292857142857143 0.86 0.03857142857142857 0.0380952380952381
0 0.6725 0.8604761904761905 0.019285714285714285 0.03142857142857143
0 0.6478571428571429 0.85 0.015714285714285715 0.04285714285714286
0 0.6403571428571428 0.800952380952381 0.03214285714285714 0.03619047619047619