0 0.9141630901287554 0.7352099236641222 0.02575107296137339 0.06583969465648855
0 0.8004291845493562 0.5806297709923665 0.02861230329041488 0.060114503816793896
0 0.7696709585121603 0.5868320610687023 0.01859799713876967 0.0648854961832061
0 0.707796852646638 0.5019083969465649 0.019313304721030045 0.05725190839694656
0 0.6974248927038627 0.4002862595419847 0.02145922746781116 0.04484732824427481
0 0.40665236051502146 0.6641221374045801 0.023605150214592276 0.06870229007633588
0 0.3791130185979971 0.6202290076335878 0.02575107296137339 0.05916030534351145
0 0.36623748211731044 0.5491412213740458 0.020028612303290415 0.05629770992366412
0 0.4656652360515021 0.40458015267175573 0.011444921316165951 0.04580152671755725
0 0.4334763948497854 0.6164122137404581 0.01430615164520744 0.05916030534351145
0 0.4678111587982833 0.6531488549618321 0.024320457796852647 0.060114503816793896
0 0.388412017167382 0.4041030534351145 0.011444921316165951 0.039122137404580155
0 0.22818311874105865 0.4208015267175573 0.01430615164520744 0.04198473282442748
0 0.032546494992846925 0.42604961832061067 0.030758226037195996 0.046755725190839696
0 0.1784692417739628 0.42461832061068705 0.019313304721030045 0.04580152671755725
0 0.271101573676681 0.4074427480916031 0.012875536480686695 0.04389312977099236
0 0.37160228898426323 0.29389312977099236 0.012160228898426323 0.030534351145038167
0 0.2925608011444921 0.38311068702290074 0.01430615164520744 0.029580152671755726
0 0.28719599427753933 0.3988549618320611 0.01072961373390558 0.04007633587786259
0 0.3007868383404864 0.4484732824427481 0.012160228898426323 0.026717557251908396
0 0.3937768240343348 0.38549618320610685 0.016452074391988557 0.04198473282442748
0 0.4241773962804006 0.3764312977099237 0.012875536480686695 0.03721374045801527
0 0.47138769670958514 0.32251908396946566 0.012875536480686695 0.03625954198473282
0 0.542203147353362 0.22089694656488548 0.011444921316165951 0.03148854961832061
0 0.5507868383404864 0.22328244274809161 0.010014306151645207 0.02862595419847328
0 0.4978540772532189 0.1851145038167939 0.004291845493562232 0.022900763358778626
0 0.5164520743919886 0.1965648854961832 0.008583690987124463 0.022900763358778626
0 0.5661659513590844 0.1431297709923664 0.005007153075822604 0.019083969465648856
0 0.5586552217453505 0.1474236641221374 0.004291845493562232 0.020038167938931296
0 0.5650929899856938 0.15982824427480916 0.005722460658082976 0.02194656488549618
0 0.5582975679542204 0.1273854961832061 0.005007153075822604 0.008587786259541985
0 0.5811874105865522 0.125 0.006437768240343348 0.01717557251908397
0 0.5740343347639485 0.13454198473282442 0.005007153075822604 0.015267175572519083
0 0.5715307582260372 0.13358778625954199 0.005722460658082976 0.015267175572519083
0 0.8061516452074392 0.20467557251908397 0.008583690987124463 0.02385496183206107
0 0.8494277539341917 0.20372137404580154 0.007868383404864092 0.016221374045801526
0 0.76931330472103 0.1808206106870229 0.007868383404864092 0.01049618320610687