0 0.558 0.2813333333333333 0.011 0.02
0 0.5715 0.9383333333333334 0.036 0.034
0 0.545 0.972 0.019 0.032
0 0.53925 0.4746666666666667 0.0115 0.02266666666666667
0 0.43775 0.479 0.0095 0.03133333333333333
0 0.44075 0.4483333333333333 0.0095 0.027333333333333334
0 0.4705 0.348 0.008 0.030666666666666665
0 0.5285 0.4206666666666667 0.009 0.02666666666666667
0 0.53525 0.39466666666666667 0.0105 0.02266666666666667
0 0.67175 0.377 0.0125 0.023333333333333334
0 0.67375 0.3453333333333333 0.0115 0.029333333333333333
0 0.55075 0.304 0.0085 0.029333333333333333
0 0.46075 0.25666666666666665 0.0075 0.028
0 0.45825 0.2866666666666667 0.0095 0.025333333333333333
0 0.47725 0.236 0.0085 0.024
0 0.482 0.196 0.007 0.02266666666666667
0 0.48225 0.19666666666666666 0.0045 0.013333333333333334
0 0.519 0.18733333333333332 0.004 0.021333333333333333
0 0.5155 0.16466666666666666 0.005 0.02
0 0.52275 0.099 0.0055 0.018
0 0.48325 0.091 0.0045 0.018
0 0.49825 0.074 0.0055 0.017333333333333333
0 0.47975 0.12566666666666668 0.0045 0.018
0 0.50925 0.12133333333333333 0.0045 0.017333333333333333
0 0.52325 0.12433333333333334 0.0045 0.018
0 0.50975 0.13333333333333333 0.0065 0.018666666666666668
0 0.5095 0.12766666666666668 0.004 0.014
0 0.51825 0.12933333333333333 0.0055 0.018666666666666668
0 0.51625 0.14766666666666667 0.0055 0.018
0 0.52225 0.176 0.0055 0.02266666666666667
0 0.52575 0.21033333333333334 0.0105 0.018
0 0.5265 0.20633333333333334 0.004 0.015333333333333332
0 0.5365 0.20733333333333334 0.007 0.02
0 0.7475 0.5346666666666666 0.015 0.037333333333333336
0 0.8945 0.49766666666666665 0.019 0.03933333333333333
0 0.89 0.308 0.016 0.032
0 0.73475 0.29233333333333333 0.0115 0.018
0 0.714 0.2633333333333333 0.007 0.02
0 0.7205 0.26366666666666666 0.006 0.018
0 0.417 0.462 0.011 0.036
0 0.3925 0.703 0.018 0.028666666666666667
0 0.3065 0.781 0.017 0.03933333333333333
0 0.468 0.050333333333333334 0.005 0.018
0 0.505 0.073 0.004 0.018
0 0.50125 0.07433333333333333 0.0045 0.015333333333333332
0 0.4675 0.12933333333333333 0.005 0.014666666666666666