0 0.4835714285714286 0.3356598984771574 0.005714285714285714 0.01649746192893401
0 0.45964285714285713 0.3813451776649746 0.0064285714285714285 0.01649746192893401
0 0.4525 0.4206852791878173 0.0035714285714285713 0.01649746192893401
0 0.45 0.4289340101522843 0.004285714285714286 0.02030456852791878
0 0.5317857142857143 0.4010152284263959 0.005 0.017766497461928935
0 0.5928571428571429 0.4619289340101523 0.005714285714285714 0.02030456852791878
0 0.5667857142857143 0.4270304568527919 0.005 0.01903553299492386
0 0.585 0.5431472081218274 0.005714285714285714 0.02284263959390863
0 0.39464285714285713 0.3946700507614213 0.005 0.017766497461928935
0 0.3992857142857143 0.4086294416243655 0.005714285714285714 0.017766497461928935
0 0.3417857142857143 0.39149746192893403 0.0064285714285714285 0.021573604060913704
0 0.4278571428571429 0.5279187817258884 0.005714285714285714 0.02030456852791878
0 0.43107142857142855 0.5203045685279187 0.005 0.02030456852791878
0 0.4514285714285714 0.3813451776649746 0.005714285714285714 0.01903553299492386
0 0.5196428571428572 0.25888324873096447 0.0035714285714285713 0.017766497461928935
0 0.5796428571428571 0.2652284263959391 0.005 0.017766497461928935
0 0.5985714285714285 0.17766497461928935 0.002857142857142857 0.015228426395939087
0 0.5260714285714285 0.1618020304568528 0.0035714285714285713 0.01649746192893401
0 0.06392857142857143 0.35152284263959394 0.0064285714285714285 0.02030456852791878
0 0.05678571428571429 0.35152284263959394 0.007857142857142858 0.02030456852791878
0 0.05071428571428571 0.35152284263959394 0.007142857142857143 0.02030456852791878
0 0.5135714285714286 0.14974619289340102 0.002857142857142857 0.015228426395939087
0 0.5114285714285715 0.13705583756345177 0.002857142857142857 0.017766497461928935
0 0.5153571428571428 0.1351522842639594 0.0035714285714285713 0.013959390862944163
0 0.62 0.2049492385786802 0.002857142857142857 0.01649746192893401
0 0.615 0.19860406091370558 0.002857142857142857 0.013959390862944163
0 0.6925 0.24175126903553298 0.0035714285714285713 0.01649746192893401
0 0.7142857142857143 0.43083756345177665 0.004285714285714286 0.01649746192893401
0 0.6964285714285714 0.3356598984771574 0.002857142857142857 0.01903553299492386
0 0.6989285714285715 0.3362944162436548 0.002142857142857143 0.015228426395939087
0 0.6814285714285714 0.27411167512690354 0.004285714285714286 0.017766497461928935
0 0.6864285714285714 0.20875634517766498 0.002857142857142857 0.01649746192893401
0 0.6889285714285714 0.2100253807106599 0.0035714285714285713 0.013959390862944163
0 0.6757142857142857 0.1935279187817259 0.004285714285714286 0.013959390862944163
0 0.6732142857142858 0.1782994923857868 0.0035714285714285713 0.013959390862944163
0 0.6785714285714286 0.1865482233502538 0.004285714285714286 0.015228426395939087
0 0.6785714285714286 0.18083756345177665 0.004285714285714286 0.01649746192893401
0 0.6803571428571429 0.14657360406091371 0.0035714285714285713 0.013959390862944163
0 0.7035714285714286 0.2265228426395939 0.004285714285714286 0.01649746192893401
0 0.6885714285714286 0.18908629441624367 0.002857142857142857 0.015228426395939087
0 0.6735714285714286 0.12626903553299493 0.002857142857142857 0.011421319796954314
0 0.6707142857142857 0.12563451776649745 0.002857142857142857 0.01015228426395939
0 0.6310714285714286 0.10469543147208121 0.002142857142857143 0.013959390862944163
0 0.6292857142857143 0.10406091370558376 0.002857142857142857 0.015228426395939087
0 0.6678571428571428 0.050761421319796954 0.002857142857142857 0.012690355329949238
0 0.6632142857142858 0.021573604060913704 0.0035714285714285713 0.012690355329949238
0 0.6625 0.07741116751269035 0.0035714285714285713 0.015228426395939087
0 0.6732142857142858 0.08375634517766498 0.0035714285714285713 0.015228426395939087
0 0.6707142857142857 0.08375634517766498 0.002857142857142857 0.012690355329949238
0 0.5967857142857143 0.028553299492385786 0.0035714285714285713 0.013959390862944163
0 0.5957142857142858 0.037436548223350255 0.002857142857142857 0.013959390862944163
0 0.5775 0.06725888324873096 0.0035714285714285713 0.01015228426395939
0 0.6710714285714285 0.010786802030456852 0.002142857142857143 0.011421319796954314
0 0.6685714285714286 0.006979695431472081 0.002857142857142857 0.011421319796954314
0 0.6660714285714285 0.005710659898477157 0.002142857142857143 0.011421319796954314
0 0.6635714285714286 0.007614213197969543 0.002857142857142857 0.01015228426395939
0 0.6607142857142857 0.008248730964467006 0.002857142857142857 0.008883248730964468
0 0.6585714285714286 0.00951776649746193 0.002857142857142857 0.011421319796954314
0 0.6560714285714285 0.0532994923857868 0.0035714285714285713 0.015228426395939087
0 0.6553571428571429 0.04758883248730964 0.0035714285714285713 0.01649746192893401
0 0.6710714285714285 0.1148477157360406 0.002142857142857143 0.013959390862944163
0 0.6892857142857143 0.16687817258883247 0.005714285714285714 0.013959390862944163
0 0.6378571428571429 0.6408629441624365 0.005714285714285714 0.025380710659898477
0 0.7328571428571429 0.6878172588832487 0.005714285714285714 0.02284263959390863
0 0.7385714285714285 0.6884517766497462 0.005714285714285714 0.021573604060913704
0 0.6928571428571428 0.6973350253807107 0.007142857142857143 0.024111675126903553
0 0.6878571428571428 0.6928934010152284 0.005714285714285714 0.02284263959390863
0 0.7378571428571429 0.7728426395939086 0.007142857142857143 0.027918781725888325
0 0.5646428571428571 0.9473350253807107 0.0064285714285714285 0.02918781725888325
0 0.5578571428571428 0.9600253807106599 0.007142857142857143 0.0266497461928934
0 0.7564285714285715 0.9911167512690355 0.007142857142857143 0.015228426395939087
0 0.8139285714285714 0.9581218274111675 0.009285714285714286 0.025380710659898477
0 0.8117857142857143 0.9498730964467005 0.009285714285714286 0.0266497461928934
0 0.8528571428571429 0.9168781725888325 0.008571428571428572 0.021573604060913704
0 0.8510714285714286 0.9054568527918782 0.009285714285714286 0.021573604060913704
0 0.8482142857142857 0.9054568527918782 0.0064285714285714285 0.021573604060913704
0 0.8689285714285714 0.873730964467005 0.009285714285714286 0.02918781725888325
0 0.9392857142857143 0.9346446700507615 0.01 0.0266497461928934
0 0.9417857142857143 0.8369289340101523 0.010714285714285714 0.0266497461928934
0 0.9575 0.8477157360406091 0.010714285714285714 0.025380710659898477
0 0.9107142857142857 0.8407360406091371 0.007142857142857143 0.024111675126903553
0 0.8985714285714286 0.8102791878172588 0.007142857142857143 0.024111675126903553
0 0.9103571428571429 0.8102791878172588 0.010714285714285714 0.021573604060913704
0 0.6685714285714286 0.11738578680203046 0.002857142857142857 0.011421319796954314