0 0.39926931106471814 0.6080705009276438 0.009394572025052192 0.04359925788497217
0 0.39639874739039666 0.6020408163265306 0.008872651356993737 0.03896103896103896
0 0.41701461377870563 0.6614100185528757 0.007306889352818371 0.022263450834879406
0 0.44911273486430064 0.674860853432282 0.01722338204592902 0.02504638218923933
0 0.4822546972860125 0.6961966604823747 0.014613778705636743 0.038033395176252316
0 0.4762526096033403 0.6781076066790352 0.010960334029227558 0.03339517625231911
0 0.4365866388308977 0.4800556586270872 0.009916492693110648 0.038033395176252316
0 0.4376304801670146 0.5194805194805194 0.012004175365344467 0.022263450834879406
0 0.5002609603340292 0.4230055658627087 0.008872651356993737 0.03153988868274583
0 0.708768267223382 0.788961038961039 0.013569937369519834 0.05102040816326531
0 0.6625782881002088 0.563543599257885 0.010960334029227558 0.023191094619666047
0 0.6036012526096033 0.5477736549165121 0.009916492693110648 0.021335807050092765
0 0.6038622129436325 0.5431354359925789 0.010438413361169102 0.0287569573283859
0 0.5866388308977035 0.4420222634508349 0.007306889352818371 0.0287569573283859
0 0.6698851774530271 0.42764378478664195 0.008872651356993737 0.029684601113172542
0 0.6510960334029228 0.40630797773654914 0.009916492693110648 0.029684601113172542
0 0.5892484342379958 0.38311688311688313 0.009394572025052192 0.025974025974025976
0 0.5208768267223383 0.29962894248608535 0.007306889352818371 0.025974025974025976
0 0.6122129436325678 0.3562152133580705 0.007306889352818371 0.01855287569573284
0 0.6111691022964509 0.34183673469387754 0.006263048016701462 0.023191094619666047
0 0.6179540709812108 0.3427643784786642 0.007306889352818371 0.017625231910946195
0 0.6247390396659708 0.3409090909090909 0.007306889352818371 0.021335807050092765
0 0.5949895615866388 0.22495361781076068 0.0041753653444676405 0.023191094619666047
0 0.5268789144050104 0.19341372912801486 0.004697286012526096 0.01948051948051948
0 0.5206158663883089 0.19202226345083487 0.0036534446764091857 0.01855287569573284
0 0.5952505219206681 0.18645640074211503 0.004697286012526096 0.016697588126159554
0 0.5892484342379958 0.18738404452690166 0.0041753653444676405 0.016697588126159554
0 0.572286012526096 0.18692022263450836 0.004697286012526096 0.017625231910946195
0 0.5480167014613778 0.16743970315398887 0.0041753653444676405 0.015769944341372914
0 0.5840292275574113 0.18552875695732837 0.0041753653444676405 0.016697588126159554
0 0.5947286012526096 0.150278293135436 0.004697286012526096 0.01855287569573284
0 0.4746868475991649 0.18552875695732837 0.004697286012526096 0.01855287569573284
0 0.4715553235908142 0.15352504638218925 0.0036534446764091857 0.013914656771799629
0 0.4804279749478079 0.14842300556586271 0.0036534446764091857 0.016697588126159554
0 0.48930062630480164 0.17996289424860853 0.0036534446764091857 0.016697588126159554
0 0.48956158663883087 0.17393320964749537 0.0020876826722338203 0.01020408163265306
0 0.6041231732776617 0.11966604823747681 0.0036534446764091857 0.011131725417439703
0 0.5506263048016702 0.10157699443413729 0.0041753653444676405 0.01020408163265306
0 0.5125260960334029 0.08858998144712431 0.0041753653444676405 0.013914656771799629
0 0.5182672233820459 0.08951762523191095 0.003131524008350731 0.008348794063079777
0 0.5318371607515657 0.04962894248608534 0.003131524008350731 0.008348794063079777
0 0.5918580375782881 0.07328385899814471 0.0020876826722338203 0.011131725417439703
0 0.590553235908142 0.06818181818181818 0.0026096033402922755 0.01020408163265306
0 0.5936847599164927 0.07096474953617811 0.0026096033402922755 0.012059369202226345
0 0.6015135699373695 0.06910946196660482 0.0026096033402922755 0.013914656771799629
0 0.5728079331941545 0.04638218923933209 0.0026096033402922755 0.0055658627087198514
0 0.5743736951983298 0.030148423005565864 0.0026096033402922755 0.006493506493506494
0 0.5631524008350731 0.025510204081632654 0.0020876826722338203 0.006493506493506494