0 0.11714285714285715 0.399746192893401 0.017142857142857144 0.05583756345177665
0 0.14821428571428572 0.6776649746192893 0.007857142857142858 0.03299492385786802
0 0.08392857142857142 0.881979695431472 0.015 0.03553299492385787
0 0.37535714285714283 0.6763959390862944 0.009285714285714286 0.027918781725888325
0 0.5678571428571428 0.7836294416243654 0.005714285714285714 0.013959390862944163
0 0.6628571428571428 0.7385786802030457 0.008571428571428572 0.03553299492385787
0 0.6725 0.7296954314720813 0.009285714285714286 0.030456852791878174
0 0.6182142857142857 0.7290609137055838 0.005 0.01903553299492386
0 0.6496428571428572 0.7138324873096447 0.005 0.01903553299492386
0 0.9014285714285715 0.7271573604060914 0.01 0.027918781725888325
0 0.9057142857142857 0.7074873096446701 0.012857142857142857 0.031725888324873094
0 0.8467857142857143 0.018401015228426396 0.005 0.021573604060913704
0 0.8525 0.01713197969543147 0.005 0.021573604060913704