0 0.6296428571428572 0.9261904761904762 0.010714285714285714 0.01619047619047619
0 0.6557142857142857 0.9704761904761905 0.01 0.02095238095238095
0 0.6371428571428571 0.878095238095238 0.008571428571428572 0.01904761904761905
0 0.6603571428571429 0.7214285714285714 0.007857142857142858 0.014285714285714285
0 0.7367857142857143 0.6685714285714286 0.010714285714285714 0.013333333333333334
0 0.7767857142857143 0.68 0.013571428571428571 0.015238095238095238
0 0.6510714285714285 0.7166666666666667 0.010714285714285714 0.014285714285714285
0 0.6960714285714286 0.69 0.007857142857142858 0.01619047619047619
0 0.5496428571428571 0.6142857142857143 0.009285714285714286 0.015238095238095238
0 0.5496428571428571 0.4438095238095238 0.0064285714285714285 0.01904761904761905
0 0.7742857142857142 0.5733333333333334 0.005714285714285714 0.02095238095238095
0 0.7828571428571428 0.5771428571428572 0.007142857142857143 0.015238095238095238
0 0.39964285714285713 0.19666666666666666 0.007857142857142858 0.012380952380952381