0 0.88075 0.33466666666666667 0.0045 0.009333333333333334
0 0.8695 0.3373333333333333 0.005 0.006666666666666667
0 0.77775 0.42533333333333334 0.0115 0.02666666666666667
0 0.622 0.375 0.007 0.012666666666666666
0 0.24825 0.48966666666666664 0.0155 0.03933333333333333
0 0.81325 0.4206666666666667 0.0075 0.030666666666666665
0 0.56525 0.38333333333333336 0.0075 0.024
0 0.48325 0.38566666666666666 0.0055 0.018
0 0.487 0.382 0.007 0.021333333333333333
0 0.50775 0.379 0.0055 0.018
0 0.70925 0.3393333333333333 0.0055 0.013333333333333334
0 0.53975 0.39966666666666667 0.0055 0.018
0 0.54525 0.4013333333333333 0.0075 0.018666666666666668