0 0.2155 0.559 0.022 0.03933333333333333
0 0.3025 0.784 0.02 0.03333333333333333
0 0.3235 0.8173333333333334 0.029 0.034666666666666665
0 0.30225 0.8583333333333333 0.0295 0.03266666666666666
0 0.79775 0.7633333333333333 0.0315 0.03333333333333333
0 0.751 0.8346666666666667 0.025 0.04
0 0.73075 0.7366666666666667 0.0245 0.02666666666666667
0 0.7385 0.7186666666666667 0.025 0.029333333333333333
0 0.7065 0.643 0.03 0.03933333333333333
0 0.54325 0.73 0.0145 0.02666666666666667
0 0.54325 0.7053333333333334 0.0155 0.03333333333333333
0 0.432 0.7456666666666667 0.025 0.03
0 0.49 0.6873333333333334 0.016 0.03333333333333333
0 0.4755 0.654 0.018 0.03866666666666667
0 0.4955 0.2643333333333333 0.01 0.034
0 0.4405 0.22866666666666666 0.009 0.025333333333333333
0 0.4445 0.223 0.013 0.024666666666666667
0 0.597 0.188 0.009 0.017333333333333333
0 0.5805 0.17833333333333334 0.011 0.024666666666666667
0 0.59175 0.17466666666666666 0.0065 0.017333333333333333
0 0.59675 0.16933333333333334 0.0095 0.024
0 0.58725 0.168 0.0075 0.024
0 0.469 0.128 0.009 0.032
0 0.48975 0.11766666666666667 0.0095 0.03
0 0.48375 0.11333333333333333 0.0075 0.029333333333333333