0 0.38225 0.9743333333333334 0.0165 0.023333333333333334
0 0.34425 0.8416666666666667 0.0185 0.03933333333333333
0 0.38175 0.7716666666666666 0.0135 0.022
0 0.468 0.7856666666666666 0.016 0.026
0 0.65 0.7253333333333334 0.02 0.030666666666666665
0 0.55225 0.5976666666666667 0.0155 0.023333333333333334
0 0.65175 0.5036666666666667 0.0125 0.03133333333333333
0 0.69925 0.5076666666666667 0.0135 0.024666666666666667
0 0.96175 0.774 0.0185 0.02666666666666667
0 0.95025 0.776 0.0155 0.021333333333333333
0 0.98725 0.516 0.0245 0.032
0 0.90025 0.4663333333333333 0.0175 0.023333333333333334
0 0.9205 0.4623333333333333 0.016 0.023333333333333334
0 0.94725 0.46166666666666667 0.0145 0.028666666666666667
0 0.9675 0.462 0.017 0.030666666666666665
0 0.968 0.462 0.013 0.016
0 0.48275 0.5273333333333333 0.0135 0.028
0 0.4125 0.384 0.01 0.028
0 0.41975 0.38533333333333336 0.0075 0.017333333333333333
0 0.438 0.397 0.014 0.027333333333333334
0 0.45325 0.373 0.0095 0.03133333333333333
0 0.45175 0.3616666666666667 0.0095 0.024666666666666667
0 0.46825 0.31866666666666665 0.0095 0.029333333333333333
0 0.45925 0.27266666666666667 0.0115 0.032
0 0.45825 0.24233333333333335 0.0125 0.028666666666666667
0 0.5735 0.24066666666666667 0.015 0.017333333333333333
0 0.511 0.196 0.011 0.02
0 0.51075 0.18666666666666668 0.0105 0.018666666666666668
0 0.468 0.147 0.01 0.020666666666666667
0 0.48675 0.14166666666666666 0.0105 0.026
0 0.43175 0.069 0.0085 0.016666666666666666
0 0.4535 0.034333333333333334 0.008 0.03266666666666666
0 0.52 0.025333333333333333 0.011 0.021333333333333333
0 0.4465 0.013666666666666667 0.007 0.020666666666666667