0 0.406 0.8483333333333334 0.022 0.03133333333333333
0 0.1885 0.8166666666666667 0.022 0.04533333333333334
0 0.19925 0.697 0.0175 0.03666666666666667
0 0.212 0.7033333333333334 0.018 0.029333333333333333
0 0.55275 0.383 0.0115 0.024666666666666667
0 0.2975 0.24633333333333332 0.014 0.024666666666666667
0 0.58225 0.06266666666666666 0.0075 0.018666666666666668
0 0.4455 0.09566666666666666 0.008 0.026
0 0.4275 0.09766666666666667 0.009 0.028666666666666667
0 0.368 0.08633333333333333 0.007 0.026
0 0.36875 0.083 0.0045 0.012666666666666666
0 0.564 0.007333333333333333 0.009 0.014666666666666666