0 0.032857142857142856 0.9714285714285714 0.024285714285714285 0.05142857142857143
0 0.08857142857142856 0.7114285714285714 0.015714285714285715 0.047619047619047616
0 0.10285714285714286 0.7014285714285714 0.017142857142857144 0.037142857142857144
0 0.4735714285714286 0.9823809523809524 0.02 0.035238095238095235
0 0.40964285714285714 0.6242857142857143 0.010714285714285714 0.03333333333333333
0 0.46035714285714285 0.6242857142857143 0.010714285714285714 0.040952380952380955
0 0.475 0.6228571428571429 0.011428571428571429 0.0419047619047619
0 0.25642857142857145 0.33714285714285713 0.01 0.02857142857142857
0 0.22464285714285714 0.30142857142857143 0.009285714285714286 0.023809523809523808
0 0.18892857142857142 0.2742857142857143 0.0064285714285714285 0.022857142857142857
0 0.2057142857142857 0.23714285714285716 0.005714285714285714 0.01904761904761905
0 0.18285714285714286 0.060476190476190475 0.004285714285714286 0.008571428571428572
0 0.0125 0.05714285714285714 0.005 0.011428571428571429
0 0.21964285714285714 0.2842857142857143 0.0064285714285714285 0.023809523809523808
0 0.22607142857142856 0.28714285714285714 0.007857142857142858 0.018095238095238095
0 0.18464285714285714 0.20904761904761904 0.005 0.01619047619047619
0 0.18964285714285714 0.21 0.0035714285714285713 0.014285714285714285
0 0.20357142857142857 0.04857142857142857 0.002857142857142857 0.009523809523809525
0 0.18928571428571428 0.1538095238095238 0.004285714285714286 0.010476190476190476