0 0.9198855507868383 0.6827290076335878 0.02145922746781116 0.03721374045801527
0 0.45779685264663805 0.5572519083969466 0.015736766809728183 0.02862595419847328
0 0.23104434907010013 0.5596374045801527 0.020028612303290415 0.02767175572519084
0 0.6652360515021459 0.2981870229007634 0.008583690987124463 0.016221374045801526
0 0.6695278969957081 0.40553435114503816 0.008583690987124463 0.019083969465648856
0 0.5092989985693849 0.2791030534351145 0.008583690987124463 0.01812977099236641
0 0.6380543633762518 0.5601145038167938 0.011444921316165951 0.05152671755725191
0 0.6555793991416309 0.5477099236641222 0.012160228898426323 0.04580152671755725
0 0.6995708154506438 0.6154580152671756 0.01430615164520744 0.05916030534351145
0 0.8608726752503576 0.6359732824427481 0.02074391988555079 0.046755725190839696
0 0.17882689556509299 0.5562977099236641 0.008583690987124463 0.03625954198473282
0 0.8733905579399142 0.7099236641221374 0.015736766809728183 0.05343511450381679
0 0.8129470672389127 0.6784351145038168 0.016452074391988557 0.03625954198473282
0 0.8254649499284692 0.6087786259541985 0.011444921316165951 0.03625954198473282
0 0.7972103004291845 0.5744274809160306 0.01072961373390558 0.03816793893129771
0 0.6924177396280401 0.5758587786259542 0.017167381974248927 0.033396946564885496
0 0.6183834048640916 0.2738549618320611 0.007868383404864092 0.02480916030534351
0 0.5511444921316166 0.27099236641221375 0.006437768240343348 0.022900763358778626
0 0.6233905579399142 0.14980916030534353 0.005007153075822604 0.013358778625954198
0 0.6226752503576538 0.2724236641221374 0.006437768240343348 0.01812977099236641