0 0.42275574112734865 0.3228200371057514 0.006263048016701462 0.025974025974025976
0 0.6067327766179541 0.4202226345083488 0.009916492693110648 0.03896103896103896
0 0.6390918580375783 0.325139146567718 0.009916492693110648 0.0287569573283859
0 0.6278705636743215 0.3320964749536178 0.007306889352818371 0.025974025974025976
0 0.6166492693110647 0.3673469387755102 0.005741127348643006 0.02040816326530612
0 0.6069937369519833 0.3334879406307978 0.006263048016701462 0.026901669758812616
0 0.6096033402922756 0.3293135435992579 0.006263048016701462 0.025974025974025976
0 0.6456158663883089 0.2782931354359926 0.005219206680584551 0.02411873840445269
0 0.48068893528183715 0.3395176252319109 0.006263048016701462 0.025974025974025976
0 0.5433194154488518 0.3172541743970315 0.006263048016701462 0.027829313543599257
0 0.5326200417536534 0.3051948051948052 0.006784968684759917 0.025974025974025976
0 0.5521920668058455 0.3144712430426716 0.006263048016701462 0.027829313543599257
0 0.5386221294363257 0.29684601113172543 0.0041753653444676405 0.02040816326530612
0 0.5521920668058455 0.36688311688311687 0.007306889352818371 0.023191094619666047
0 0.5441022964509394 0.5487012987012987 0.010960334029227558 0.032467532467532464
0 0.5655010438413361 0.6062152133580705 0.009916492693110648 0.04916512059369202
0 0.5647181628392485 0.614100185528757 0.008350730688935281 0.04823747680890538
0 0.5657620041753654 0.6048237476808905 0.006263048016701462 0.02411873840445269
0 0.552713987473904 0.6590909090909091 0.008350730688935281 0.030612244897959183
0 0.5477557411273486 0.674860853432282 0.006784968684759917 0.023191094619666047
0 0.5587160751565762 0.6711502782931354 0.010960334029227558 0.0287569573283859
0 0.5540187891440501 0.6892393320964749 0.008872651356993737 0.03153988868274583
0 0.5628914405010439 0.6716141001855288 0.010960334029227558 0.05194805194805195
0 0.5592379958246346 0.22959183673469388 0.005741127348643006 0.021335807050092765
0 0.5469728601252609 0.22866419294990722 0.005219206680584551 0.023191094619666047
0 0.5868997912317327 0.13636363636363635 0.004697286012526096 0.016697588126159554
0 0.5715031315240083 0.1414656771799629 0.003131524008350731 0.015769944341372914
0 0.5417536534446764 0.14100185528756956 0.0041753653444676405 0.012987012987012988
0 0.5146137787056367 0.12430426716141002 0.003131524008350731 0.00927643784786642
0 0.3671711899791232 0.30612244897959184 0.006784968684759917 0.02411873840445269
0 0.3796972860125261 0.2634508348794063 0.006784968684759917 0.014842300556586271
0 0.38204592901878914 0.2625231910946197 0.005219206680584551 0.016697588126159554
0 0.5242693110647182 0.06029684601113173 0.0026096033402922755 0.0074211502782931356
0 0.524008350730689 0.04638218923933209 0.0020876826722338203 0.011131725417439703
0 0.5414926931106472 0.04359925788497217 0.0026096033402922755 0.00927643784786642
0 0.5169624217118998 0.05194805194805195 0.0026096033402922755 0.00927643784786642
0 0.5133089770354906 0.032467532467532464 0.0015657620041753654 0.0074211502782931356