0 0.44975 0.463 0.0185 0.058
0 0.41675 0.43466666666666665 0.0165 0.06133333333333333
0 0.12175 0.45966666666666667 0.0215 0.06466666666666666
0 0.37225 0.4513333333333333 0.0145 0.06133333333333333
0 0.3705 0.43833333333333335 0.024 0.06066666666666667
0 0.312 0.2643333333333333 0.014 0.03666666666666667
0 0.18225 0.356 0.0255 0.04
0 0.774 0.2823333333333333 0.015 0.04466666666666667
0 0.88425 0.27066666666666667 0.0185 0.04533333333333334
0 0.51775 0.24533333333333332 0.0135 0.04133333333333333
0 0.36825 0.18666666666666668 0.0085 0.030666666666666665
0 0.38525 0.13133333333333333 0.0085 0.025333333333333333