0 0.4067857142857143 0.8742857142857143 0.010714285714285714 0.02095238095238095
0 0.3607142857142857 0.9304761904761905 0.008571428571428572 0.022857142857142857
0 0.27964285714285714 0.9266666666666666 0.009285714285714286 0.022857142857142857
0 0.5632142857142857 0.8266666666666667 0.012142857142857143 0.017142857142857144
0 0.4903571428571429 0.8228571428571428 0.009285714285714286 0.024761904761904763
0 0.3889285714285714 0.8352380952380952 0.015 0.022857142857142857
0 0.7225 0.6714285714285714 0.0064285714285714285 0.024761904761904763
0 0.7489285714285714 0.7223809523809523 0.009285714285714286 0.023809523809523808
0 0.4253571428571429 0.27666666666666667 0.0035714285714285713 0.012380952380952381
0 0.39285714285714285 0.19142857142857142 0.002857142857142857 0.009523809523809525
0 0.3846428571428571 0.14523809523809525 0.002142857142857143 0.006666666666666667
0 0.21 0.95 0.014285714285714285 0.029523809523809525
0 0.2025 0.9866666666666667 0.02214285714285714 0.017142857142857144
0 0.18892857142857142 0.9909523809523809 0.015 0.018095238095238095