0 0.49857142857142855 0.2604761904761905 0.0014285714285714286 0.004761904761904762
0 0.515 0.3385714285714286 0.002857142857142857 0.006666666666666667
0 0.48964285714285716 0.3242857142857143 0.0035714285714285713 0.006666666666666667
0 0.4942857142857143 0.2652380952380952 0.002857142857142857 0.004761904761904762
0 0.5314285714285715 0.24523809523809523 0.002857142857142857 0.004761904761904762
0 0.49785714285714283 0.24285714285714285 0.002857142857142857 0.005714285714285714
0 0.6135714285714285 0.9238095238095239 0.002857142857142857 0.005714285714285714
0 0.625 0.9295238095238095 0.005714285714285714 0.007619047619047619
0 0.6310714285714286 0.9223809523809524 0.005 0.008571428571428572
0 0.6017857142857143 0.7671428571428571 0.0035714285714285713 0.008571428571428572
0 0.5975 0.7476190476190476 0.002142857142857143 0.007619047619047619
0 0.5953571428571428 0.7452380952380953 0.0035714285714285713 0.006666666666666667