0 0.6345 0.3953333333333333 0.016 0.032
0 0.556 0.39966666666666667 0.016 0.028666666666666667
0 0.5565 0.37066666666666664 0.015 0.028
0 0.499 0.3526666666666667 0.014 0.02666666666666667
0 0.5695 0.234 0.012 0.029333333333333333
0 0.43075 0.2613333333333333 0.0125 0.028
0 0.4285 0.22433333333333333 0.011 0.023333333333333334
0 0.00875 0.336 0.0165 0.03333333333333333
0 0.01125 0.33266666666666667 0.0175 0.02666666666666667
0 0.3055 0.06333333333333334 0.005 0.021333333333333333
0 0.2965 0.063 0.003 0.019333333333333334
0 0.30025 0.059666666666666666 0.0045 0.020666666666666667
0 0.30375 0.062 0.0045 0.02266666666666667