0 0.7700939457202505 0.537569573283859 0.012004175365344467 0.05844155844155844
0 0.7197286012526096 0.5477736549165121 0.017745302713987474 0.032467532467532464
0 0.630741127348643 0.47912801484230055 0.010960334029227558 0.05287569573283859
0 0.598643006263048 0.48330241187384043 0.011482254697286013 0.04823747680890538
0 0.6260438413361169 0.40213358070500926 0.010960334029227558 0.038033395176252316
0 0.6169102296450939 0.400278293135436 0.010438413361169102 0.038033395176252316
0 0.7241649269311065 0.4322820037105751 0.015135699373695199 0.03896103896103896
0 0.8061064718162839 0.5853432282003711 0.015135699373695199 0.0686456400742115
0 0.7907098121085595 0.5732838589981447 0.016701461377870562 0.0575139146567718
0 0.802713987473904 0.5987940630797773 0.018789144050104383 0.04916512059369202
0 0.5900313152400835 0.26159554730983303 0.007828810020876827 0.022263450834879406
0 0.5323590814196242 0.18460111317254174 0.0020876826722338203 0.0074211502782931356
0 0.5198329853862212 0.17717996289424862 0.0020876826722338203 0.0074211502782931356