0 0.6375 0.01 0.0064285714285714285 0.012380952380952381
0 0.6535714285714286 0.07476190476190477 0.007142857142857143 0.01619047619047619
0 0.6582142857142858 0.15428571428571428 0.009285714285714286 0.013333333333333334
0 0.6671428571428571 0.1895238095238095 0.007142857142857143 0.017142857142857144
0 0.595 0.24095238095238095 0.007142857142857143 0.01904761904761905
0 0.6278571428571429 0.40523809523809523 0.012857142857142857 0.01619047619047619
0 0.56 0.4038095238095238 0.01 0.02095238095238095
0 0.4764285714285714 0.32047619047619047 0.01 0.021904761904761906
0 0.5082142857142857 0.17761904761904762 0.007857142857142858 0.021904761904761906
0 0.6785714285714286 0.5066666666666667 0.012857142857142857 0.02095238095238095
0 0.7192857142857143 0.6719047619047619 0.011428571428571429 0.029523809523809525
0 0.6778571428571428 0.7180952380952381 0.012857142857142857 0.022857142857142857
0 0.6785714285714286 0.729047619047619 0.014285714285714285 0.023809523809523808
0 0.4357142857142857 0.8242857142857143 0.015714285714285715 0.03333333333333333
0 0.4307142857142857 0.8371428571428572 0.014285714285714285 0.030476190476190476
0 0.3082142857142857 0.6942857142857143 0.013571428571428571 0.024761904761904763
0 0.335 0.830952380952381 0.024285714285714285 0.02761904761904762
0 0.31035714285714283 0.8195238095238095 0.019285714285714285 0.023809523809523808
0 0.3132142857142857 0.8038095238095239 0.017857142857142856 0.024761904761904763
0 0.18321428571428572 0.9019047619047619 0.020714285714285713 0.0419047619047619
0 0.135 0.9004761904761904 0.025714285714285714 0.03333333333333333
0 0.09178571428571429 0.8157142857142857 0.017857142857142856 0.029523809523809525
0 0.35035714285714287 0.5885714285714285 0.012142857142857143 0.03619047619047619
0 0.4407142857142857 0.4038095238095238 0.01 0.03619047619047619
0 0.43357142857142855 0.39666666666666667 0.007142857142857143 0.03142857142857143
0 0.42714285714285716 0.39714285714285713 0.008571428571428572 0.024761904761904763
0 0.3271428571428571 0.21095238095238095 0.011428571428571429 0.018095238095238095
0 0.5175 0.06285714285714286 0.007857142857142858 0.02666666666666667