0 0.3975 0.32476190476190475 0.015 0.0380952380952381
0 0.4342857142857143 0.2923809523809524 0.01 0.03238095238095238
0 0.4382142857142857 0.44047619047619047 0.013571428571428571 0.04666666666666667
0 0.4707142857142857 0.5328571428571428 0.017142857142857144 0.06761904761904762
0 0.7378571428571429 0.4976190476190476 0.018571428571428572 0.04285714285714286
0 0.6196428571428572 0.4704761904761905 0.015 0.022857142857142857
0 0.6957142857142857 0.07952380952380952 0.007142857142857143 0.012380952380952381
0 0.6675 0.051904761904761905 0.007857142857142858 0.010476190476190476
0 0.7064285714285714 0.15095238095238095 0.007142857142857143 0.014285714285714285
0 0.7185714285714285 0.14904761904761904 0.005714285714285714 0.01619047619047619
0 0.8246428571428571 0.10285714285714286 0.007857142857142858 0.022857142857142857
0 0.8571428571428571 0.2061904761904762 0.01 0.02761904761904762
0 0.8882142857142857 0.2061904761904762 0.012142857142857143 0.03333333333333333
0 0.8025 0.21857142857142858 0.007857142857142858 0.01619047619047619