0 0.15396659707724425 0.5584415584415584 0.0041753653444676405 0.02040816326530612
0 0.16518789144050106 0.635899814471243 0.005741127348643006 0.0287569573283859
0 0.1667536534446764 0.6321892393320965 0.006784968684759917 0.030612244897959183
0 0.17197286012526097 0.6846011131725418 0.010960334029227558 0.027829313543599257
0 0.17562630480167016 0.8423005565862709 0.010960334029227558 0.03710575139146568
0 0.21555323590814196 0.9174397031539888 0.015657620041753653 0.02411873840445269
0 0.3987473903966597 0.6808905380333952 0.008350730688935281 0.027829313543599257
0 0.4034446764091858 0.6062152133580705 0.005219206680584551 0.02504638218923933
0 0.407098121085595 0.615491651205937 0.006263048016701462 0.015769944341372914
0 0.3368997912317328 0.5737476808905381 0.005741127348643006 0.026901669758812616
0 0.34264091858037576 0.549165120593692 0.006784968684759917 0.02411873840445269
0 0.35464509394572025 0.5338589981447124 0.006784968684759917 0.023191094619666047
0 0.36351774530271397 0.5459183673469388 0.006784968684759917 0.015769944341372914
0 0.4418058455114823 0.45918367346938777 0.004697286012526096 0.01855287569573284
0 0.39326722338204595 0.42764378478664195 0.004697286012526096 0.011131725417439703
0 0.44337160751565763 0.3984230055658627 0.005741127348643006 0.013914656771799629
0 0.430062630480167 0.3167903525046382 0.003131524008350731 0.01020408163265306
0 0.41936325678496866 0.25092764378478666 0.0026096033402922755 0.006493506493506494
0 0.43606471816283926 0.26159554730983303 0.0026096033402922755 0.0074211502782931356
0 0.4344989561586639 0.24582560296846012 0.0026096033402922755 0.0074211502782931356
0 0.43502087682672236 0.23283858998144713 0.0026096033402922755 0.0074211502782931356
0 0.4352818371607516 0.22077922077922077 0.003131524008350731 0.0074211502782931356
0 0.42171189979123175 0.1971243042671614 0.0020876826722338203 0.00463821892393321
0 0.41283924843423797 0.18181818181818182 0.0010438413361169101 0.0037105751391465678
0 0.40970772442588727 0.16883116883116883 0.0020876826722338203 0.0055658627087198514
0 0.4110125260960334 0.1683673469387755 0.0015657620041753654 0.00463821892393321
0 0.41153444676409184 0.1725417439703154 0.0015657620041753654 0.0037105751391465678
0 0.4078810020876827 0.1683673469387755 0.0015657620041753654 0.0027829313543599257
0 0.3924843423799583 0.29081632653061223 0.003131524008350731 0.01020408163265306
0 0.545929018789144 0.6196660482374768 0.007306889352818371 0.02411873840445269
0 0.5600208768267223 0.5681818181818182 0.008350730688935281 0.02504638218923933
0 0.5798538622129437 0.5626159554730983 0.007306889352818371 0.01948051948051948
0 0.5968162839248434 0.5714285714285714 0.007828810020876827 0.02040816326530612
0 0.7570459290187892 0.5890538033395176 0.008872651356993737 0.027829313543599257
0 0.7719206680584552 0.6261595547309833 0.006263048016701462 0.029684601113172542
0 0.8666492693110647 0.7244897959183674 0.008872651356993737 0.03525046382189239
0 0.4971294363256785 0.4095547309833024 0.004697286012526096 0.012059369202226345
0 0.5018267223382046 0.41233766233766234 0.004697286012526096 0.012059369202226345