0 0.3385714285714286 0.39720812182741116 0.008571428571428572 0.025380710659898477
0 0.35892857142857143 0.4149746192893401 0.010714285714285714 0.025380710659898477
0 0.3610714285714286 0.39847715736040606 0.007857142857142858 0.027918781725888325
0 0.5107142857142857 0.7671319796954315 0.01 0.024111675126903553
0 0.5514285714285714 0.7690355329949239 0.012857142857142857 0.02284263959390863
0 0.3782142857142857 0.9156091370558376 0.016428571428571428 0.01649746192893401
0 0.5685714285714286 0.5818527918781726 0.01 0.021573604060913704
0 0.59 0.5539340101522843 0.011428571428571429 0.0266497461928934
0 0.3703571428571429 0.3870558375634518 0.010714285714285714 0.025380710659898477
0 0.3982142857142857 0.27220812182741116 0.007857142857142858 0.021573604060913704
0 0.4139285714285714 0.2684010152284264 0.007857142857142858 0.0266497461928934
0 0.42 0.27093908629441626 0.007142857142857143 0.031725888324873094
0 0.4614285714285714 0.20558375634517767 0.007142857142857143 0.027918781725888325
0 0.4514285714285714 0.15545685279187818 0.007142857142857143 0.02918781725888325
0 0.45964285714285713 0.15926395939086294 0.007857142857142858 0.02918781725888325
0 0.41678571428571426 0.15736040609137056 0.009285714285714286 0.015228426395939087
0 0.41535714285714287 0.14086294416243655 0.009285714285714286 0.012690355329949238
0 0.6242857142857143 0.6954314720812182 0.011428571428571429 0.02030456852791878