0 0.4132142857142857 0.979047619047619 0.010714285714285714 0.01904761904761905
0 0.4257142857142857 0.9833333333333333 0.011428571428571429 0.014285714285714285
0 0.5560714285714285 0.9561904761904761 0.012142857142857143 0.022857142857142857
0 0.5632142857142857 0.9742857142857143 0.009285714285714286 0.02095238095238095
0 0.4546428571428571 0.8966666666666666 0.009285714285714286 0.021904761904761906
0 0.4303571428571429 0.9028571428571428 0.010714285714285714 0.013333333333333334
0 0.40214285714285714 0.9023809523809524 0.01 0.02
0 0.43142857142857144 0.839047619047619 0.02 0.015238095238095238
0 0.41214285714285714 0.8276190476190476 0.011428571428571429 0.017142857142857144
0 0.4117857142857143 0.8047619047619048 0.012142857142857143 0.015238095238095238
0 0.4632142857142857 0.7690476190476191 0.010714285714285714 0.018095238095238095
0 0.5789285714285715 0.8271428571428572 0.013571428571428571 0.014285714285714285
0 0.4789285714285714 0.540952380952381 0.007857142857142858 0.011428571428571429
0 0.5942857142857143 0.56 0.014285714285714285 0.013333333333333334
0 0.6092857142857143 0.5704761904761905 0.008571428571428572 0.011428571428571429
0 0.4660714285714286 0.4866666666666667 0.007857142857142858 0.015238095238095238
0 0.5217857142857143 0.47904761904761906 0.012142857142857143 0.013333333333333334
0 0.5546428571428571 0.49714285714285716 0.010714285714285714 0.015238095238095238
0 0.5471428571428572 0.49047619047619045 0.011428571428571429 0.015238095238095238
0 0.6032142857142857 0.5395238095238095 0.010714285714285714 0.012380952380952381
0 0.4775 0.44047619047619047 0.010714285714285714 0.010476190476190476
0 0.3325 0.4095238095238095 0.012142857142857143 0.009523809523809525
0 0.5057142857142857 0.33476190476190476 0.01 0.018095238095238095
0 0.5460714285714285 0.31333333333333335 0.010714285714285714 0.015238095238095238
0 0.5242857142857142 0.27095238095238094 0.01 0.025714285714285714
0 0.5796428571428571 0.3047619047619048 0.007857142857142858 0.015238095238095238
0 0.5871428571428572 0.3047619047619048 0.007142857142857143 0.017142857142857144
0 0.465 0.1919047619047619 0.005714285714285714 0.01619047619047619
0 0.47214285714285714 0.1895238095238095 0.007142857142857143 0.011428571428571429
0 0.47214285714285714 0.17761904761904762 0.008571428571428572 0.012380952380952381
0 0.5175 0.1757142857142857 0.010714285714285714 0.02
0 0.48928571428571427 0.11428571428571428 0.01 0.022857142857142857
0 0.5428571428571428 0.15142857142857144 0.01 0.01904761904761905
0 0.5453571428571429 0.1295238095238095 0.009285714285714286 0.015238095238095238
0 0.5685714285714286 0.13 0.008571428571428572 0.010476190476190476