0 0.06758872651356994 0.7402597402597403 0.013048016701461378 0.027829313543599257
0 0.2035490605427975 0.7337662337662337 0.009394572025052192 0.027829313543599257
0 0.3209812108559499 0.7170686456400742 0.006263048016701462 0.012987012987012988
0 0.3533402922755741 0.7435064935064936 0.009394572025052192 0.030612244897959183
0 0.3880480167014614 0.6961966604823747 0.010960334029227558 0.023191094619666047
0 0.44024008350730687 0.8033395176252319 0.008872651356993737 0.02040816326530612
0 0.5756784968684759 0.7736549165120594 0.008350730688935281 0.029684601113172542
0 0.6458768267223383 0.6275510204081632 0.007828810020876827 0.01948051948051948
0 0.6302192066805845 0.612708719851577 0.007828810020876827 0.01948051948051948
0 0.5751565762004175 0.35992578849721707 0.005219206680584551 0.011131725417439703
0 0.5769832985386222 0.36038961038961037 0.0036534446764091857 0.012059369202226345
0 0.5910751565762005 0.33116883116883117 0.0036534446764091857 0.00927643784786642
0 0.5910751565762005 0.32560296846011133 0.0036534446764091857 0.00927643784786642
0 0.5678496868475992 0.2592764378478664 0.0041753653444676405 0.015769944341372914
0 0.5594989561586639 0.10807050092764378 0.003131524008350731 0.008348794063079777
0 0.537839248434238 0.06029684601113173 0.0026096033402922755 0.0074211502782931356