0 0.505 0.5580952380952381 0.012857142857142857 0.02857142857142857
0 0.16357142857142856 0.30952380952380953 0.022857142857142857 0.03238095238095238
0 0.365 0.4014285714285714 0.014285714285714285 0.014285714285714285
0 0.38035714285714284 0.3985714285714286 0.013571428571428571 0.018095238095238095
0 0.38785714285714284 0.38333333333333336 0.012857142857142857 0.014285714285714285
0 0.38857142857142857 0.36333333333333334 0.017142857142857144 0.023809523809523808
0 0.35964285714285715 0.3661904761904762 0.015 0.018095238095238095
0 0.3725 0.3485714285714286 0.015 0.017142857142857144
0 0.3610714285714286 0.3842857142857143 0.017857142857142856 0.02
0 0.38142857142857145 0.30238095238095236 0.012857142857142857 0.018095238095238095
0 0.4057142857142857 0.3038095238095238 0.014285714285714285 0.01904761904761905
0 0.4328571428571429 0.32571428571428573 0.015714285714285715 0.02095238095238095
0 0.4421428571428571 0.36238095238095236 0.012857142857142857 0.023809523809523808
0 0.4575 0.3657142857142857 0.015 0.02857142857142857
0 0.47 0.46714285714285714 0.014285714285714285 0.021904761904761906
0 0.48035714285714287 0.4766666666666667 0.013571428571428571 0.023809523809523808
0 0.5060714285714286 0.46523809523809523 0.017857142857142856 0.025714285714285714
0 0.5407142857142857 0.44 0.022857142857142857 0.03428571428571429
0 0.5360714285714285 0.33380952380952383 0.012142857142857143 0.02
0 0.5489285714285714 0.33380952380952383 0.013571428571428571 0.018095238095238095
0 0.5378571428571428 0.29523809523809524 0.011428571428571429 0.02095238095238095
0 0.5521428571428572 0.2966666666666667 0.011428571428571429 0.02
0 0.43785714285714283 0.25047619047619046 0.01 0.02857142857142857
0 0.6060714285714286 0.3 0.013571428571428571 0.03238095238095238
0 0.6232142857142857 0.2947619047619048 0.013571428571428571 0.021904761904761906
0 0.6128571428571429 0.33095238095238094 0.012857142857142857 0.014285714285714285
0 0.6242857142857143 0.3319047619047619 0.015714285714285715 0.014285714285714285
0 0.6235714285714286 0.3838095238095238 0.015714285714285715 0.01904761904761905
0 0.6178571428571429 0.4142857142857143 0.014285714285714285 0.01904761904761905
0 0.6596428571428572 0.3933333333333333 0.015 0.02095238095238095
0 0.6710714285714285 0.37523809523809526 0.015 0.022857142857142857
0 0.6885714285714286 0.37476190476190474 0.015714285714285715 0.023809523809523808
0 0.6660714285714285 0.4123809523809524 0.016428571428571428 0.01904761904761905
0 0.6817857142857143 0.4166666666666667 0.012142857142857143 0.018095238095238095
0 0.6957142857142857 0.4104761904761905 0.012857142857142857 0.02095238095238095
0 0.7021428571428572 0.3942857142857143 0.017142857142857144 0.01904761904761905
0 0.7110714285714286 0.3361904761904762 0.015 0.02666666666666667
0 0.8046428571428571 0.37047619047619046 0.015 0.022857142857142857
0 0.8196428571428571 0.3738095238095238 0.013571428571428571 0.023809523809523808
0 0.7978571428571428 0.36095238095238097 0.014285714285714285 0.015238095238095238
0 0.8007142857142857 0.3423809523809524 0.011428571428571429 0.01619047619047619
0 0.815 0.3376190476190476 0.011428571428571429 0.014285714285714285
0 0.8314285714285714 0.34 0.015714285714285715 0.015238095238095238
0 0.8342857142857143 0.36047619047619045 0.015714285714285715 0.018095238095238095
0 0.845 0.37333333333333335 0.025714285714285714 0.03428571428571429
0 0.8696428571428572 0.4828571428571429 0.023571428571428573 0.017142857142857144
0 0.8582142857142857 0.51 0.020714285714285713 0.023809523809523808
0 0.9210714285714285 0.5257142857142857 0.023571428571428573 0.022857142857142857
0 0.9242857142857143 0.5123809523809524 0.024285714285714285 0.01904761904761905
0 0.9278571428571428 0.5480952380952381 0.02857142857142857 0.023809523809523808
0 0.9775 0.4419047619047619 0.02642857142857143 0.024761904761904763
0 0.9932142857142857 0.4247619047619048 0.013571428571428571 0.022857142857142857