0 0.351 0.5463333333333333 0.008 0.03266666666666666
0 0.3585 0.5396666666666666 0.009 0.03133333333333333
0 0.32675 0.488 0.0115 0.028
0 0.313 0.499 0.007 0.03
0 0.2945 0.5086666666666667 0.01 0.028
0 0.24225 0.45 0.0085 0.028
0 0.23075 0.435 0.0115 0.027333333333333334
0 0.20475 0.43566666666666665 0.0075 0.03133333333333333
0 0.28125 0.406 0.0065 0.028
0 0.2565 0.4013333333333333 0.011 0.028
0 0.532 0.6633333333333333 0.015 0.03866666666666667
0 0.6535 0.6896666666666667 0.066 0.074
0 0.69125 0.605 0.0535 0.06466666666666666
0 0.91725 0.7666666666666667 0.0175 0.032