0 0.10678571428571429 0.9404761904761905 0.047857142857142855 0.11714285714285715
0 0.015714285714285715 0.8804761904761905 0.03142857142857143 0.07714285714285714
0 0.056428571428571425 0.5257142857142857 0.032857142857142856 0.07238095238095238
0 0.03785714285714286 0.5376190476190477 0.03 0.06571428571428571
0 0.08714285714285715 0.2761904761904762 0.01 0.02666666666666667
0 0.07071428571428572 0.2980952380952381 0.011428571428571429 0.02857142857142857
0 0.08035714285714286 0.2704761904761905 0.009285714285714286 0.024761904761904763
0 0.07071428571428572 0.24047619047619048 0.01 0.023809523809523808
0 0.07678571428571429 0.2480952380952381 0.005 0.018095238095238095
0 0.06428571428571428 0.2257142857142857 0.005714285714285714 0.009523809523809525
0 0.1575 0.259047619047619 0.009285714285714286 0.02095238095238095
0 0.13607142857142857 0.24952380952380954 0.005 0.013333333333333334
0 0.13535714285714287 0.24952380952380954 0.007857142857142858 0.017142857142857144
0 0.10142857142857142 0.22714285714285715 0.007142857142857143 0.018095238095238095
0 0.09892857142857144 0.23809523809523808 0.007857142857142858 0.013333333333333334
0 0.10392857142857143 0.20238095238095238 0.0035714285714285713 0.008571428571428572
0 0.09964285714285714 0.19476190476190477 0.0035714285714285713 0.010476190476190476
0 0.12035714285714286 0.19333333333333333 0.005 0.011428571428571429
0 0.08571428571428572 0.31476190476190474 0.015714285714285715 0.03333333333333333
0 0.09714285714285714 0.5704761904761905 0.037142857142857144 0.06476190476190476
0 0.013928571428571429 0.5957142857142858 0.027857142857142858 0.07333333333333333
0 0.2825 0.19238095238095237 0.0035714285714285713 0.009523809523809525
0 0.2764285714285714 0.19285714285714287 0.002857142857142857 0.010476190476190476
0 0.2739285714285714 0.19142857142857142 0.0035714285714285713 0.009523809523809525
0 0.27071428571428574 0.19 0.004285714285714286 0.010476190476190476
0 0.22321428571428573 0.18 0.002142857142857143 0.005714285714285714
0 0.23035714285714284 0.18333333333333332 0.0035714285714285713 0.004761904761904762
0 0.47714285714285715 0.24476190476190476 0.005714285714285714 0.01904761904761905
0 0.4857142857142857 0.2509523809523809 0.005714285714285714 0.018095238095238095
0 0.4810714285714286 0.25476190476190474 0.005 0.012380952380952381
0 0.5325 0.2604761904761905 0.0064285714285714285 0.023809523809523808
0 0.4717857142857143 0.25666666666666665 0.005 0.01619047619047619
0 0.5528571428571428 0.28095238095238095 0.007142857142857143 0.02095238095238095
0 0.6 0.2857142857142857 0.007142857142857143 0.02095238095238095
0 0.6032142857142857 0.28285714285714286 0.0064285714285714285 0.02095238095238095
0 0.8889285714285714 0.2842857142857143 0.0064285714285714285 0.018095238095238095
0 0.9017857142857143 0.2861904761904762 0.005 0.01619047619047619
0 0.8985714285714286 0.2861904761904762 0.004285714285714286 0.01619047619047619
0 0.8992857142857142 0.2742857142857143 0.005714285714285714 0.017142857142857144
0 0.8903571428571428 0.27476190476190476 0.0064285714285714285 0.014285714285714285
0 0.9135714285714286 0.3047619047619048 0.008571428571428572 0.02095238095238095
0 0.9217857142857143 0.30523809523809525 0.009285714285714286 0.02