0 0.33285714285714285 0.9428934010152284 0.022857142857142857 0.0532994923857868
0 0.49607142857142855 0.9555837563451777 0.013571428571428571 0.0583756345177665
0 0.26964285714285713 0.0133248730964467 0.0035714285714285713 0.01649746192893401
0 0.26535714285714285 0.006345177664974619 0.0035714285714285713 0.012690355329949238
0 0.2757142857142857 0.010786802030456852 0.002857142857142857 0.01903553299492386
0 0.2507142857142857 0.041243654822335024 0.004285714285714286 0.01649746192893401
0 0.25142857142857145 0.044416243654822336 0.002857142857142857 0.017766497461928935
0 0.285 0.041243654822335024 0.002857142857142857 0.021573604060913704
0 0.2875 0.04251269035532995 0.0035714285714285713 0.01903553299492386
0 0.2875 0.0399746192893401 0.0035714285714285713 0.01649746192893401
0 0.29392857142857143 0.048223350253807105 0.0035714285714285713 0.015228426395939087
0 0.30214285714285716 0.04631979695431472 0.002857142857142857 0.01649746192893401
0 0.3053571428571429 0.05139593908629442 0.0035714285714285713 0.01649746192893401
0 0.30357142857142855 0.06979695431472081 0.004285714285714286 0.017766497461928935
0 0.3075 0.06852791878172589 0.0035714285714285713 0.017766497461928935
0 0.33214285714285713 0.07550761421319797 0.004285714285714286 0.01903553299492386
0 0.3217857142857143 0.08185279187817258 0.0035714285714285713 0.01903553299492386
0 0.325 0.08185279187817258 0.004285714285714286 0.01903553299492386
0 0.34285714285714286 0.10469543147208121 0.002857142857142857 0.021573604060913704
0 0.34714285714285714 0.1148477157360406 0.004285714285714286 0.021573604060913704
0 0.3517857142857143 0.14593908629441624 0.0035714285714285713 0.025380710659898477
0 0.35678571428571426 0.14213197969543148 0.005 0.025380710659898477
0 0.3842857142857143 0.1313451776649746 0.005714285714285714 0.021573604060913704
0 0.38607142857142857 0.1833756345177665 0.0064285714285714285 0.0266497461928934
0 0.4342857142857143 0.20621827411167512 0.01 0.02918781725888325
0 0.5307142857142857 0.3864213197969543 0.008571428571428572 0.03680203045685279
0 0.6575 0.5177664974619289 0.020714285714285713 0.03553299492385787
0 0.9917857142857143 0.3362944162436548 0.013571428571428571 0.03299492385786802