0 0.74625 0.9536666666666667 0.0185 0.05266666666666667
0 0.61625 0.981 0.0145 0.038
0 0.5975 0.9786666666666667 0.018 0.042666666666666665
0 0.59175 0.9916666666666667 0.0115 0.016666666666666666
0 0.60725 0.818 0.0115 0.04933333333333333
0 0.45675 0.8416666666666667 0.0175 0.035333333333333335
0 0.5035 0.868 0.017 0.028
0 0.497 0.8576666666666667 0.015 0.03933333333333333
0 0.49975 0.8676666666666667 0.0065 0.012666666666666666
0 0.479 0.631 0.01 0.027333333333333334
0 0.43975 0.6013333333333334 0.0085 0.025333333333333333
0 0.44675 0.597 0.0085 0.024666666666666667
0 0.3055 0.767 0.014 0.03666666666666667
0 0.251 0.7273333333333334 0.02 0.029333333333333333
0 0.2735 0.708 0.014 0.02
0 0.0535 0.8196666666666667 0.02 0.027333333333333334
0 0.0765 0.815 0.02 0.020666666666666667
0 0.0975 0.8006666666666666 0.021 0.03333333333333333
0 0.082 0.7923333333333333 0.021 0.03266666666666666
0 0.0805 0.759 0.016 0.03666666666666667
0 0.0995 0.583 0.011 0.028666666666666667
0 0.0915 0.6453333333333333 0.013 0.03333333333333333
0 0.13 0.5526666666666666 0.009 0.024
0 0.11 0.5523333333333333 0.01 0.027333333333333334
0 0.131 0.509 0.008 0.023333333333333334
0 0.13175 0.49166666666666664 0.0085 0.023333333333333334
0 0.11925 0.471 0.0065 0.020666666666666667
0 0.102 0.4703333333333333 0.01 0.022
0 0.0625 0.451 0.008 0.019333333333333334
0 0.06725 0.4513333333333333 0.0055 0.016
0 0.096 0.44233333333333336 0.007 0.019333333333333334
0 0.041 0.437 0.009 0.018
0 0.17375 0.6193333333333333 0.0095 0.028
0 0.16425 0.6556666666666666 0.0165 0.03266666666666666
0 0.044 0.6766666666666666 0.015 0.024
0 0.05375 0.638 0.0105 0.02
0 0.061 0.5326666666666666 0.011 0.021333333333333333
0 0.115 0.491 0.011 0.020666666666666667
0 0.06925 0.5073333333333333 0.0095 0.018666666666666668
0 0.063 0.5136666666666667 0.01 0.022
0 0.054 0.4653333333333333 0.009 0.021333333333333333
0 0.01875 0.43433333333333335 0.0095 0.016666666666666666
0 0.03525 0.8026666666666666 0.0175 0.02666666666666667
0 0.19625 0.6166666666666667 0.0115 0.029333333333333333
0 0.15975 0.5706666666666667 0.0115 0.029333333333333333
0 0.151 0.5363333333333333 0.008 0.023333333333333334
0 0.1415 0.5186666666666667 0.007 0.021333333333333333
0 0.142 0.5093333333333333 0.011 0.02266666666666667
0 0.1545 0.5163333333333333 0.007 0.022
0 0.144 0.4663333333333333 0.01 0.024666666666666667
0 0.07575 0.5666666666666667 0.0095 0.02666666666666667
0 0.08425 0.5256666666666666 0.0135 0.020666666666666667
0 0.08075 0.515 0.0085 0.022
0 0.0645 0.49866666666666665 0.008 0.02
0 0.05475 0.5006666666666667 0.0085 0.024
0 0.06475 0.442 0.0075 0.02
0 0.10425 0.44166666666666665 0.0065 0.020666666666666667
0 0.0115 0.43466666666666665 0.005 0.009333333333333334