0 0.4075 0.031091370558375634 0.005 0.01903553299492386
0 0.32107142857142856 0.6522842639593909 0.007857142857142858 0.01015228426395939
0 0.4207142857142857 0.7766497461928934 0.008571428571428572 0.01015228426395939
0 0.4421428571428571 0.7690355329949239 0.007142857142857143 0.007614213197969543
0 0.44285714285714284 0.7557106598984772 0.007142857142857143 0.008883248730964468
0 0.27785714285714286 0.7829949238578681 0.007142857142857143 0.012690355329949238
0 0.5214285714285715 0.5881979695431472 0.005714285714285714 0.011421319796954314
0 0.6160714285714286 0.5532994923857868 0.005 0.007614213197969543
0 0.615 0.5444162436548223 0.004285714285714286 0.005076142131979695
0 0.6660714285714285 0.5368020304568528 0.005 0.007614213197969543
0 0.5853571428571429 0.7265228426395939 0.007857142857142858 0.008883248730964468
0 0.6560714285714285 0.0031725888324873096 0.005 0.006345177664974619