0 0.2425 0.09581218274111675 0.0035714285714285713 0.011421319796954314
0 0.2475 0.0932741116751269 0.0035714285714285713 0.013959390862944163
0 0.24892857142857142 0.12119289340101523 0.0035714285714285713 0.008883248730964468
0 0.1682142857142857 0.5564720812182741 0.0064285714285714285 0.008883248730964468
0 0.16892857142857143 0.5513959390862944 0.0035714285714285713 0.011421319796954314
0 0.42892857142857144 0.25951776649746194 0.002142857142857143 0.011421319796954314
0 0.24107142857142858 0.4276649746192893 0.0035714285714285713 0.005076142131979695
0 0.245 0.41624365482233505 0.004285714285714286 0.007614213197969543
0 0.2542857142857143 0.4016497461928934 0.002857142857142857 0.011421319796954314
0 0.2807142857142857 0.4682741116751269 0.004285714285714286 0.012690355329949238
0 0.3335714285714286 0.5279187817258884 0.004285714285714286 0.01015228426395939
0 0.3382142857142857 0.5329949238578681 0.0035714285714285713 0.01015228426395939
0 0.3392857142857143 0.5387055837563451 0.002857142857142857 0.011421319796954314
0 0.9232142857142858 0.9041878172588832 0.0064285714285714285 0.006345177664974619
0 0.8578571428571429 0.8673857868020305 0.007142857142857143 0.008883248730964468
0 0.9335714285714286 0.9130710659898477 0.007142857142857143 0.008883248730964468
0 0.9582142857142857 0.9282994923857868 0.0064285714285714285 0.006345177664974619
0 0.9510714285714286 0.9251269035532995 0.0064285714285714285 0.007614213197969543
0 0.9542857142857143 0.9308375634517766 0.005714285714285714 0.006345177664974619
0 0.9853571428571428 0.9473350253807107 0.0064285714285714285 0.006345177664974619
0 0.5667857142857143 0.3083756345177665 0.002142857142857143 0.01015228426395939