0 0.3415 0.7483333333333333 0.01 0.015333333333333332
0 0.42475 0.654 0.0085 0.009333333333333334
0 0.4535 0.6453333333333333 0.007 0.009333333333333334
0 0.86775 0.9876666666666667 0.0195 0.024666666666666667
0 0.98775 0.9176666666666666 0.0165 0.022
0 0.8615 0.8306666666666667 0.017 0.018666666666666668
0 0.86725 0.836 0.0175 0.018666666666666668
0 0.3995 0.19833333333333333 0.008 0.018
0 0.40775 0.06233333333333333 0.0105 0.024666666666666667
0 0.395 0.015 0.011 0.023333333333333334
0 0.3945 0.014333333333333333 0.011 0.023333333333333334