0 0.13142857142857142 0.37753807106598986 0.007142857142857143 0.0266497461928934
0 0.135 0.37182741116751267 0.008571428571428572 0.027918781725888325
0 0.2764285714285714 0.1751269035532995 0.004285714285714286 0.012690355329949238
0 0.2842857142857143 0.17385786802030456 0.004285714285714286 0.015228426395939087
0 0.2792857142857143 0.1713197969543147 0.004285714285714286 0.02030456852791878
0 0.9417857142857143 0.6821065989847716 0.010714285714285714 0.031725888324873094
0 0.8278571428571428 0.4010152284263959 0.007142857142857143 0.027918781725888325
0 0.8421428571428572 0.35215736040609136 0.008571428571428572 0.031725888324873094
0 0.7278571428571429 0.14086294416243655 0.005714285714285714 0.02030456852791878
0 0.7467857142857143 0.12753807106598986 0.0035714285714285713 0.01903553299492386
0 0.7532142857142857 0.12436548223350254 0.005 0.02030456852791878
0 0.7571428571428571 0.1319796954314721 0.004285714285714286 0.012690355329949238
0 0.7653571428571428 0.12753807106598986 0.005 0.01649746192893401
0 0.7628571428571429 0.11802030456852793 0.002857142857142857 0.012690355329949238
0 0.7692857142857142 0.12373096446700507 0.004285714285714286 0.01649746192893401
0 0.8042857142857143 0.15926395939086294 0.004285714285714286 0.011421319796954314
0 0.8071428571428572 0.16307106598984772 0.005714285714285714 0.013959390862944163
0 0.7607142857142857 0.07868020304568528 0.002857142857142857 0.02030456852791878
0 0.7125 0.11928934010152284 0.0064285714285714285 0.012690355329949238
0 0.7246428571428571 0.11738578680203046 0.007857142857142858 0.013959390862944163
0 0.7378571428571429 0.23794416243654823 0.005714285714285714 0.013959390862944163
0 0.7328571428571429 0.23604060913705585 0.004285714285714286 0.012690355329949238
0 0.7814285714285715 0.2506345177664975 0.007142857142857143 0.013959390862944163
0 0.8107142857142857 0.28616751269035534 0.005714285714285714 0.013959390862944163
0 0.8267857142857142 0.28743654822335024 0.005 0.01903553299492386
0 0.88 0.5329949238578681 0.008571428571428572 0.017766497461928935
0 0.8832142857142857 0.5260152284263959 0.007857142857142858 0.013959390862944163
0 0.9189285714285714 0.6808375634517766 0.0064285714285714285 0.02918781725888325
0 0.9889285714285714 0.6668781725888325 0.010714285714285714 0.021573604060913704
0 0.7092857142857143 0.04885786802030457 0.004285714285714286 0.013959390862944163
0 0.7632142857142857 0.06281725888324872 0.0035714285714285713 0.013959390862944163
0 0.7539285714285714 0.07296954314720812 0.0035714285714285713 0.013959390862944163
0 0.7492857142857143 0.07296954314720812 0.004285714285714286 0.01903553299492386
0 0.7542857142857143 0.08883248730964467 0.002857142857142857 0.015228426395939087
0 0.7264285714285714 0.07360406091370558 0.008571428571428572 0.012690355329949238
0 0.6957142857142857 0.08058375634517767 0.008571428571428572 0.008883248730964468
0 0.06321428571428571 0.833756345177665 0.012142857142857143 0.03553299492385787