0 0.85975 0.7566666666666667 0.0145 0.02266666666666667
0 0.90275 0.787 0.0115 0.018
0 0.915 0.8096666666666666 0.012 0.028666666666666667
0 0.839 0.6213333333333333 0.01 0.030666666666666665
0 0.8645 0.38333333333333336 0.008 0.018666666666666668
0 0.70025 0.342 0.0095 0.021333333333333333
0 0.353 0.7603333333333333 0.018 0.03933333333333333
0 0.44275 0.6366666666666667 0.0125 0.030666666666666665
0 0.167 0.5156666666666667 0.011 0.020666666666666667
0 0.271 0.372 0.011 0.025333333333333333
0 0.00975 0.4776666666666667 0.0155 0.027333333333333334
0 0.54675 0.31933333333333336 0.0095 0.029333333333333333
0 0.555 0.31966666666666665 0.007 0.028666666666666667
0 0.41625 0.291 0.0095 0.020666666666666667
0 0.48975 0.23433333333333334 0.0045 0.011333333333333334
0 0.60225 0.173 0.0055 0.018
0 0.63475 0.20233333333333334 0.0065 0.01
0 0.616 0.203 0.005 0.011333333333333334
0 0.6045 0.20133333333333334 0.005 0.009333333333333334