0 0.3517857142857143 0.42523809523809525 0.007857142857142858 0.021904761904761906
0 0.25892857142857145 0.29904761904761906 0.007857142857142858 0.01904761904761905
0 0.19535714285714287 0.1961904761904762 0.0064285714285714285 0.017142857142857144
0 0.2617857142857143 0.11761904761904762 0.002142857142857143 0.008571428571428572
0 0.41214285714285714 0.20476190476190476 0.004285714285714286 0.013333333333333334
0 0.4975 0.2761904761904762 0.005 0.017142857142857144
0 0.6689285714285714 0.37857142857142856 0.007857142857142858 0.01619047619047619
0 0.44035714285714284 0.43476190476190474 0.005 0.02
0 0.4446428571428571 0.4361904761904762 0.0064285714285714285 0.017142857142857144
0 0.40714285714285714 0.46476190476190476 0.008571428571428572 0.02095238095238095
0 0.45 0.4938095238095238 0.01 0.018095238095238095
0 0.4664285714285714 0.5019047619047619 0.008571428571428572 0.024761904761904763
0 0.4835714285714286 0.5066666666666667 0.011428571428571429 0.02095238095238095
0 0.4521428571428571 0.5157142857142857 0.011428571428571429 0.021904761904761906
0 0.4496428571428571 0.5128571428571429 0.009285714285714286 0.02
0 0.4332142857142857 0.5238095238095238 0.010714285714285714 0.01904761904761905
0 0.43535714285714283 0.4942857142857143 0.0064285714285714285 0.017142857142857144
0 0.4325 0.4919047619047619 0.007857142857142858 0.014285714285714285
0 0.4303571428571429 0.47619047619047616 0.009285714285714286 0.015238095238095238
0 0.41214285714285714 0.539047619047619 0.01 0.02095238095238095
0 0.42392857142857143 0.550952380952381 0.007857142857142858 0.021904761904761906
0 0.5085714285714286 0.5666666666666667 0.014285714285714285 0.024761904761904763
0 0.5064285714285715 0.5595238095238095 0.011428571428571429 0.023809523809523808
0 0.4175 0.5719047619047619 0.009285714285714286 0.023809523809523808
0 0.3889285714285714 0.6076190476190476 0.010714285714285714 0.02666666666666667
0 0.4210714285714286 0.48857142857142855 0.007857142857142858 0.017142857142857144
0 0.34035714285714286 0.7261904761904762 0.015 0.03142857142857143
0 0.2978571428571429 0.7338095238095238 0.014285714285714285 0.029523809523809525
0 0.8367857142857142 0.41619047619047617 0.012142857142857143 0.02095238095238095
0 0.8021428571428572 0.6533333333333333 0.012857142857142857 0.02095238095238095
0 0.8007142857142857 0.65 0.011428571428571429 0.023809523809523808
0 0.8553571428571428 0.6309523809523809 0.015 0.025714285714285714
0 0.8346428571428571 0.5904761904761905 0.015 0.022857142857142857
0 0.8160714285714286 0.5966666666666667 0.013571428571428571 0.023809523809523808
0 0.8392857142857143 0.518095238095238 0.012857142857142857 0.017142857142857144
0 0.8564285714285714 0.47285714285714286 0.008571428571428572 0.01619047619047619
0 0.8721428571428571 0.4742857142857143 0.01 0.02095238095238095
0 0.8771428571428571 0.47 0.008571428571428572 0.02
0 0.8935714285714286 0.46190476190476193 0.011428571428571429 0.017142857142857144
0 0.8953571428571429 0.4766666666666667 0.012142857142857143 0.018095238095238095
0 0.9139285714285714 0.4561904761904762 0.010714285714285714 0.01904761904761905
0 0.9217857142857143 0.4661904761904762 0.012142857142857143 0.018095238095238095
0 0.95 0.45571428571428574 0.01 0.02
0 0.44107142857142856 0.4342857142857143 0.010714285714285714 0.015238095238095238