0 0.65825 0.5303333333333333 0.0115 0.028666666666666667
0 0.72475 0.6176666666666667 0.0165 0.03
0 0.72675 0.6276666666666667 0.0155 0.027333333333333334
0 0.615 0.35833333333333334 0.006 0.015333333333333332
0 0.61575 0.36133333333333334 0.0065 0.016
0 0.54725 0.31333333333333335 0.0045 0.014666666666666666
0 0.58525 0.2673333333333333 0.0045 0.009333333333333334
0 0.58425 0.24233333333333335 0.0035 0.007333333333333333
0 0.58575 0.23 0.0025 0.005333333333333333
0 0.585 0.23133333333333334 0.002 0.005333333333333333
0 0.54875 0.242 0.0035 0.006666666666666667
0 0.55875 0.23766666666666666 0.0025 0.01
0 0.56175 0.238 0.0025 0.008
0 0.607 0.19 0.001 0.004
0 0.45975 0.214 0.0025 0.005333333333333333