0 0.63675 0.8183333333333334 0.0165 0.04733333333333333
0 0.56775 0.605 0.0115 0.043333333333333335
0 0.56775 0.601 0.0075 0.018
0 0.43675 0.449 0.0095 0.023333333333333334
0 0.47325 0.453 0.0105 0.022
0 0.31425 0.27366666666666667 0.0065 0.016666666666666666
0 0.49225 0.287 0.0045 0.020666666666666667
0 0.494 0.29933333333333334 0.005 0.02
0 0.473 0.2886666666666667 0.007 0.021333333333333333
0 0.9445 0.7163333333333334 0.021 0.028666666666666667
0 0.9035 0.6263333333333333 0.015 0.034
0 0.8775 0.6233333333333333 0.018 0.04
0 0.859 0.6223333333333333 0.016 0.042
0 0.811 0.543 0.01 0.03266666666666666
0 0.807 0.5296666666666666 0.012 0.038
0 0.79675 0.5183333333333333 0.0115 0.035333333333333335
0 0.832 0.5393333333333333 0.015 0.036
0 0.836 0.514 0.012 0.036
0 0.8315 0.4653333333333333 0.012 0.034666666666666665
0 0.7995 0.43266666666666664 0.011 0.028
0 0.82925 0.4156666666666667 0.0115 0.03133333333333333
0 0.8365 0.42033333333333334 0.008 0.03
0 0.84675 0.423 0.0105 0.028666666666666667
0 0.8575 0.43366666666666664 0.009 0.03
0 0.86275 0.43966666666666665 0.0105 0.028666666666666667
0 0.86675 0.408 0.0105 0.029333333333333333
0 0.87125 0.43833333333333335 0.0065 0.028666666666666667
0 0.87725 0.43633333333333335 0.0085 0.03133333333333333
0 0.88425 0.41133333333333333 0.0095 0.030666666666666665
0 0.88375 0.4073333333333333 0.0085 0.032
0 0.84725 0.409 0.0065 0.023333333333333334
0 0.846 0.38433333333333336 0.007 0.024666666666666667
0 0.851 0.40166666666666667 0.004 0.014
0 0.8075 0.36233333333333334 0.009 0.028666666666666667
0 0.82075 0.368 0.0095 0.029333333333333333
0 0.8705 0.37566666666666665 0.007 0.024666666666666667
0 0.882 0.37866666666666665 0.008 0.025333333333333333
0 0.84825 0.353 0.0085 0.023333333333333334
0 0.94675 0.30366666666666664 0.0055 0.01
0 0.9365 0.30866666666666664 0.008 0.02
0 0.9205 0.301 0.005 0.015333333333333332
0 0.9155 0.3 0.006 0.018666666666666668
0 0.9265 0.29833333333333334 0.007 0.020666666666666667
0 0.90125 0.304 0.0065 0.02266666666666667
0 0.878 0.3243333333333333 0.009 0.023333333333333334
0 0.88075 0.30433333333333334 0.0065 0.022
0 0.86675 0.32466666666666666 0.0115 0.017333333333333333
0 0.87625 0.31366666666666665 0.0085 0.012666666666666666
0 0.8545 0.28933333333333333 0.005 0.014666666666666666
0 0.857 0.29133333333333333 0.005 0.014666666666666666
0 0.84675 0.2896666666666667 0.0055 0.019333333333333334
0 0.8345 0.29233333333333333 0.007 0.020666666666666667
0 0.827 0.2886666666666667 0.005 0.017333333333333333
0 0.6985 0.3606666666666667 0.007 0.013333333333333334
0 0.69 0.362 0.008 0.017333333333333333
0 0.687 0.3566666666666667 0.01 0.016
0 0.69825 0.35633333333333334 0.0075 0.014
0 0.65775 0.334 0.0075 0.016
0 0.616 0.276 0.005 0.014666666666666666
0 0.62075 0.2853333333333333 0.0065 0.012
0 0.621 0.265 0.005 0.016666666666666666
0 0.6265 0.26033333333333336 0.003 0.016666666666666666
0 0.6355 0.258 0.004 0.016
0 0.6585 0.26366666666666666 0.005 0.016666666666666666
0 0.6435 0.246 0.004 0.012
0 0.657 0.243 0.008 0.018
0 0.583 0.224 0.005 0.013333333333333334
0 0.54625 0.21666666666666667 0.0045 0.013333333333333334
0 0.66825 0.211 0.0035 0.012666666666666666
0 0.66875 0.21433333333333332 0.0035 0.014
0 0.673 0.21666666666666667 0.004 0.013333333333333334
0 0.67625 0.21066666666666667 0.0045 0.013333333333333334
0 0.6775 0.21566666666666667 0.002 0.012666666666666666
0 0.681 0.22133333333333333 0.003 0.012
0 0.6815 0.21633333333333332 0.005 0.011333333333333334
0 0.679 0.21 0.003 0.010666666666666666
0 0.686 0.215 0.005 0.015333333333333332
0 0.69475 0.21966666666666668 0.0055 0.015333333333333332
0 0.689 0.211 0.006 0.014
0 0.694 0.21 0.003 0.008
0 0.697 0.20866666666666667 0.005 0.014666666666666666
0 0.703 0.203 0.005 0.015333333333333332
0 0.706 0.20633333333333334 0.005 0.016666666666666666
0 0.7095 0.21466666666666667 0.003 0.013333333333333334
0 0.72725 0.17433333333333334 0.0035 0.012666666666666666
0 0.73175 0.17466666666666666 0.0045 0.010666666666666666
0 0.73675 0.17533333333333334 0.0035 0.012
0 0.69575 0.15766666666666668 0.0035 0.01
0 0.7215 0.195 0.006 0.015333333333333332
0 0.75575 0.21133333333333335 0.0065 0.014666666666666666
0 0.74875 0.227 0.0045 0.014
0 0.75225 0.23166666666666666 0.0055 0.016666666666666666
0 0.82825 0.22666666666666666 0.0045 0.014666666666666666
0 0.84025 0.227 0.0055 0.01
0 0.839 0.24 0.006 0.014666666666666666
0 0.84625 0.24266666666666667 0.0045 0.014666666666666666
0 0.8405 0.25866666666666666 0.007 0.017333333333333333
0 0.8365 0.25766666666666665 0.006 0.015333333333333332
0 0.82775 0.26166666666666666 0.0055 0.01
0 0.82425 0.25833333333333336 0.0055 0.014
0 0.82675 0.25433333333333336 0.0055 0.014
0 0.81875 0.25333333333333335 0.0055 0.017333333333333333
0 0.823 0.25166666666666665 0.005 0.015333333333333332
0 0.78475 0.2753333333333333 0.0065 0.018666666666666668
0 0.795 0.27566666666666667 0.005 0.016666666666666666
0 0.80025 0.277 0.0055 0.016666666666666666
0 0.80675 0.279 0.0055 0.018
0 0.80975 0.2793333333333333 0.0045 0.016
0 0.82375 0.2803333333333333 0.0045 0.015333333333333332
0 0.822 0.282 0.005 0.016
0 0.81975 0.28 0.0055 0.014666666666666666
0 0.8125 0.2803333333333333 0.006 0.015333333333333332
0 0.7805 0.2836666666666667 0.006 0.011333333333333334
0 0.80425 0.2836666666666667 0.0055 0.011333333333333334