0 0.058297567954220315 0.5205152671755725 0.013590844062947067 0.039122137404580155
0 0.4138054363376252 0.9379770992366412 0.029327610872675252 0.06297709923664122
0 0.5758226037195995 0.7495229007633588 0.01430615164520744 0.05820610687022901
0 0.2932761087267525 0.5973282442748091 0.01430615164520744 0.04389312977099236
0 0.31187410586552217 0.5725190839694656 0.01430615164520744 0.04198473282442748
0 0.5067954220314735 0.6498091603053435 0.013590844062947067 0.04770992366412214
0 0.2821888412017167 0.5901717557251909 0.01072961373390558 0.042938931297709926
0 0.39842632331902716 0.6474236641221374 0.01430615164520744 0.046755725190839696
0 0.4159513590844063 0.6321564885496184 0.013590844062947067 0.042938931297709926
0 0.49356223175965663 0.6450381679389313 0.015736766809728183 0.04770992366412214
0 0.7775393419170243 0.4799618320610687 0.01430615164520744 0.04198473282442748
0 0.4309728183118741 0.6269083969465649 0.012160228898426323 0.04198473282442748
0 0.45243204577968527 0.6502862595419847 0.012160228898426323 0.046755725190839696
0 0.6090844062947067 0.6770038167938931 0.0178826895565093 0.05057251908396947
0 0.907725321888412 0.2838740458015267 0.00715307582260372 0.020038167938931296
0 0.9810443490701002 0.20944656488549618 0.007868383404864092 0.01431297709923664
0 0.9366952789699571 0.191793893129771 0.00357653791130186 0.013358778625954198
0 0.8122317596566524 0.28196564885496184 0.007868383404864092 0.02385496183206107
0 0.8279685264663805 0.2700381679389313 0.006437768240343348 0.015267175572519083