0 0.3492857142857143 0.2633333333333333 0.0014285714285714286 0.008571428571428572
0 0.33 0.22 0.0014285714285714286 0.007619047619047619
0 0.47535714285714287 0.3171428571428571 0.002142857142857143 0.009523809523809525
0 0.4782142857142857 0.31761904761904763 0.002142857142857143 0.008571428571428572
0 0.4828571428571429 0.439047619047619 0.002857142857142857 0.011428571428571429
0 0.42857142857142855 0.42523809523809525 0.002857142857142857 0.008571428571428572
0 0.46035714285714285 0.4838095238095238 0.0035714285714285713 0.011428571428571429
0 0.5975 0.700952380952381 0.0064285714285714285 0.013333333333333334
0 0.32321428571428573 0.8861904761904762 0.0064285714285714285 0.010476190476190476
0 0.32392857142857145 0.2719047619047619 0.0035714285714285713 0.008571428571428572
0 0.3364285714285714 0.24571428571428572 0.002857142857142857 0.007619047619047619
0 0.20357142857142857 0.2219047619047619 0.002857142857142857 0.007619047619047619
0 0.20357142857142857 0.3 0.004285714285714286 0.009523809523809525