0 0.32321428571428573 0.4142857142857143 0.007857142857142858 0.017142857142857144
0 0.4932142857142857 0.47285714285714286 0.0064285714285714285 0.012380952380952381
0 0.5814285714285714 0.18761904761904763 0.005714285714285714 0.009523809523809525
0 0.5521428571428572 0.08666666666666667 0.004285714285714286 0.009523809523809525
0 0.6175 0.04238095238095238 0.0035714285714285713 0.014285714285714285
0 0.5746428571428571 0.005238095238095238 0.005 0.010476190476190476
0 0.6825 0.22285714285714286 0.0035714285714285713 0.015238095238095238
0 0.6689285714285714 0.24428571428571427 0.005 0.010476190476190476
0 0.6814285714285714 0.26095238095238094 0.005714285714285714 0.011428571428571429
0 0.7075 0.3323809523809524 0.0064285714285714285 0.017142857142857144
0 0.7178571428571429 0.4104761904761905 0.005714285714285714 0.009523809523809525
0 0.7142857142857143 0.4542857142857143 0.007142857142857143 0.013333333333333334
0 0.7346428571428572 0.48238095238095235 0.007857142857142858 0.014285714285714285
0 0.7192857142857143 0.52 0.007142857142857143 0.013333333333333334
0 0.7542857142857143 0.5947619047619047 0.007142857142857143 0.012380952380952381
0 0.7435714285714285 0.6852380952380952 0.007142857142857143 0.012380952380952381
0 0.6467857142857143 0.6766666666666666 0.007857142857142858 0.014285714285714285
0 0.6653571428571429 0.7480952380952381 0.009285714285714286 0.014285714285714285
0 0.6642857142857143 0.74 0.005714285714285714 0.011428571428571429
0 0.5989285714285715 0.6628571428571428 0.0064285714285714285 0.017142857142857144
0 0.5939285714285715 0.6719047619047619 0.0035714285714285713 0.012380952380952381
0 0.7714285714285715 0.8019047619047619 0.008571428571428572 0.013333333333333334
0 0.7746428571428572 0.81 0.010714285714285714 0.008571428571428572
0 0.8017857142857143 0.7490476190476191 0.010714285714285714 0.008571428571428572
0 0.8239285714285715 0.7390476190476191 0.009285714285714286 0.015238095238095238
0 0.8353571428571429 0.7452380952380953 0.010714285714285714 0.018095238095238095
0 0.8346428571428571 0.8080952380952381 0.010714285714285714 0.01619047619047619
0 0.5010714285714286 0.6128571428571429 0.009285714285714286 0.02
0 0.5632142857142857 0.37333333333333335 0.0064285714285714285 0.017142857142857144
0 0.9167857142857143 0.9933333333333333 0.012142857142857143 0.013333333333333334