0 0.17607142857142857 0.12 0.012142857142857143 0.03619047619047619
0 0.06785714285714285 0.2342857142857143 0.018571428571428572 0.04380952380952381
0 0.045714285714285714 0.1442857142857143 0.018571428571428572 0.039047619047619046
0 0.2357142857142857 0.26666666666666666 0.015714285714285715 0.0419047619047619
0 0.3175 0.32285714285714284 0.012142857142857143 0.04380952380952381
0 0.3517857142857143 0.2814285714285714 0.009285714285714286 0.03333333333333333
0 0.35428571428571426 0.2742857142857143 0.014285714285714285 0.04
0 0.34 0.38476190476190475 0.014285714285714285 0.05333333333333334
0 0.31607142857142856 0.028095238095238097 0.009285714285714286 0.021904761904761906
0 0.44392857142857145 0.20142857142857143 0.009285714285714286 0.04476190476190476
0 0.49178571428571427 0.2057142857142857 0.009285714285714286 0.02857142857142857
0 0.5214285714285715 0.2019047619047619 0.01 0.04
0 0.5078571428571429 0.18761904761904763 0.01 0.030476190476190476
0 0.5121428571428571 0.17285714285714285 0.011428571428571429 0.03333333333333333
0 0.48857142857142855 0.05857142857142857 0.008571428571428572 0.037142857142857144
0 0.49714285714285716 0.08047619047619048 0.008571428571428572 0.037142857142857144
0 0.5264285714285715 0.11190476190476191 0.01 0.037142857142857144
0 0.5667857142857143 0.1619047619047619 0.012142857142857143 0.024761904761904763
0 0.5482142857142858 0.15 0.010714285714285714 0.037142857142857144
0 0.5560714285714285 0.16952380952380952 0.012142857142857143 0.04
0 0.6157142857142858 0.27095238095238094 0.017142857142857144 0.04476190476190476
0 0.6260714285714286 0.24 0.009285714285714286 0.0380952380952381
0 0.6157142857142858 0.23666666666666666 0.01 0.040952380952380955
0 0.8492857142857143 0.12142857142857143 0.01 0.029523809523809525
0 0.8360714285714286 0.1438095238095238 0.016428571428571428 0.03619047619047619
0 0.6839285714285714 0.3647619047619048 0.013571428571428571 0.022857142857142857
0 0.705 0.36666666666666664 0.014285714285714285 0.0419047619047619
0 0.7242857142857143 0.3457142857142857 0.018571428571428572 0.030476190476190476
0 0.6539285714285714 0.3961904761904762 0.020714285714285713 0.05523809523809524
0 0.6425 0.35285714285714287 0.015 0.05238095238095238
0 0.63 0.3880952380952381 0.015714285714285715 0.054285714285714284
0 0.7628571428571429 0.5204761904761904 0.015714285714285715 0.04857142857142857
0 0.7396428571428572 0.7204761904761905 0.029285714285714286 0.058095238095238096
0 0.6846428571428571 0.5423809523809524 0.013571428571428571 0.040952380952380955
0 0.6921428571428572 0.5638095238095238 0.011428571428571429 0.045714285714285714
0 0.7003571428571429 0.579047619047619 0.017857142857142856 0.049523809523809526
0 0.6810714285714285 0.589047619047619 0.013571428571428571 0.05238095238095238
0 0.6846428571428571 0.6071428571428571 0.023571428571428573 0.054285714285714284
0 0.695 0.6209523809523809 0.017142857142857144 0.06095238095238095
0 0.6657142857142857 0.5861904761904762 0.014285714285714285 0.025714285714285714
0 0.6671428571428571 0.6023809523809524 0.024285714285714285 0.058095238095238096
0 0.7 0.4980952380952381 0.024285714285714285 0.0380952380952381
0 0.9028571428571428 0.7347619047619047 0.027142857142857142 0.04666666666666667
0 0.93 0.8014285714285714 0.04 0.04666666666666667
0 0.9432142857142857 0.9028571428571428 0.03785714285714286 0.05523809523809524