0 0.12035714285714286 0.18210659898477158 0.0035714285714285713 0.011421319796954314
0 0.31857142857142856 0.03680203045685279 0.0014285714285714286 0.005076142131979695
0 0.15785714285714286 0.2626903553299492 0.002857142857142857 0.01015228426395939
0 0.16428571428571428 0.25951776649746194 0.002857142857142857 0.008883248730964468
0 0.14892857142857144 0.2779187817258883 0.0035714285714285713 0.01015228426395939
0 0.1382142857142857 0.2785532994923858 0.005 0.011421319796954314
0 0.14392857142857143 0.2785532994923858 0.0035714285714285713 0.008883248730964468
0 0.16857142857142857 0.2633248730964467 0.002857142857142857 0.008883248730964468
0 0.17035714285714285 0.258248730964467 0.002142857142857143 0.008883248730964468
0 0.14642857142857144 0.2836294416243655 0.002857142857142857 0.006345177664974619
0 0.09464285714285714 0.3153553299492386 0.005 0.013959390862944163
0 0.08178571428571428 0.7550761421319797 0.005 0.015228426395939087
0 0.08 0.7550761421319797 0.004285714285714286 0.012690355329949238
0 0.35535714285714287 0.21637055837563451 0.002142857142857143 0.011421319796954314
0 0.34464285714285714 0.233502538071066 0.0035714285714285713 0.01015228426395939
0 0.34 0.24873096446700507 0.002857142857142857 0.012690355329949238
0 0.335 0.24873096446700507 0.002857142857142857 0.012690355329949238
0 0.3889285714285714 0.2766497461928934 0.005 0.012690355329949238
0 0.3628571428571429 0.26586294416243655 0.002857142857142857 0.011421319796954314
0 0.42214285714285715 0.28426395939086296 0.002857142857142857 0.012690355329949238
0 0.52 0.31916243654822335 0.002857142857142857 0.011421319796954314
0 0.6032142857142857 0.34454314720812185 0.0035714285714285713 0.011421319796954314
0 0.6560714285714285 0.3635786802030457 0.0035714285714285713 0.011421319796954314
0 0.6603571428571429 0.3743654822335025 0.0035714285714285713 0.012690355329949238
0 0.6921428571428572 0.37944162436548223 0.004285714285714286 0.012690355329949238
0 0.8578571428571429 0.4365482233502538 0.004285714285714286 0.01015228426395939
0 0.925 0.46890862944162437 0.004285714285714286 0.013959390862944163