0 0.12 0.6226666666666667 0.007 0.024
0 0.12625 0.621 0.0095 0.026
0 0.12175 0.6123333333333333 0.0065 0.022
0 0.154 0.606 0.006 0.021333333333333333
0 0.16225 0.604 0.0055 0.02
0 0.0505 0.675 0.011 0.035333333333333335
0 0.05825 0.682 0.0105 0.034666666666666665
0 0.05575 0.7803333333333333 0.0175 0.048666666666666664
0 0.19975 0.8443333333333334 0.0235 0.08466666666666667
0 0.54725 0.713 0.0145 0.051333333333333335
0 0.769 0.8446666666666667 0.024 0.07466666666666667
0 0.99725 0.6523333333333333 0.0055 0.035333333333333335