0 0.4675 0.21666666666666667 0.0035714285714285713 0.008571428571428572
0 0.45785714285714285 0.22285714285714286 0.004285714285714286 0.009523809523809525
0 0.4732142857142857 0.2123809523809524 0.002142857142857143 0.007619047619047619
0 0.4042857142857143 0.3380952380952381 0.002857142857142857 0.015238095238095238
0 0.38107142857142856 0.38142857142857145 0.0035714285714285713 0.01619047619047619
0 0.40535714285714286 0.3142857142857143 0.0035714285714285713 0.013333333333333334
0 0.6810714285714285 0.4723809523809524 0.0064285714285714285 0.015238095238095238
0 0.6728571428571428 0.46904761904761905 0.005714285714285714 0.010476190476190476
0 0.6567857142857143 0.4695238095238095 0.005 0.011428571428571429
0 0.6264285714285714 0.37857142857142856 0.002857142857142857 0.006666666666666667
0 0.6182142857142857 0.35904761904761906 0.002142857142857143 0.007619047619047619
0 0.6257142857142857 0.3595238095238095 0.004285714285714286 0.008571428571428572
0 0.5685714285714286 0.21571428571428572 0.004285714285714286 0.004761904761904762
0 0.545 0.23 0.004285714285714286 0.006666666666666667
0 0.5475 0.17238095238095238 0.002142857142857143 0.0038095238095238095
0 0.5532142857142858 0.1819047619047619 0.002142857142857143 0.005714285714285714
0 0.6703571428571429 0.21095238095238095 0.005 0.014285714285714285
0 0.6642857142857143 0.20952380952380953 0.005714285714285714 0.011428571428571429
0 0.5903571428571428 0.2642857142857143 0.002142857142857143 0.004761904761904762
0 0.5839285714285715 0.26571428571428574 0.0035714285714285713 0.005714285714285714