0 0.04525 0.364 0.0105 0.02266666666666667
0 0.07 0.37066666666666664 0.011 0.025333333333333333
0 0.12425 0.35 0.0095 0.02266666666666667
0 0.32225 0.414 0.0085 0.02666666666666667
0 0.35825 0.263 0.0065 0.012666666666666666
0 0.39375 0.24166666666666667 0.0055 0.011333333333333334
0 0.51225 0.18566666666666667 0.0035 0.011333333333333334
0 0.5155 0.193 0.003 0.012666666666666666
0 0.52125 0.18533333333333332 0.0035 0.012
0 0.524 0.201 0.004 0.011333333333333334
0 0.52675 0.20066666666666666 0.0045 0.012
0 0.81675 0.18466666666666667 0.0045 0.010666666666666666
0 0.81375 0.16966666666666666 0.0035 0.011333333333333334
0 0.79925 0.16666666666666666 0.0025 0.010666666666666666
0 0.789 0.21866666666666668 0.004 0.010666666666666666
0 0.7755 0.21766666666666667 0.005 0.01
0 0.7095 0.5783333333333334 0.015 0.04066666666666666
0 0.7135 0.533 0.015 0.026
0 0.69575 0.528 0.0135 0.018666666666666668
0 0.65225 0.5103333333333333 0.0105 0.023333333333333334
0 0.5975 0.5063333333333333 0.012 0.03133333333333333
0 0.569 0.5573333333333333 0.014 0.03333333333333333
0 0.5635 0.599 0.013 0.03933333333333333
0 0.501 0.563 0.01 0.03933333333333333
0 0.525 0.539 0.01 0.03266666666666666
0 0.43575 0.49033333333333334 0.0085 0.03
0 0.39725 0.47 0.0105 0.029333333333333333
0 0.39075 0.457 0.0085 0.027333333333333334
0 0.3805 0.4666666666666667 0.01 0.030666666666666665
0 0.375 0.45966666666666667 0.01 0.03266666666666666