0 0.10214285714285715 0.041428571428571426 0.011428571428571429 0.029523809523809525
0 0.11285714285714285 0.04238095238095238 0.011428571428571429 0.023809523809523808
0 0.10678571428571429 0.07380952380952381 0.010714285714285714 0.029523809523809525
0 0.11571428571428571 0.07333333333333333 0.011428571428571429 0.03238095238095238
0 0.14 0.10476190476190476 0.007142857142857143 0.03238095238095238
0 0.4057142857142857 0.12857142857142856 0.008571428571428572 0.02095238095238095
0 0.43107142857142855 0.36904761904761907 0.012142857142857143 0.03333333333333333
0 0.56 0.16476190476190475 0.007142857142857143 0.02666666666666667
0 0.5746428571428571 0.15619047619047619 0.007857142857142858 0.024761904761904763
0 0.5642857142857143 0.15761904761904763 0.007142857142857143 0.021904761904761906
0 0.6182142857142857 0.08523809523809524 0.005 0.014285714285714285
0 0.6264285714285714 0.0838095238095238 0.008571428571428572 0.02095238095238095
0 0.7675 0.4147619047619048 0.019285714285714285 0.037142857142857144
0 0.6939285714285715 0.4328571428571429 0.017857142857142856 0.04857142857142857
0 0.6082142857142857 0.6033333333333334 0.019285714285714285 0.06380952380952382
0 0.9864285714285714 0.5766666666666667 0.025714285714285714 0.05619047619047619