0 0.2892857142857143 0.043333333333333335 0.002857142857142857 0.006666666666666667
0 0.3192857142857143 0.07523809523809524 0.004285714285714286 0.011428571428571429
0 0.35214285714285715 0.13666666666666666 0.002857142857142857 0.012380952380952381
0 0.3003571428571429 0.21761904761904763 0.002142857142857143 0.012380952380952381
0 0.28714285714285714 0.21761904761904763 0.002857142857142857 0.010476190476190476
0 0.28 0.2138095238095238 0.002857142857142857 0.008571428571428572
0 0.2839285714285714 0.16952380952380952 0.002142857142857143 0.009523809523809525
0 0.28 0.17 0.002857142857142857 0.008571428571428572
0 0.3132142857142857 0.2342857142857143 0.0035714285714285713 0.013333333333333334
0 0.2817857142857143 0.23857142857142857 0.002142857142857143 0.010476190476190476
0 0.3067857142857143 0.34285714285714286 0.0035714285714285713 0.013333333333333334
0 0.3082142857142857 0.36142857142857143 0.0035714285714285713 0.01619047619047619
0 0.27535714285714286 0.23238095238095238 0.002142857142857143 0.009523809523809525
0 0.2725 0.2138095238095238 0.002142857142857143 0.008571428571428572
0 0.26071428571428573 0.38904761904761903 0.002857142857142857 0.012380952380952381
0 0.2785714285714286 0.53 0.005714285714285714 0.01619047619047619
0 0.38285714285714284 0.4014285714285714 0.004285714285714286 0.021904761904761906
0 0.4089285714285714 0.12047619047619047 0.002142857142857143 0.010476190476190476
0 0.5060714285714286 0.19142857142857142 0.0035714285714285713 0.011428571428571429
0 0.5017857142857143 0.19285714285714287 0.002142857142857143 0.008571428571428572
0 0.4957142857142857 0.19380952380952382 0.002857142857142857 0.010476190476190476
0 0.6064285714285714 0.370952380952381 0.004285714285714286 0.01619047619047619