0 0.3821428571428571 0.5488578680203046 0.005714285714285714 0.011421319796954314
0 0.3917857142857143 0.5596446700507615 0.005 0.01015228426395939
0 0.3575 0.7588832487309645 0.009285714285714286 0.012690355329949238
0 0.3653571428571429 0.7411167512690355 0.007857142857142858 0.012690355329949238
0 0.37607142857142856 0.7144670050761421 0.005 0.012690355329949238
0 0.37 0.6878172588832487 0.005714285714285714 0.01015228426395939
0 0.36964285714285716 0.6446700507614214 0.005 0.01015228426395939
0 0.3525 0.748730964467005 0.0064285714285714285 0.012690355329949238
0 0.355 0.7265228426395939 0.005714285714285714 0.011421319796954314
0 0.3467857142857143 0.7271573604060914 0.0064285714285714285 0.012690355329949238
0 0.35714285714285715 0.7049492385786802 0.007142857142857143 0.013959390862944163
0 0.3517857142857143 0.6713197969543148 0.007857142857142858 0.015228426395939087
0 0.32 0.557741116751269 0.005714285714285714 0.011421319796954314
0 0.5428571428571428 0.5875634517766497 0.005714285714285714 0.012690355329949238
0 0.4710714285714286 0.3883248730964467 0.0064285714285714285 0.012690355329949238
0 0.45285714285714285 0.31916243654822335 0.004285714285714286 0.01649746192893401
0 0.4625 0.26015228426395937 0.005 0.012690355329949238
0 0.4564285714285714 0.25253807106598986 0.004285714285714286 0.01015228426395939
0 0.46964285714285714 0.1351522842639594 0.005 0.011421319796954314
0 0.46035714285714285 0.09073604060913705 0.0064285714285714285 0.01649746192893401
0 0.4660714285714286 0.09073604060913705 0.005 0.01649746192893401
0 0.45714285714285713 0.038705583756345176 0.005714285714285714 0.01649746192893401