0 0.045714285714285714 0.5657142857142857 0.02142857142857143 0.013333333333333334
0 0.44642857142857145 0.5657142857142857 0.007142857142857143 0.011428571428571429
0 0.4514285714285714 0.5695238095238095 0.005714285714285714 0.011428571428571429
0 0.45714285714285713 0.5676190476190476 0.005714285714285714 0.013333333333333334
0 0.41928571428571426 0.4442857142857143 0.008571428571428572 0.008571428571428572
0 0.4089285714285714 0.4442857142857143 0.0064285714285714285 0.008571428571428572
0 0.5067857142857143 0.3914285714285714 0.0064285714285714285 0.011428571428571429
0 0.9342857142857143 0.3057142857142857 0.015714285714285715 0.013333333333333334
0 0.45357142857142857 0.8271428571428572 0.008571428571428572 0.014285714285714285
0 0.5189285714285714 0.8023809523809524 0.007857142857142858 0.01619047619047619
0 0.5328571428571428 0.780952380952381 0.005714285714285714 0.011428571428571429
0 0.43107142857142855 0.679047619047619 0.007857142857142858 0.011428571428571429
0 0.4060714285714286 0.4585714285714286 0.009285714285714286 0.012380952380952381
0 0.6085714285714285 0.559047619047619 0.01 0.011428571428571429
0 0.6014285714285714 0.5366666666666666 0.012857142857142857 0.012380952380952381
0 0.6467857142857143 0.4780952380952381 0.010714285714285714 0.009523809523809525
0 0.6932142857142857 0.45476190476190476 0.010714285714285714 0.012380952380952381
0 0.7442857142857143 0.4585714285714286 0.01 0.010476190476190476
0 0.9807142857142858 0.5514285714285714 0.011428571428571429 0.009523809523809525
0 0.4175 0.5719047619047619 0.0064285714285714285 0.008571428571428572