0 0.020714285714285713 0.3757142857142857 0.025714285714285714 0.05619047619047619
0 0.21964285714285714 0.43857142857142856 0.02214285714285714 0.05047619047619047
0 0.15178571428571427 0.4442857142857143 0.016428571428571428 0.039047619047619046
0 0.16035714285714286 0.4442857142857143 0.020714285714285713 0.05619047619047619
0 0.7260714285714286 0.5009523809523809 0.017857142857142856 0.05523809523809524
0 0.5978571428571429 0.7385714285714285 0.022857142857142857 0.058095238095238096
0 0.6892857142857143 0.7761904761904762 0.022857142857142857 0.05523809523809524
0 0.755 0.6228571428571429 0.024285714285714285 0.04
0 0.7632142857142857 0.719047619047619 0.02214285714285714 0.05523809523809524
0 0.8067857142857143 0.7752380952380953 0.023571428571428573 0.05333333333333334
0 0.7685714285714286 0.7595238095238095 0.03 0.06952380952380953
0 0.7503571428571428 0.6585714285714286 0.03357142857142857 0.054285714285714284
0 0.8703571428571428 0.770952380952381 0.03785714285714286 0.07142857142857142
0 0.8789285714285714 0.5866666666666667 0.023571428571428573 0.047619047619047616
0 0.86 0.6109523809523809 0.024285714285714285 0.06
0 0.5342857142857143 0.7433333333333333 0.027142857142857142 0.05238095238095238
0 0.7989285714285714 0.24523809523809523 0.012142857142857143 0.040952380952380955