0 0.8246428571428571 0.559010152284264 0.0064285714285714285 0.011421319796954314
0 0.6242857142857143 0.5894670050761421 0.005714285714285714 0.008883248730964468
0 0.6510714285714285 0.4276649746192893 0.0064285714285714285 0.01015228426395939
0 0.6378571428571429 0.5926395939086294 0.002857142857142857 0.007614213197969543
0 0.6471428571428571 0.5920050761421319 0.002857142857142857 0.008883248730964468
0 0.6007142857142858 0.2918781725888325 0.002857142857142857 0.01015228426395939
0 0.6046428571428571 0.2880710659898477 0.0035714285714285713 0.01015228426395939
0 0.6078571428571429 0.28743654822335024 0.004285714285714286 0.013959390862944163
0 0.6128571428571429 0.28743654822335024 0.002857142857142857 0.008883248730964468
0 0.8078571428571428 0.1065989847715736 0.005714285714285714 0.012690355329949238
0 0.8178571428571428 0.10279187817258884 0.005714285714285714 0.012690355329949238