0 0.7345 0.4776666666666667 0.027 0.056666666666666664
0 0.594 0.6263333333333333 0.02 0.04733333333333333
0 0.62025 0.66 0.0175 0.04533333333333334
0 0.4465 0.438 0.02 0.050666666666666665
0 0.30425 0.462 0.0225 0.04533333333333334
0 0.646 0.38966666666666666 0.016 0.05266666666666667
0 0.63325 0.404 0.0165 0.03866666666666667
0 0.6265 0.3576666666666667 0.014 0.043333333333333335
0 0.61025 0.433 0.0125 0.051333333333333335
0 0.6235 0.449 0.01 0.023333333333333334
0 0.8645 0.4756666666666667 0.028 0.05266666666666667
0 0.8925 0.49666666666666665 0.033 0.04533333333333334
0 0.89575 0.486 0.0115 0.024
0 0.38325 0.6866666666666666 0.0195 0.042666666666666665
0 0.43575 0.685 0.0195 0.038
0 0.88975 0.4663333333333333 0.0175 0.05533333333333333