0 0.9014285714285715 0.24555837563451777 0.012857142857142857 0.03934010152284264
0 0.8957142857142857 0.23794416243654823 0.014285714285714285 0.03680203045685279
0 0.8921428571428571 0.22906091370558376 0.011428571428571429 0.03426395939086294
0 0.7303571428571428 0.05456852791878172 0.009285714285714286 0.03807106598984772
0 0.8125 0.0133248730964467 0.009285714285714286 0.0266497461928934
0 0.7471428571428571 0.23096446700507614 0.012857142857142857 0.03553299492385787
0 0.6553571428571429 0.17703045685279187 0.012142857142857143 0.031725888324873094
0 0.5503571428571429 0.14657360406091371 0.009285714285714286 0.03680203045685279
0 0.46 0.15862944162436549 0.008571428571428572 0.03807106598984772
0 0.365 0.13578680203045684 0.011428571428571429 0.03299492385786802
0 0.3657142857142857 0.12373096446700507 0.01 0.031725888324873094
0 0.3075 0.12246192893401016 0.009285714285714286 0.03426395939086294
0 0.25857142857142856 0.10406091370558376 0.011428571428571429 0.03553299492385787