0 0.3871428571428571 0.048095238095238094 0.005714285714285714 0.012380952380952381
0 0.3942857142857143 0.047142857142857146 0.005714285714285714 0.012380952380952381
0 0.4185714285714286 0.04 0.004285714285714286 0.011428571428571429
0 0.42714285714285716 0.6347619047619047 0.005714285714285714 0.008571428571428572
0 0.4332142857142857 0.6376190476190476 0.0035714285714285713 0.006666666666666667
0 0.45714285714285713 0.7723809523809524 0.004285714285714286 0.013333333333333334
0 0.465 0.7733333333333333 0.004285714285714286 0.009523809523809525
0 0.4614285714285714 0.7380952380952381 0.004285714285714286 0.007619047619047619
0 0.645 0.9742857142857143 0.005714285714285714 0.011428571428571429
0 0.6035714285714285 0.6647619047619048 0.004285714285714286 0.007619047619047619
0 0.5264285714285715 0.5933333333333334 0.004285714285714286 0.005714285714285714
0 0.5828571428571429 0.589047619047619 0.005714285714285714 0.006666666666666667
0 0.5417857142857143 0.6128571428571429 0.005 0.006666666666666667
0 0.5475 0.6133333333333333 0.0035714285714285713 0.005714285714285714