0 0.5153571428571428 0.439047619047619 0.0064285714285714285 0.015238095238095238
0 0.5207142857142857 0.45095238095238094 0.007142857142857143 0.02
0 0.5521428571428572 0.49142857142857144 0.011428571428571429 0.015238095238095238
0 0.5214285714285715 0.9828571428571429 0.01 0.01904761904761905
0 0.6367857142857143 0.9933333333333333 0.012142857142857143 0.013333333333333334
0 0.6246428571428572 0.98 0.012142857142857143 0.013333333333333334
0 0.295 0.9128571428571428 0.015714285714285715 0.02
0 0.3314285714285714 0.9214285714285714 0.014285714285714285 0.01619047619047619
0 0.32357142857142857 0.93 0.01 0.014285714285714285
0 0.4514285714285714 0.8514285714285714 0.012857142857142857 0.01904761904761905
0 0.5132142857142857 0.7376190476190476 0.010714285714285714 0.01619047619047619
0 0.4953571428571429 0.789047619047619 0.012142857142857143 0.01619047619047619
0 0.545 0.5233333333333333 0.014285714285714285 0.01619047619047619
0 0.6103571428571428 0.6904761904761905 0.013571428571428571 0.017142857142857144
0 0.7057142857142857 0.6895238095238095 0.015714285714285715 0.01904761904761905
0 0.7717857142857143 0.6176190476190476 0.010714285714285714 0.01619047619047619
0 0.6078571428571429 0.46 0.01 0.015238095238095238
0 0.6235714285714286 0.4519047619047619 0.01 0.014285714285714285
0 0.6846428571428571 0.589047619047619 0.009285714285714286 0.014285714285714285
0 0.6989285714285715 0.6138095238095238 0.015 0.01619047619047619
0 0.8396428571428571 0.6238095238095238 0.012142857142857143 0.017142857142857144
0 0.7082142857142857 0.8580952380952381 0.012142857142857143 0.01904761904761905
0 0.9585714285714285 0.14523809523809525 0.017142857142857144 0.023809523809523808
0 0.22357142857142856 0.6461904761904762 0.011428571428571429 0.01619047619047619
0 0.45535714285714285 0.9776190476190476 0.015 0.01619047619047619