0 0.33035714285714285 0.012380952380952381 0.0035714285714285713 0.015238095238095238
0 0.3417857142857143 0.07428571428571429 0.005 0.017142857142857144
0 0.3242857142857143 0.004761904761904762 0.002857142857142857 0.009523809523809525
0 0.31285714285714283 0.41523809523809524 0.004285714285714286 0.02095238095238095
0 0.3171428571428571 0.41095238095238096 0.004285714285714286 0.021904761904761906
0 0.33785714285714286 0.7880952380952381 0.005714285714285714 0.021904761904761906
0 0.3435714285714286 0.79 0.002857142857142857 0.021904761904761906
0 0.35 0.7719047619047619 0.002857142857142857 0.018095238095238095
0 0.355 0.78 0.002857142857142857 0.022857142857142857
0 0.36428571428571427 0.7790476190476191 0.007142857142857143 0.02666666666666667
0 0.36 0.8404761904761905 0.004285714285714286 0.02761904761904762
0 0.35464285714285715 0.830952380952381 0.005 0.02
0 0.42214285714285715 0.7766666666666666 0.007142857142857143 0.03142857142857143
0 0.41214285714285714 0.7847619047619048 0.007142857142857143 0.030476190476190476
0 0.4092857142857143 0.6228571428571429 0.004285714285714286 0.022857142857142857
0 0.4135714285714286 0.6257142857142857 0.004285714285714286 0.022857142857142857
0 0.40035714285714286 0.6271428571428571 0.007857142857142858 0.03142857142857143
0 0.34785714285714286 0.0719047619047619 0.002857142857142857 0.010476190476190476
0 0.5171428571428571 0.02761904761904762 0.004285714285714286 0.013333333333333334
0 0.49785714285714283 0.043333333333333335 0.002857142857142857 0.012380952380952381
0 0.5892857142857143 0.06952380952380953 0.002857142857142857 0.011428571428571429
0 0.5764285714285714 0.11714285714285715 0.004285714285714286 0.013333333333333334
0 0.5707142857142857 0.11904761904761904 0.002857142857142857 0.011428571428571429
0 0.41035714285714286 0.17047619047619048 0.0035714285714285713 0.015238095238095238
0 0.4878571428571429 0.22285714285714286 0.007142857142857143 0.01904761904761905
0 0.5035714285714286 0.13047619047619047 0.004285714285714286 0.01904761904761905
0 0.5089285714285714 0.13095238095238096 0.0035714285714285713 0.014285714285714285
0 0.5092857142857142 0.3333333333333333 0.007142857142857143 0.017142857142857144
0 0.6814285714285714 0.22904761904761906 0.002857142857142857 0.01619047619047619
0 0.6878571428571428 0.2604761904761905 0.002857142857142857 0.01619047619047619
0 0.6592857142857143 0.25666666666666665 0.004285714285714286 0.01619047619047619
0 0.6707142857142857 0.15333333333333332 0.002857142857142857 0.013333333333333334
0 0.6975 0.940952380952381 0.0064285714285714285 0.013333333333333334
0 0.7303571428571428 0.2866666666666667 0.005 0.017142857142857144
0 0.7032142857142857 0.22428571428571428 0.005 0.014285714285714285
0 0.6971428571428572 0.2623809523809524 0.004285714285714286 0.014285714285714285
0 0.6964285714285714 0.21571428571428572 0.005714285714285714 0.018095238095238095
0 0.7585714285714286 0.2795238095238095 0.002857142857142857 0.01619047619047619
0 0.7514285714285714 0.2761904761904762 0.002857142857142857 0.009523809523809525
0 0.7507142857142857 0.30142857142857143 0.007142857142857143 0.02
0 0.8146428571428571 0.8842857142857142 0.0064285714285714285 0.012380952380952381
0 0.8325 0.8985714285714286 0.0064285714285714285 0.01619047619047619