0 0.5675 0.7242857142857143 0.005 0.01619047619047619
0 0.5764285714285714 0.7242857142857143 0.004285714285714286 0.01619047619047619
0 0.5453571428571429 0.18333333333333332 0.0064285714285714285 0.03142857142857143
0 0.5496428571428571 0.19952380952380952 0.0035714285714285713 0.01619047619047619
0 0.5560714285714285 0.19904761904761906 0.005 0.02666666666666667
0 0.675 0.8366666666666667 0.018571428571428572 0.025714285714285714
0 0.8896428571428572 0.32 0.025 0.02666666666666667
0 0.93 0.33476190476190476 0.018571428571428572 0.023809523809523808
0 0.9382142857142857 0.32142857142857145 0.016428571428571428 0.02
0 0.8417857142857142 0.11095238095238096 0.013571428571428571 0.025714285714285714
0 0.8989285714285714 0.12904761904761905 0.017857142857142856 0.03333333333333333
0 0.12678571428571428 0.020476190476190478 0.015 0.025714285714285714
0 0.095 0.05619047619047619 0.015714285714285715 0.02857142857142857