0 0.05964285714285714 0.7233333333333334 0.02642857142857143 0.06380952380952382
0 0.23357142857142857 0.5380952380952381 0.014285714285714285 0.030476190476190476
0 0.3560714285714286 0.4861904761904762 0.013571428571428571 0.040952380952380955
0 0.6042857142857143 0.6842857142857143 0.017142857142857144 0.06571428571428571
0 0.49142857142857144 0.5338095238095238 0.005714285714285714 0.035238095238095235
0 0.49892857142857144 0.5328571428571428 0.009285714285714286 0.029523809523809525
0 0.6539285714285714 0.5114285714285715 0.013571428571428571 0.049523809523809526
0 0.9335714285714286 0.6623809523809524 0.015714285714285715 0.04666666666666667
0 0.9435714285714286 0.66 0.007142857142857143 0.03428571428571429
0 0.5475 0.45571428571428574 0.010714285714285714 0.035238095238095235
0 0.24571428571428572 0.46 0.008571428571428572 0.03238095238095238
0 0.3225 0.4542857142857143 0.0064285714285714285 0.02666666666666667
0 0.33071428571428574 0.4542857142857143 0.007142857142857143 0.024761904761904763
0 0.2910714285714286 0.4176190476190476 0.010714285714285714 0.040952380952380955
0 0.2767857142857143 0.4704761904761905 0.013571428571428571 0.0419047619047619
0 0.31892857142857145 0.31666666666666665 0.0064285714285714285 0.02761904761904762
0 0.5132142857142857 0.4123809523809524 0.007857142857142858 0.02095238095238095
0 0.5778571428571428 0.3757142857142857 0.007142857142857143 0.03142857142857143
0 0.5867857142857142 0.3738095238095238 0.0064285714285714285 0.029523809523809525
0 0.5910714285714286 0.38142857142857145 0.0064285714285714285 0.029523809523809525
0 0.6632142857142858 0.46523809523809523 0.009285714285714286 0.040952380952380955
0 0.5592857142857143 0.34285714285714286 0.004285714285714286 0.022857142857142857
0 0.5639285714285714 0.3442857142857143 0.005 0.023809523809523808
0 0.5214285714285715 0.3319047619047619 0.005714285714285714 0.021904761904761906
0 0.5342857142857143 0.32666666666666666 0.005714285714285714 0.02666666666666667
0 0.5667857142857143 0.3242857142857143 0.009285714285714286 0.025714285714285714
0 0.5667857142857143 0.30142857142857143 0.007857142857142858 0.025714285714285714
0 0.5464285714285714 0.3076190476190476 0.005714285714285714 0.01904761904761905
0 0.36857142857142855 0.2733333333333333 0.005714285714285714 0.024761904761904763
0 0.39035714285714285 0.2680952380952381 0.005 0.023809523809523808
0 0.39964285714285713 0.2714285714285714 0.005 0.02095238095238095
0 0.40285714285714286 0.26857142857142857 0.005714285714285714 0.02666666666666667
0 0.2860714285714286 0.2619047619047619 0.0035714285714285713 0.022857142857142857
0 0.4967857142857143 0.22285714285714286 0.0035714285714285713 0.015238095238095238
0 0.5039285714285714 0.2219047619047619 0.002142857142857143 0.011428571428571429
0 0.7407142857142858 0.44285714285714284 0.014285714285714285 0.022857142857142857
0 0.7889285714285714 0.46523809523809523 0.010714285714285714 0.03333333333333333
0 0.9110714285714285 0.5214285714285715 0.013571428571428571 0.021904761904761906
0 0.56 0.21 0.002857142857142857 0.010476190476190476