0 0.81 0.6147619047619047 0.01 0.010476190476190476
0 0.7817857142857143 0.16 0.009285714285714286 0.015238095238095238
0 0.7842857142857143 0.12333333333333334 0.012857142857142857 0.018095238095238095
0 0.7507142857142857 0.14238095238095239 0.01 0.021904761904761906
0 0.7064285714285714 0.1976190476190476 0.01 0.02
0 0.5514285714285714 0.2561904761904762 0.012857142857142857 0.015238095238095238
0 0.5675 0.14523809523809525 0.0064285714285714285 0.014285714285714285
0 0.485 0.07857142857142857 0.01 0.014285714285714285
0 0.4828571428571429 0.035238095238095235 0.007142857142857143 0.01904761904761905
0 0.33107142857142857 0.8942857142857142 0.009285714285714286 0.017142857142857144
0 0.33 0.800952380952381 0.01 0.011428571428571429
0 0.32 0.799047619047619 0.008571428571428572 0.011428571428571429
0 0.7907142857142857 0.9371428571428572 0.008571428571428572 0.017142857142857144
0 0.7610714285714286 0.8233333333333334 0.013571428571428571 0.012380952380952381
0 0.7557142857142857 0.8114285714285714 0.01 0.011428571428571429