0 0.22678571428571428 0.0919047619047619 0.010714285714285714 0.014285714285714285
0 0.3821428571428571 0.14047619047619048 0.004285714285714286 0.012380952380952381
0 0.38642857142857145 0.14095238095238094 0.004285714285714286 0.015238095238095238
0 0.4089285714285714 0.33476190476190476 0.0064285714285714285 0.018095238095238095
0 0.5585714285714286 0.14809523809523809 0.005714285714285714 0.018095238095238095
0 0.5603571428571429 0.14285714285714285 0.0064285714285714285 0.015238095238095238
0 0.5528571428571428 0.11904761904761904 0.004285714285714286 0.02095238095238095
0 0.5596428571428571 0.11142857142857143 0.007857142857142858 0.02095238095238095
0 0.5796428571428571 0.1357142857142857 0.005 0.018095238095238095
0 0.5810714285714286 0.13047619047619047 0.0035714285714285713 0.01904761904761905
0 0.6614285714285715 0.17809523809523808 0.004285714285714286 0.02095238095238095