0 0.31607142857142856 0.5939086294416244 0.010714285714285714 0.017766497461928935
0 0.32142857142857145 0.6097715736040609 0.011428571428571429 0.021573604060913704
0 0.2417857142857143 0.29124365482233505 0.005 0.01649746192893401
0 0.23607142857142857 0.30583756345177665 0.005 0.02030456852791878
0 0.23392857142857143 0.2956852791878173 0.0035714285714285713 0.015228426395939087
0 0.14857142857142858 0.20812182741116753 0.004285714285714286 0.015228426395939087
0 0.0075 0.13769035532994925 0.0035714285714285713 0.011421319796954314
0 0.02642857142857143 0.4130710659898477 0.005714285714285714 0.01903553299492386
0 0.0275 0.44543147208121825 0.0064285714285714285 0.02284263959390863
0 0.052142857142857144 0.6516497461928934 0.01 0.0266497461928934
0 0.035 0.7823604060913706 0.008571428571428572 0.031725888324873094
0 0.04535714285714286 0.5691624365482234 0.0064285714285714285 0.021573604060913704
0 0.0225 0.4067258883248731 0.0064285714285714285 0.01903553299492386
0 0.037142857142857144 0.6878172588832487 0.01 0.030456852791878174
0 0.06821428571428571 0.7011421319796954 0.009285714285714286 0.03934010152284264
0 0.3889285714285714 0.9073604060913706 0.010714285714285714 0.04314720812182741
0 0.6775 0.5456852791878173 0.009285714285714286 0.03299492385786802
0 0.7353571428571428 0.5520304568527918 0.0064285714285714285 0.03807106598984772
0 0.7392857142857143 0.48413705583756345 0.01 0.03426395939086294
0 0.4992857142857143 0.4860406091370558 0.007142857142857143 0.03299492385786802
0 0.6146428571428572 0.4067258883248731 0.005 0.0266497461928934
0 0.6210714285714286 0.40482233502538073 0.0064285714285714285 0.027918781725888325
0 0.5953571428571428 0.36421319796954316 0.005 0.02284263959390863
0 0.5814285714285714 0.366751269035533 0.005714285714285714 0.02284263959390863
0 0.8157142857142857 0.36928934010152287 0.004285714285714286 0.02284263959390863
0 0.8121428571428572 0.366751269035533 0.007142857142857143 0.027918781725888325
0 0.8275 0.37246192893401014 0.0064285714285714285 0.024111675126903553
0 0.8285714285714286 0.36548223350253806 0.005714285714285714 0.030456852791878174
0 0.7414285714285714 0.29949238578680204 0.002857142857142857 0.02284263959390863
0 0.5371428571428571 0.7290609137055838 0.011428571428571429 0.044416243654822336
0 0.48178571428571426 0.9625634517766497 0.007857142857142858 0.04187817258883249
0 0.4714285714285714 0.9809644670050761 0.01 0.03553299492385787
0 0.4642857142857143 0.9860406091370558 0.008571428571428572 0.025380710659898477
0 0.4882142857142857 0.9898477157360406 0.007857142857142858 0.017766497461928935