0 0.35035714285714287 0.9042857142857142 0.015 0.02
0 0.3975 0.8847619047619047 0.013571428571428571 0.02095238095238095
0 0.03357142857142857 0.9880952380952381 0.02142857142857143 0.014285714285714285
0 0.03678571428571428 0.8847619047619047 0.019285714285714285 0.011428571428571429
0 0.05821428571428571 0.7052380952380952 0.013571428571428571 0.01619047619047619
0 0.5753571428571429 0.7176190476190476 0.013571428571428571 0.018095238095238095
0 0.9682142857142857 0.9452380952380952 0.017857142857142856 0.021904761904761906
0 0.8435714285714285 0.4266666666666667 0.011428571428571429 0.017142857142857144
0 0.7546428571428572 0.43714285714285717 0.013571428571428571 0.017142857142857144
0 0.7732142857142857 0.39476190476190476 0.010714285714285714 0.01619047619047619
0 0.8060714285714285 0.31761904761904763 0.009285714285714286 0.01619047619047619
0 0.5407142857142857 0.38476190476190475 0.007142857142857143 0.011428571428571429
0 0.5617857142857143 0.3161904761904762 0.010714285714285714 0.017142857142857144
0 0.4110714285714286 0.04047619047619048 0.007857142857142858 0.025714285714285714
0 0.4235714285714286 0.46190476190476193 0.008571428571428572 0.017142857142857144
0 0.027142857142857142 0.4785714285714286 0.02142857142857143 0.021904761904761906