0 0.019285714285714285 0.22271573604060912 0.015714285714285715 0.0266497461928934
0 0.09785714285714285 0.29251269035532995 0.011428571428571429 0.01903553299492386
0 0.2842857142857143 0.4815989847715736 0.011428571428571429 0.0266497461928934
0 0.33214285714285713 0.5158629441624365 0.011428571428571429 0.0266497461928934
0 0.2835714285714286 0.524746192893401 0.011428571428571429 0.024111675126903553
0 0.8164285714285714 0.02982233502538071 0.008571428571428572 0.031725888324873094
0 0.7882142857142858 0.15038071065989847 0.010714285714285714 0.031725888324873094
0 0.8067857142857143 0.15355329949238578 0.012142857142857143 0.030456852791878174
0 0.8257142857142857 0.08439086294416244 0.011428571428571429 0.031725888324873094
0 0.7239285714285715 0.22144670050761422 0.010714285714285714 0.02918781725888325
0 0.7285714285714285 0.22588832487309646 0.011428571428571429 0.027918781725888325
0 0.8467857142857143 0.13705583756345177 0.016428571428571428 0.02030456852791878
0 0.7157142857142857 0.5298223350253807 0.01 0.02918781725888325
0 0.7039285714285715 0.5133248730964467 0.007857142857142858 0.01649746192893401