0 0.28035714285714286 0.5290476190476191 0.007857142857142858 0.023809523809523808
0 0.34785714285714286 0.5285714285714286 0.005714285714285714 0.02095238095238095
0 0.3078571428571429 0.5552380952380952 0.007142857142857143 0.02095238095238095
0 0.35035714285714287 0.6266666666666667 0.0064285714285714285 0.02666666666666667
0 0.3325 0.6242857142857143 0.007857142857142858 0.025714285714285714
0 0.34214285714285714 0.6271428571428571 0.007142857142857143 0.025714285714285714
0 0.5564285714285714 0.5419047619047619 0.007142857142857143 0.024761904761904763
0 0.7792857142857142 0.18571428571428572 0.0014285714285714286 0.007619047619047619
0 0.8010714285714285 0.17142857142857143 0.002142857142857143 0.007619047619047619
0 0.7989285714285714 0.17142857142857143 0.002142857142857143 0.007619047619047619
0 0.86 0.23095238095238096 0.004285714285714286 0.006666666666666667
0 0.8303571428571429 0.24428571428571427 0.0064285714285714285 0.008571428571428572
0 0.8953571428571429 0.79 0.012142857142857143 0.023809523809523808
0 0.45321428571428574 0.5652380952380952 0.0064285714285714285 0.01619047619047619
0 0.45285714285714285 0.5880952380952381 0.005714285714285714 0.014285714285714285
0 0.4860714285714286 0.5680952380952381 0.005 0.014285714285714285
0 0.5157142857142857 0.5457142857142857 0.004285714285714286 0.013333333333333334
0 0.5389285714285714 0.5252380952380953 0.005 0.012380952380952381
0 0.5028571428571429 0.57 0.007142857142857143 0.012380952380952381
0 0.5214285714285715 0.5595238095238095 0.005714285714285714 0.012380952380952381
0 0.38035714285714284 0.580952380952381 0.0064285714285714285 0.015238095238095238