0 0.014642857142857143 0.24285714285714285 0.019285714285714285 0.05523809523809524
0 0.4667857142857143 0.9566666666666667 0.020714285714285713 0.06571428571428571
0 0.5221428571428571 0.758095238095238 0.012857142857142857 0.045714285714285714
0 0.4853571428571429 0.5742857142857143 0.016428571428571428 0.05142857142857143
0 0.4685714285714286 0.570952380952381 0.011428571428571429 0.054285714285714284
0 0.515 0.6842857142857143 0.01 0.05619047619047619
0 0.4717857142857143 0.29619047619047617 0.009285714285714286 0.04
0 0.4967857142857143 0.2752380952380952 0.009285714285714286 0.030476190476190476
0 0.5125 0.29 0.009285714285714286 0.03333333333333333
0 0.44142857142857145 0.2923809523809524 0.01 0.03238095238095238
0 0.4757142857142857 0.1895238095238095 0.008571428571428572 0.03428571428571429
0 0.4567857142857143 0.17285714285714285 0.010714285714285714 0.037142857142857144
0 0.4585714285714286 0.14761904761904762 0.011428571428571429 0.03238095238095238
0 0.44892857142857145 0.10380952380952381 0.0035714285714285713 0.015238095238095238
0 0.4521428571428571 0.11238095238095239 0.005714285714285714 0.02857142857142857