0 0.1555 0.009 0.013 0.018
0 0.089 0.16333333333333333 0.02 0.04133333333333333
0 0.143 0.05533333333333333 0.01 0.032
0 0.15925 0.054 0.0075 0.029333333333333333
0 0.16925 0.051666666666666666 0.0105 0.03133333333333333
0 0.157 0.058333333333333334 0.012 0.03133333333333333
0 0.015 0.296 0.027 0.052
0 0.00875 0.286 0.0165 0.024
0 0.01575 0.285 0.0235 0.048666666666666664
0 0.058 0.3016666666666667 0.027 0.054
0 0.088 0.277 0.022 0.046
0 0.15325 0.32566666666666666 0.0245 0.056666666666666664
0 0.08425 0.44133333333333336 0.0425 0.03333333333333333
0 0.18725 0.5103333333333333 0.0305 0.058
0 0.19875 0.5393333333333333 0.0275 0.048
0 0.20375 0.585 0.0315 0.066
0 0.23125 0.8386666666666667 0.0505 0.07066666666666667
0 0.34 0.878 0.019 0.024
0 0.3735 0.917 0.018 0.04066666666666666
0 0.438 0.981 0.021 0.03666666666666667
0 0.49025 0.985 0.0265 0.028666666666666667
0 0.478 0.8013333333333333 0.021 0.04533333333333334
0 0.51475 0.834 0.0195 0.044
0 0.3475 0.8283333333333334 0.031 0.07533333333333334
0 0.343 0.807 0.021 0.06066666666666667
0 0.3765 0.8033333333333333 0.021 0.028
0 0.26475 0.457 0.0305 0.054
0 0.2725 0.4046666666666667 0.025 0.052
0 0.491 0.445 0.021 0.056666666666666664
0 0.5085 0.447 0.02 0.07133333333333333
0 0.332 0.22966666666666666 0.015 0.034
0 0.367 0.198 0.014 0.032
0 0.382 0.19166666666666668 0.014 0.028666666666666667
0 0.38275 0.204 0.0115 0.029333333333333333
0 0.38175 0.21466666666666667 0.0125 0.032
0 0.4775 0.113 0.01 0.03133333333333333
0 0.59325 0.07633333333333334 0.0095 0.027333333333333334
0 0.60975 0.07433333333333333 0.0105 0.023333333333333334
0 0.44425 0.35733333333333334 0.0205 0.056
0 0.4695 0.338 0.019 0.04666666666666667
0 0.47125 0.301 0.0205 0.05
0 0.472 0.31633333333333336 0.013 0.043333333333333335
0 0.49 0.371 0.012 0.054
0 0.5065 0.3373333333333333 0.015 0.05466666666666667
0 0.495 0.327 0.015 0.05533333333333333
0 0.5045 0.29933333333333334 0.015 0.05333333333333334
0 0.5345 0.3453333333333333 0.013 0.056
0 0.52575 0.36233333333333334 0.0145 0.056666666666666664
0 0.52325 0.34833333333333333 0.0105 0.028666666666666667
0 0.52425 0.31 0.0125 0.04933333333333333
0 0.98425 0.216 0.0185 0.03333333333333333
0 0.89525 0.232 0.0215 0.04533333333333334
0 0.881 0.23366666666666666 0.019 0.03266666666666666
0 0.76725 0.2703333333333333 0.0145 0.05
0 0.666 0.26566666666666666 0.014 0.03933333333333333
0 0.66725 0.2836666666666667 0.0115 0.042
0 0.665 0.31066666666666665 0.016 0.025333333333333333
0 0.66625 0.314 0.0095 0.021333333333333333
0 0.64125 0.30233333333333334 0.0225 0.04733333333333333
0 0.53925 0.29733333333333334 0.0135 0.034666666666666665
0 0.55375 0.31833333333333336 0.0135 0.054
0 0.54675 0.30633333333333335 0.0155 0.054
0 0.56925 0.30933333333333335 0.0135 0.056
0 0.58025 0.31533333333333335 0.0145 0.05466666666666667
0 0.60325 0.331 0.0125 0.05
0 0.652 0.2976666666666667 0.018 0.051333333333333335
0 0.60275 0.30433333333333334 0.0145 0.05
0 0.58625 0.30133333333333334 0.0155 0.056
0 0.59525 0.3 0.0155 0.048
0 0.6035 0.2783333333333333 0.011 0.046
0 0.6075 0.2743333333333333 0.01 0.04466666666666667
0 0.595 0.27066666666666667 0.013 0.050666666666666665
0 0.62625 0.2826666666666667 0.0205 0.03333333333333333