0 0.02035714285714286 0.1442857142857143 0.017857142857142856 0.023809523809523808
0 0.04928571428571429 0.37761904761904763 0.017142857142857144 0.014285714285714285
0 0.4032142857142857 0.07523809523809524 0.007857142857142858 0.022857142857142857
0 0.4060714285714286 0.35619047619047617 0.010714285714285714 0.02095238095238095
0 0.39357142857142857 0.44761904761904764 0.012857142857142857 0.01904761904761905
0 0.38392857142857145 0.4533333333333333 0.009285714285714286 0.02095238095238095
0 0.37285714285714283 0.4523809523809524 0.008571428571428572 0.015238095238095238
0 0.3585714285714286 0.44761904761904764 0.011428571428571429 0.017142857142857144
0 0.33107142857142857 0.4819047619047619 0.010714285714285714 0.015238095238095238
0 0.3053571428571429 0.4 0.015 0.017142857142857144
0 0.30107142857142855 0.4195238095238095 0.015 0.01619047619047619
0 0.4207142857142857 0.4480952380952381 0.012857142857142857 0.01619047619047619
0 0.5625 0.43523809523809526 0.007857142857142858 0.017142857142857144
0 0.5789285714285715 0.5385714285714286 0.007857142857142858 0.012380952380952381
0 0.3682142857142857 0.9419047619047619 0.012142857142857143 0.013333333333333334
0 0.38857142857142857 0.9580952380952381 0.01 0.02095238095238095
0 0.3992857142857143 0.96 0.012857142857142857 0.024761904761904763