0 0.07571428571428572 0.05380952380952381 0.007142857142857143 0.008571428571428572
0 0.08 0.04857142857142857 0.007142857142857143 0.011428571428571429
0 0.08642857142857142 0.062380952380952384 0.005714285714285714 0.008571428571428572
0 0.0675 0.10333333333333333 0.009285714285714286 0.010476190476190476
0 0.06464285714285714 0.10714285714285714 0.0064285714285714285 0.010476190476190476
0 0.09107142857142857 0.18666666666666668 0.0064285714285714285 0.009523809523809525
0 0.07928571428571428 0.22714285714285715 0.007142857142857143 0.008571428571428572
0 0.07428571428571429 0.2276190476190476 0.007142857142857143 0.009523809523809525
0 0.06821428571428571 0.047142857142857146 0.0064285714285714285 0.008571428571428572
0 0.06607142857142857 0.04 0.0064285714285714285 0.007619047619047619
0 0.07214285714285715 0.0380952380952381 0.01 0.009523809523809525
0 0.07428571428571429 0.023333333333333334 0.008571428571428572 0.010476190476190476
0 0.3539285714285714 0.11 0.005 0.008571428571428572
0 0.3578571428571429 0.10380952380952381 0.004285714285714286 0.009523809523809525
0 0.44535714285714284 0.10904761904761905 0.0035714285714285713 0.008571428571428572
0 0.44785714285714284 0.11095238095238096 0.002857142857142857 0.008571428571428572
0 0.45035714285714284 0.1138095238095238 0.0035714285714285713 0.008571428571428572
0 0.3896428571428571 0.41619047619047617 0.0035714285714285713 0.005714285714285714
0 0.3921428571428571 0.4180952380952381 0.002857142857142857 0.007619047619047619
0 0.37285714285714283 0.48095238095238096 0.002857142857142857 0.005714285714285714
0 0.37892857142857145 0.48523809523809525 0.0035714285714285713 0.004761904761904762
0 0.37642857142857145 0.4795238095238095 0.004285714285714286 0.006666666666666667
0 0.3889285714285714 0.430952380952381 0.0035714285714285713 0.006666666666666667
0 0.3896428571428571 0.4238095238095238 0.0035714285714285713 0.005714285714285714
0 0.11214285714285714 0.6919047619047619 0.008571428571428572 0.004761904761904762
0 0.11285714285714285 0.6895238095238095 0.007142857142857143 0.005714285714285714
0 0.28714285714285714 0.7976190476190477 0.005714285714285714 0.008571428571428572
0 0.25214285714285717 0.7871428571428571 0.005714285714285714 0.006666666666666667
0 0.16714285714285715 0.7371428571428571 0.007142857142857143 0.005714285714285714
0 0.1657142857142857 0.7414285714285714 0.007142857142857143 0.004761904761904762
0 0.175 0.741904761904762 0.008571428571428572 0.009523809523809525
0 0.3407142857142857 0.8304761904761905 0.002857142857142857 0.005714285714285714
0 0.3392857142857143 0.8328571428571429 0.002857142857142857 0.006666666666666667
0 0.3532142857142857 0.85 0.0064285714285714285 0.008571428571428572
0 0.3582142857142857 0.8461904761904762 0.0035714285714285713 0.006666666666666667
0 0.35964285714285715 0.8538095238095238 0.005 0.008571428571428572
0 0.39357142857142857 0.8638095238095238 0.004285714285714286 0.007619047619047619
0 0.4014285714285714 0.8638095238095238 0.004285714285714286 0.011428571428571429
0 0.40285714285714286 0.8742857142857143 0.004285714285714286 0.009523809523809525
0 0.4257142857142857 0.8723809523809524 0.004285714285714286 0.007619047619047619
0 0.4425 0.8957142857142857 0.0035714285714285713 0.006666666666666667
0 0.44035714285714284 0.8980952380952381 0.0035714285714285713 0.009523809523809525
0 0.5703571428571429 0.9928571428571429 0.005 0.010476190476190476
0 0.5746428571428571 0.9914285714285714 0.0035714285714285713 0.009523809523809525
0 0.5939285714285715 0.99 0.007857142857142858 0.008571428571428572
0 0.5925 0.9957142857142857 0.009285714285714286 0.008571428571428572
0 0.8407142857142857 0.21285714285714286 0.004285714285714286 0.006666666666666667
0 0.7253571428571428 0.03761904761904762 0.0064285714285714285 0.008571428571428572