0 0.09821428571428571 0.809047619047619 0.020714285714285713 0.029523809523809525
0 0.08214285714285714 0.9771428571428571 0.02 0.02666666666666667
0 0.04178571428571429 0.82 0.025 0.030476190476190476
0 0.06357142857142857 0.7857142857142857 0.02 0.04
0 0.7607142857142857 0.3242857142857143 0.008571428571428572 0.03142857142857143
0 0.22857142857142856 0.47333333333333333 0.011428571428571429 0.022857142857142857
0 0.2646428571428571 0.53 0.013571428571428571 0.023809523809523808
0 0.9878571428571429 0.8395238095238096 0.02 0.02
0 0.9382142857142857 0.6947619047619048 0.02214285714285714 0.03142857142857143
0 0.5310714285714285 0.02666666666666667 0.0064285714285714285 0.01904761904761905
0 0.5396428571428571 0.009047619047619047 0.005 0.018095238095238095
0 0.5478571428571428 0.01 0.004285714285714286 0.02
0 0.6142857142857143 0.15285714285714286 0.005714285714285714 0.02761904761904762
0 0.5578571428571428 0.0419047619047619 0.005714285714285714 0.022857142857142857
0 0.5546428571428571 0.02857142857142857 0.0064285714285714285 0.015238095238095238
0 0.9346428571428571 0.5928571428571429 0.02214285714285714 0.029523809523809525
0 0.9871428571428571 0.68 0.025714285714285714 0.03428571428571429
0 0.9075 0.5847619047619048 0.019285714285714285 0.02666666666666667