0 0.07392857142857143 0.7928571428571428 0.012142857142857143 0.01619047619047619
0 0.08285714285714285 0.7971428571428572 0.01 0.015238095238095238
0 0.18428571428571427 0.7085714285714285 0.008571428571428572 0.017142857142857144
0 0.19107142857142856 0.7061904761904761 0.010714285714285714 0.023809523809523808
0 0.3246428571428571 0.2580952380952381 0.0064285714285714285 0.015238095238095238
0 0.18714285714285714 0.17761904761904762 0.005714285714285714 0.012380952380952381
0 0.19142857142857142 0.17476190476190476 0.008571428571428572 0.014285714285714285
0 0.3492857142857143 0.08095238095238096 0.005714285714285714 0.005714285714285714
0 0.3585714285714286 0.047142857142857146 0.004285714285714286 0.008571428571428572
0 0.3703571428571429 0.040952380952380955 0.0035714285714285713 0.007619047619047619
0 0.37857142857142856 0.02142857142857143 0.002857142857142857 0.010476190476190476
0 0.685 0.8909523809523809 0.011428571428571429 0.01619047619047619
0 0.63 0.2723809523809524 0.004285714285714286 0.013333333333333334
0 0.6289285714285714 0.2914285714285714 0.005 0.015238095238095238
0 0.67 0.22333333333333333 0.005714285714285714 0.014285714285714285
0 0.5171428571428571 0.15333333333333332 0.004285714285714286 0.011428571428571429
0 0.5242857142857142 0.10523809523809524 0.004285714285714286 0.012380952380952381