0 0.48178571428571426 0.9033333333333333 0.010714285714285714 0.01619047619047619
0 0.48392857142857143 0.9176190476190477 0.007857142857142858 0.010476190476190476
0 0.49178571428571427 0.9223809523809524 0.009285714285714286 0.01619047619047619
0 0.4782142857142857 0.8185714285714286 0.009285714285714286 0.012380952380952381
0 0.4925 0.8233333333333334 0.009285714285714286 0.014285714285714285
0 0.595 0.8119047619047619 0.012857142857142857 0.012380952380952381
0 0.8292857142857143 0.9052380952380953 0.011428571428571429 0.012380952380952381
0 0.8953571428571429 0.9142857142857143 0.013571428571428571 0.017142857142857144
0 0.2907142857142857 0.8890476190476191 0.012857142857142857 0.014285714285714285
0 0.4607142857142857 0.6142857142857143 0.01 0.011428571428571429
0 0.565 0.6019047619047619 0.007142857142857143 0.013333333333333334
0 0.5114285714285715 0.08904761904761904 0.005714285714285714 0.012380952380952381
0 0.5714285714285714 0.06523809523809523 0.004285714285714286 0.012380952380952381
0 0.6285714285714286 0.1742857142857143 0.008571428571428572 0.017142857142857144
0 0.6660714285714285 0.25047619047619046 0.0064285714285714285 0.017142857142857144
0 0.6721428571428572 0.32142857142857145 0.007142857142857143 0.018095238095238095