0 0.3317857142857143 0.5638095238095238 0.0064285714285714285 0.02095238095238095
0 0.36428571428571427 0.5014285714285714 0.005714285714285714 0.02
0 0.3425 0.5323809523809524 0.005 0.017142857142857144
0 0.42214285714285715 0.4514285714285714 0.004285714285714286 0.017142857142857144
0 0.35464285714285715 0.4804761904761905 0.005 0.018095238095238095
0 0.3360714285714286 0.5523809523809524 0.0064285714285714285 0.02095238095238095
0 0.3678571428571429 0.43333333333333335 0.004285714285714286 0.01904761904761905
0 0.3628571428571429 0.42523809523809525 0.004285714285714286 0.01619047619047619
0 0.3807142857142857 0.38285714285714284 0.005714285714285714 0.015238095238095238
0 0.3732142857142857 0.3757142857142857 0.0035714285714285713 0.01619047619047619
0 0.6360714285714286 0.8104761904761905 0.007857142857142858 0.017142857142857144