0 0.7717857142857143 0.3376190476190476 0.012142857142857143 0.03142857142857143
0 0.48642857142857143 0.0838095238095238 0.005714285714285714 0.015238095238095238
0 0.49857142857142855 0.19476190476190477 0.005714285714285714 0.01619047619047619
0 0.3742857142857143 0.2914285714285714 0.007142857142857143 0.02095238095238095
0 0.3967857142857143 0.36333333333333334 0.007857142857142858 0.021904761904761906
0 0.3525 0.5538095238095239 0.0064285714285714285 0.02
0 0.5571428571428572 0.7047619047619048 0.011428571428571429 0.011428571428571429
0 0.5575 0.6961904761904761 0.010714285714285714 0.011428571428571429
0 0.5485714285714286 0.7595238095238095 0.011428571428571429 0.018095238095238095
0 0.4657142857142857 0.8214285714285714 0.011428571428571429 0.01619047619047619
0 0.6596428571428572 0.6333333333333333 0.007857142857142858 0.02666666666666667
0 0.6678571428571428 0.621904761904762 0.008571428571428572 0.015238095238095238
0 0.4014285714285714 0.9480952380952381 0.011428571428571429 0.01619047619047619