0 0.20642857142857143 0.022208121827411168 0.002857142857142857 0.013959390862944163
0 0.18535714285714286 0.02728426395939086 0.002142857142857143 0.013959390862944163
0 0.18214285714285713 0.02918781725888325 0.002857142857142857 0.015228426395939087
0 0.17535714285714285 0.23413705583756345 0.005 0.021573604060913704
0 0.18714285714285714 0.27220812182741116 0.005714285714285714 0.021573604060913704
0 0.18321428571428572 0.15736040609137056 0.005 0.02030456852791878
0 0.1692857142857143 0.23730964467005075 0.004285714285714286 0.02030456852791878
0 0.3514285714285714 0.13959390862944163 0.004285714285714286 0.017766497461928935
0 0.23714285714285716 0.47715736040609136 0.005714285714285714 0.02030456852791878
0 0.2042857142857143 0.641497461928934 0.01 0.0266497461928934
0 0.2325 0.49682741116751267 0.0064285714285714285 0.021573604060913704
0 0.20714285714285716 0.6630710659898477 0.008571428571428572 0.0266497461928934
0 0.17107142857142857 0.649746192893401 0.009285714285714286 0.02284263959390863
0 0.1325 0.7277918781725888 0.005 0.024111675126903553
0 0.48857142857142855 0.053934010152284266 0.002857142857142857 0.013959390862944163
0 0.49178571428571427 0.05266497461928934 0.0035714285714285713 0.011421319796954314
0 0.4382142857142857 0.2848984771573604 0.0035714285714285713 0.01903553299492386
0 0.45571428571428574 0.35723350253807107 0.004285714285714286 0.01903553299492386
0 0.43642857142857144 0.274746192893401 0.004285714285714286 0.01649746192893401
0 0.5175 0.13324873096446702 0.002142857142857143 0.012690355329949238
0 0.5146428571428572 0.1313451776649746 0.002142857142857143 0.011421319796954314
0 0.5121428571428571 0.13007614213197968 0.002857142857142857 0.013959390862944163
0 0.5610714285714286 0.20939086294416243 0.002142857142857143 0.012690355329949238
0 0.5646428571428571 0.21065989847715735 0.002142857142857143 0.015228426395939087
0 0.6875 0.4232233502538071 0.002142857142857143 0.01649746192893401
0 0.6528571428571428 0.3769035532994924 0.004285714285714286 0.017766497461928935
0 0.7878571428571428 0.6224619289340102 0.007142857142857143 0.024111675126903553
0 0.9389285714285714 0.8972081218274112 0.010714285714285714 0.03299492385786802
0 0.9289285714285714 0.8921319796954315 0.012142857142857143 0.03299492385786802