0 0.65325 0.39466666666666667 0.0095 0.029333333333333333
0 0.50425 0.305 0.0065 0.018
0 0.462 0.279 0.004 0.018
0 0.456 0.276 0.005 0.018666666666666668
0 0.4515 0.2803333333333333 0.005 0.018
0 0.4495 0.2783333333333333 0.004 0.019333333333333334
0 0.42225 0.6216666666666667 0.0165 0.03666666666666667
0 0.41875 0.614 0.0115 0.025333333333333333
0 0.39275 0.23733333333333334 0.0055 0.009333333333333334
0 0.27625 0.25966666666666666 0.0045 0.016666666666666666
0 0.19675 0.23533333333333334 0.0055 0.012
0 0.04 0.244 0.007 0.016
0 0.03625 0.24366666666666667 0.0045 0.012666666666666666