0 0.7603571428571428 0.39666666666666667 0.012142857142857143 0.018095238095238095
0 0.7492857142857143 0.38761904761904764 0.011428571428571429 0.02095238095238095
0 0.7628571428571429 0.3476190476190476 0.01 0.017142857142857144
0 0.9832142857142857 0.5585714285714286 0.017857142857142856 0.021904761904761906
0 0.4710714285714286 0.6680952380952381 0.010714285714285714 0.014285714285714285
0 0.5732142857142857 0.729047619047619 0.019285714285714285 0.023809523809523808
0 0.4007142857142857 0.7742857142857142 0.014285714285714285 0.015238095238095238
0 0.3357142857142857 0.7347619047619047 0.008571428571428572 0.010476190476190476
0 0.23214285714285715 0.78 0.008571428571428572 0.011428571428571429
0 0.10821428571428572 0.8804761904761905 0.007857142857142858 0.008571428571428572
0 0.47285714285714286 0.99 0.017142857142857144 0.01619047619047619