0 0.19392857142857142 0.12761904761904763 0.015 0.024761904761904763
0 0.23857142857142857 0.15 0.015714285714285715 0.023809523809523808
0 0.32071428571428573 0.1757142857142857 0.014285714285714285 0.025714285714285714
0 0.2817857142857143 0.24904761904761905 0.013571428571428571 0.025714285714285714
0 0.2817857142857143 0.20238095238095238 0.010714285714285714 0.02
0 0.2757142857142857 0.1961904761904762 0.008571428571428572 0.017142857142857144
0 0.2910714285714286 0.5619047619047619 0.012142857142857143 0.011428571428571429
0 0.17535714285714285 0.6414285714285715 0.016428571428571428 0.018095238095238095
0 0.23857142857142857 0.6780952380952381 0.015714285714285715 0.015238095238095238
0 0.2842857142857143 0.6885714285714286 0.012857142857142857 0.013333333333333334
0 0.2739285714285714 0.6833333333333333 0.012142857142857143 0.01619047619047619
0 0.22892857142857143 0.6357142857142857 0.020714285714285713 0.014285714285714285
0 0.5414285714285715 0.7171428571428572 0.007142857142857143 0.013333333333333334
0 0.5389285714285714 0.6985714285714286 0.007857142857142858 0.012380952380952381
0 0.49464285714285716 0.2714285714285714 0.007857142857142858 0.022857142857142857
0 0.49892857142857144 0.2623809523809524 0.005 0.010476190476190476
0 0.47714285714285715 0.23 0.015714285714285715 0.025714285714285714
0 0.3196428571428571 0.24047619047619048 0.012142857142857143 0.021904761904761906
0 0.31857142857142856 0.21476190476190476 0.011428571428571429 0.021904761904761906
0 0.3821428571428571 0.15 0.008571428571428572 0.023809523809523808