0 0.7114285714285714 0.07714285714285714 0.005714285714285714 0.013333333333333334
0 0.8157142857142857 0.32047619047619047 0.007142857142857143 0.014285714285714285
0 0.6032142857142857 0.6061904761904762 0.007857142857142858 0.01619047619047619
0 0.605 0.5871428571428572 0.005714285714285714 0.014285714285714285
0 0.6103571428571428 0.5719047619047619 0.007857142857142858 0.01619047619047619
0 0.605 0.44666666666666666 0.005714285714285714 0.017142857142857144
0 0.5989285714285715 0.4423809523809524 0.005 0.014285714285714285
0 0.5871428571428572 0.3852380952380952 0.007142857142857143 0.01619047619047619
0 0.13035714285714287 0.3976190476190476 0.009285714285714286 0.014285714285714285
0 0.1175 0.22047619047619046 0.0064285714285714285 0.012380952380952381
0 0.12035714285714286 0.21666666666666667 0.007857142857142858 0.014285714285714285