0 0.15392857142857144 0.559047619047619 0.02214285714285714 0.047619047619047616
0 0.7296428571428571 0.8657142857142858 0.029285714285714286 0.06666666666666667
0 0.7428571428571429 0.8609523809523809 0.02142857142857143 0.06666666666666667
0 0.3539285714285714 0.4719047619047619 0.020714285714285713 0.02
0 0.3467857142857143 0.4680952380952381 0.013571428571428571 0.04476190476190476
0 0.22892857142857143 0.3271428571428571 0.012142857142857143 0.02761904761904762
0 0.12178571428571429 0.32761904761904764 0.012142857142857143 0.02857142857142857
0 0.5546428571428571 0.44857142857142857 0.009285714285714286 0.04
0 0.5635714285714286 0.4514285714285714 0.015714285714285715 0.0380952380952381
0 0.7378571428571429 0.3395238095238095 0.01 0.02761904761904762
0 0.7335714285714285 0.3352380952380952 0.011428571428571429 0.02666666666666667
0 0.8939285714285714 0.6585714285714286 0.023571428571428573 0.04666666666666667
0 0.9057142857142857 0.6833333333333333 0.02142857142857143 0.03333333333333333
0 0.2042857142857143 0.2671428571428571 0.01 0.021904761904761906
0 0.32 0.30952380952380953 0.011428571428571429 0.024761904761904763
0 0.7871428571428571 0.259047619047619 0.007142857142857143 0.015238095238095238
0 0.8007142857142857 0.2642857142857143 0.004285714285714286 0.018095238095238095
0 0.8932142857142857 0.20285714285714285 0.0035714285714285713 0.009523809523809525
0 0.5817857142857142 0.30428571428571427 0.007857142857142858 0.02
0 0.6092857142857143 0.4380952380952381 0.01 0.03619047619047619
0 0.6103571428571428 0.4238095238095238 0.009285714285714286 0.03428571428571429
0 0.7717857142857143 0.3028571428571429 0.005 0.022857142857142857
0 0.6742857142857143 0.28904761904761905 0.007142857142857143 0.023809523809523808
0 0.7392857142857143 0.30238095238095236 0.011428571428571429 0.029523809523809525
0 0.86 0.28285714285714286 0.01 0.022857142857142857
0 0.5310714285714285 0.28095238095238095 0.0064285714285714285 0.02666666666666667
0 0.9032142857142857 0.3171428571428571 0.010714285714285714 0.02095238095238095
0 0.21428571428571427 0.28809523809523807 0.008571428571428572 0.023809523809523808
0 0.21821428571428572 0.28714285714285714 0.005 0.02
0 0.41892857142857143 0.29523809523809524 0.007857142857142858 0.024761904761904763
0 0.3985714285714286 0.29095238095238096 0.008571428571428572 0.021904761904761906
0 0.35714285714285715 0.35619047619047617 0.011428571428571429 0.02666666666666667
0 0.3432142857142857 0.32142857142857145 0.010714285714285714 0.029523809523809525
0 0.3632142857142857 0.32047619047619047 0.007857142857142858 0.029523809523809525
0 0.4735714285714286 0.30047619047619045 0.01 0.02
0 0.4085714285714286 0.2938095238095238 0.008571428571428572 0.021904761904761906
0 0.23357142857142857 0.34714285714285714 0.008571428571428572 0.02761904761904762
0 0.1775 0.25285714285714284 0.007857142857142858 0.01619047619047619
0 0.34285714285714286 0.29333333333333333 0.008571428571428572 0.01904761904761905
0 0.8896428571428572 0.16904761904761906 0.0035714285714285713 0.010476190476190476
0 0.3467857142857143 0.20047619047619047 0.0035714285714285713 0.01619047619047619
0 0.7532142857142857 0.1757142857142857 0.0035714285714285713 0.006666666666666667
0 0.8089285714285714 0.13904761904761906 0.0035714285714285713 0.011428571428571429
0 0.895 0.14761904761904762 0.002857142857142857 0.007619047619047619
0 0.8992857142857142 0.1519047619047619 0.002857142857142857 0.008571428571428572
0 0.995 0.2857142857142857 0.005714285714285714 0.009523809523809525
0 0.9975 0.29333333333333333 0.005 0.015238095238095238
0 0.9339285714285714 0.18285714285714286 0.0035714285714285713 0.011428571428571429