0 0.7142857142857143 0.9680952380952381 0.014285714285714285 0.04476190476190476
0 0.7217857142857143 0.8280952380952381 0.015 0.05047619047619047
0 0.755 0.7838095238095238 0.018571428571428572 0.04
0 0.7753571428571429 0.699047619047619 0.009285714285714286 0.03428571428571429
0 0.8096428571428571 0.5714285714285714 0.007857142857142858 0.03619047619047619
0 0.8164285714285714 0.5719047619047619 0.008571428571428572 0.03142857142857143
0 0.87 0.22952380952380952 0.005714285714285714 0.009523809523809525
0 0.8635714285714285 0.2423809523809524 0.005714285714285714 0.014285714285714285
0 0.8671428571428571 0.24285714285714285 0.005714285714285714 0.013333333333333334
0 0.8835714285714286 0.25952380952380955 0.005714285714285714 0.012380952380952381
0 0.8825 0.2680952380952381 0.005 0.014285714285714285
0 0.8785714285714286 0.2938095238095238 0.005714285714285714 0.018095238095238095
0 0.8621428571428571 0.30238095238095236 0.005714285714285714 0.014285714285714285
0 0.8682142857142857 0.30857142857142855 0.005 0.015238095238095238
0 0.8685714285714285 0.29904761904761906 0.005714285714285714 0.015238095238095238
0 0.88 0.26571428571428574 0.005714285714285714 0.015238095238095238
0 0.7067857142857142 0.32142857142857145 0.005 0.014285714285714285
0 0.09178571428571429 0.20238095238095238 0.0035714285714285713 0.010476190476190476
0 0.09392857142857143 0.20095238095238097 0.005 0.011428571428571429
0 0.11035714285714286 0.20333333333333334 0.0035714285714285713 0.010476190476190476
0 0.11357142857142857 0.2042857142857143 0.004285714285714286 0.008571428571428572
0 0.10357142857142858 0.2580952380952381 0.005714285714285714 0.017142857142857144
0 0.10178571428571428 0.2661904761904762 0.0064285714285714285 0.01619047619047619
0 0.24142857142857144 0.17809523809523808 0.004285714285714286 0.009523809523809525
0 0.25785714285714284 0.17761904761904762 0.002857142857142857 0.006666666666666667
0 0.16392857142857142 0.17476190476190476 0.0035714285714285713 0.008571428571428572