0 0.49107142857142855 0.20241116751269037 0.0035714285714285713 0.01903553299492386
0 0.4875 0.1814720812182741 0.0035714285714285713 0.017766497461928935
0 0.8628571428571429 0.9790609137055838 0.004285714285714286 0.031725888324873094
0 0.8564285714285714 0.9860406091370558 0.007142857142857143 0.025380710659898477
0 0.8842857142857142 0.8661167512690355 0.007142857142857143 0.024111675126903553
0 0.8803571428571428 0.8597715736040609 0.0064285714285714285 0.02918781725888325
0 0.9585714285714285 0.8134517766497462 0.007142857142857143 0.025380710659898477
0 0.9471428571428572 0.8692893401015228 0.007142857142857143 0.025380710659898477
0 0.4567857142857143 0.4612944162436548 0.0064285714285714285 0.021573604060913704
0 0.4625 0.4651015228426396 0.007857142857142858 0.021573604060913704
0 0.7360714285714286 0.8788071065989848 0.0064285714285714285 0.031725888324873094