0 0.26964285714285713 0.42523809523809525 0.0064285714285714285 0.008571428571428572
0 0.30428571428571427 0.6876190476190476 0.004285714285714286 0.007619047619047619
0 0.3967857142857143 0.4328571428571429 0.005 0.004761904761904762
0 0.4232142857142857 0.47904761904761906 0.007857142857142858 0.005714285714285714
0 0.4957142857142857 0.07666666666666666 0.002857142857142857 0.008571428571428572
0 0.5239285714285714 0.7019047619047619 0.005 0.007619047619047619
0 0.7364285714285714 0.6409523809523809 0.005714285714285714 0.005714285714285714
0 0.8260714285714286 0.6552380952380953 0.007857142857142858 0.005714285714285714
0 0.8457142857142858 0.6438095238095238 0.008571428571428572 0.005714285714285714
0 0.8589285714285714 0.65 0.007857142857142858 0.004761904761904762
0 0.8528571428571429 0.1676190476190476 0.008571428571428572 0.009523809523809525
0 0.9710714285714286 0.22142857142857142 0.007857142857142858 0.006666666666666667
0 0.92 0.2571428571428571 0.005714285714285714 0.005714285714285714
0 0.8767857142857143 0.45476190476190476 0.009285714285714286 0.008571428571428572