0 0.125 0.5333951762523191 0.008872651356993737 0.01855287569573284
0 0.12734864300626306 0.5296846011131725 0.009394572025052192 0.02040816326530612
0 0.05323590814196242 0.5936920222634509 0.008350730688935281 0.025974025974025976
0 0.055323590814196244 0.5885899814471243 0.010438413361169102 0.026901669758812616
0 0.07463465553235908 0.46985157699443414 0.008350730688935281 0.02504638218923933
0 0.13596033402922755 0.45269016697588127 0.006784968684759917 0.02411873840445269
0 0.14979123173277661 0.41929499072356213 0.007306889352818371 0.027829313543599257
0 0.0936847599164927 0.3942486085343228 0.006784968684759917 0.01855287569573284
0 0.1941544885177453 0.3205009276437848 0.006263048016701462 0.01948051948051948
0 0.18293319415448853 0.30241187384044527 0.004697286012526096 0.016697588126159554
0 0.18971816283924844 0.30009276437847865 0.004697286012526096 0.02504638218923933
0 0.22286012526096033 0.29313543599257885 0.006263048016701462 0.02040816326530612
0 0.5589770354906054 0.4039888682745826 0.007306889352818371 0.015769944341372914
0 0.5636743215031316 0.4025974025974026 0.006263048016701462 0.016697588126159554
0 0.4934759916492693 0.5700371057513914 0.008872651356993737 0.0287569573283859
0 0.4791231732776618 0.4039888682745826 0.007306889352818371 0.015769944341372914
0 0.46842379958246344 0.1836734693877551 0.0026096033402922755 0.011131725417439703
0 0.48173277661795405 0.1725417439703154 0.0041753653444676405 0.0074211502782931356
0 0.3770876826722338 0.15955473098330242 0.0026096033402922755 0.012987012987012988
0 0.3804801670146138 0.161873840445269 0.005219206680584551 0.01020408163265306
0 0.37995824634655534 0.15630797773654917 0.003131524008350731 0.012059369202226345
0 0.4668580375782881 0.15213358070500926 0.0026096033402922755 0.0074211502782931356
0 0.41727557411273486 0.1284786641929499 0.0026096033402922755 0.006493506493506494
0 0.4157098121085595 0.11734693877551021 0.0026096033402922755 0.006493506493506494
0 0.41414405010438415 0.09322820037105752 0.0015657620041753654 0.00463821892393321
0 0.38569937369519836 0.1261595547309833 0.0020876826722338203 0.0055658627087198514
0 0.3911795407098121 0.09647495361781076 0.0015657620041753654 0.0037105751391465678
0 0.3945720250521921 0.07977736549165121 0.0010438413361169101 0.0037105751391465678
0 0.3901356993736952 0.07421150278293136 0.0015657620041753654 0.0037105751391465678