0 0.3975 0.0983502538071066 0.005 0.013959390862944163
0 0.37357142857142855 0.18972081218274112 0.005714285714285714 0.013959390862944163
0 0.3792857142857143 0.1916243654822335 0.002857142857142857 0.012690355329949238
0 0.32607142857142857 0.00951776649746193 0.0035714285714285713 0.013959390862944163
0 0.9132142857142858 0.25 0.005 0.015228426395939087
0 0.2639285714285714 0.33248730964467005 0.005 0.012690355329949238
0 0.6392857142857142 0.649746192893401 0.005714285714285714 0.01015228426395939
0 0.4657142857142857 0.5983502538071066 0.002857142857142857 0.008883248730964468
0 0.24642857142857144 0.741751269035533 0.005714285714285714 0.008883248730964468
0 0.2357142857142857 0.7055837563451777 0.004285714285714286 0.01015228426395939
0 0.23214285714285715 0.7163705583756346 0.002857142857142857 0.006345177664974619
0 0.2275 0.7271573604060914 0.0035714285714285713 0.007614213197969543
0 0.23392857142857143 0.7227157360406091 0.0035714285714285713 0.008883248730964468
0 0.7775 0.5571065989847716 0.0064285714285714285 0.01015228426395939