0 0.17642857142857143 0.4023809523809524 0.015714285714285715 0.039047619047619046
0 0.6135714285714285 0.2638095238095238 0.01 0.024761904761904763
0 0.9835714285714285 0.2342857142857143 0.015714285714285715 0.04
0 0.8610714285714286 0.17047619047619048 0.0064285714285714285 0.02857142857142857
0 0.8446428571428571 0.017619047619047618 0.0064285714285714285 0.018095238095238095
0 0.7939285714285714 0.060476190476190475 0.007857142857142858 0.021904761904761906
0 0.7753571428571429 0.08238095238095237 0.009285714285714286 0.02
0 0.665 0.14285714285714285 0.008571428571428572 0.01904761904761905
0 0.6507142857142857 0.15857142857142856 0.01 0.025714285714285714
0 0.5764285714285714 0.1838095238095238 0.01 0.024761904761904763
0 0.5514285714285714 0.0980952380952381 0.007142857142857143 0.02666666666666667
0 0.5442857142857143 0.09952380952380953 0.007142857142857143 0.018095238095238095
0 0.6135714285714285 0.10047619047619048 0.007142857142857143 0.021904761904761906
0 0.6439285714285714 0.05952380952380952 0.0064285714285714285 0.023809523809523808
0 0.6985714285714286 0.030476190476190476 0.004285714285714286 0.013333333333333334
0 0.6889285714285714 0.03380952380952381 0.0035714285714285713 0.01619047619047619
0 0.5821428571428572 0.08428571428571428 0.005714285714285714 0.021904761904761906
0 0.5628571428571428 0.08 0.007142857142857143 0.024761904761904763
0 0.46964285714285714 0.08095238095238096 0.0064285714285714285 0.02095238095238095
0 0.4664285714285714 0.08142857142857143 0.008571428571428572 0.02
0 0.46214285714285713 0.05095238095238095 0.005714285714285714 0.018095238095238095
0 0.45785714285714285 0.05142857142857143 0.005714285714285714 0.017142857142857144
0 0.4539285714285714 0.05285714285714286 0.005 0.02
0 0.44285714285714284 0.05285714285714286 0.007142857142857143 0.018095238095238095
0 0.43642857142857144 0.051904761904761905 0.004285714285714286 0.01619047619047619
0 0.42642857142857143 0.02619047619047619 0.005714285714285714 0.01619047619047619
0 0.42 0.02857142857142857 0.007142857142857143 0.011428571428571429
0 0.3632142857142857 0.0380952380952381 0.0064285714285714285 0.017142857142857144
0 0.3525 0.04 0.007857142857142858 0.017142857142857144
0 0.34214285714285714 0.03142857142857143 0.002857142857142857 0.013333333333333334
0 0.31857142857142856 0.04523809523809524 0.007142857142857143 0.018095238095238095
0 0.3967857142857143 0.13476190476190475 0.0064285714285714285 0.018095238095238095
0 0.4375 0.1457142857142857 0.007857142857142858 0.01904761904761905
0 0.42892857142857144 0.16285714285714287 0.009285714285714286 0.022857142857142857