0 0.8345 0.821 0.039 0.07933333333333334
0 0.86925 0.8056666666666666 0.0305 0.06466666666666666
0 0.94075 0.7186666666666667 0.0305 0.07066666666666667
0 0.927 0.716 0.016 0.030666666666666665
0 0.846 0.708 0.032 0.07066666666666667
0 0.84 0.687 0.028 0.066
0 0.823 0.6906666666666667 0.021 0.04133333333333333
0 0.6955 0.8406666666666667 0.038 0.06
0 0.81425 0.6393333333333333 0.0275 0.05733333333333333
0 0.813 0.5853333333333334 0.022 0.058666666666666666
0 0.7495 0.572 0.026 0.06133333333333333
0 0.6925 0.5323333333333333 0.025 0.04066666666666666
0 0.717 0.5176666666666667 0.017 0.054
0 0.70275 0.5006666666666667 0.0165 0.05733333333333333
0 0.792 0.4796666666666667 0.03 0.054
0 0.86025 0.471 0.0195 0.046
0 0.84125 0.45 0.0195 0.04666666666666667
0 0.77925 0.44333333333333336 0.0115 0.04666666666666667
0 0.74 0.44666666666666666 0.017 0.052
0 0.74725 0.444 0.0165 0.048
0 0.65025 0.5076666666666667 0.0135 0.056666666666666664
0 0.66575 0.4846666666666667 0.0195 0.050666666666666665
0 0.57775 0.4866666666666667 0.0185 0.050666666666666665
0 0.57525 0.43366666666666664 0.0145 0.051333333333333335
0 0.59625 0.42966666666666664 0.0165 0.043333333333333335
0 0.69425 0.399 0.0125 0.04466666666666667
0 0.67175 0.38133333333333336 0.0145 0.04133333333333333
0 0.712 0.3893333333333333 0.016 0.037333333333333336
0 0.59925 0.8533333333333334 0.0175 0.04
0 0.601 0.795 0.021 0.06866666666666667
0 0.57175 0.7856666666666666 0.0195 0.066
0 0.59125 0.5526666666666666 0.0225 0.052
0 0.452 0.5776666666666667 0.024 0.054
0 0.4205 0.5726666666666667 0.015 0.05333333333333334
0 0.4055 0.5966666666666667 0.016 0.056
0 0.392 0.5806666666666667 0.022 0.052
0 0.4125 0.5383333333333333 0.022 0.05533333333333333
0 0.3225 0.5236666666666666 0.023 0.051333333333333335
0 0.261 0.497 0.018 0.048666666666666664
0 0.248 0.5903333333333334 0.022 0.04733333333333333
0 0.23 0.593 0.016 0.038
0 0.17875 0.5963333333333334 0.0235 0.056666666666666664
0 0.1355 0.603 0.026 0.051333333333333335
0 0.11825 0.6283333333333333 0.0335 0.04466666666666667
0 0.11125 0.5896666666666667 0.0355 0.054
0 0.09075 0.566 0.0235 0.048
0 0.21975 0.5053333333333333 0.0215 0.04933333333333333
0 0.04325 0.531 0.0325 0.051333333333333335
0 0.05025 0.5153333333333333 0.0345 0.04666666666666667
0 0.0235 0.48933333333333334 0.024 0.052
0 0.036 0.48733333333333334 0.024 0.04933333333333333
0 0.05025 0.485 0.0255 0.04466666666666667
0 0.511 0.426 0.017 0.030666666666666665
0 0.54125 0.4063333333333333 0.0095 0.043333333333333335
0 0.57425 0.395 0.0145 0.04066666666666666
0 0.5835 0.37366666666666665 0.015 0.043333333333333335
0 0.583 0.3476666666666667 0.012 0.038
0 0.55325 0.3536666666666667 0.0115 0.043333333333333335
0 0.59525 0.3456666666666667 0.0115 0.042
0 0.54525 0.342 0.0115 0.03866666666666667
0 0.51375 0.33366666666666667 0.0105 0.034
0 0.50875 0.32666666666666666 0.0095 0.030666666666666665
0 0.50825 0.31666666666666665 0.0095 0.029333333333333333
0 0.4995 0.3333333333333333 0.007 0.010666666666666666
0 0.4965 0.31933333333333336 0.009 0.029333333333333333
0 0.4775 0.295 0.011 0.034
0 0.66125 0.31033333333333335 0.0115 0.038
0 0.66125 0.29333333333333333 0.0115 0.036
0 0.656 0.292 0.013 0.034666666666666665
0 0.6775 0.259 0.009 0.024666666666666667
0 0.67575 0.25366666666666665 0.0085 0.026
0 0.60025 0.288 0.0125 0.02666666666666667
0 0.60675 0.26566666666666666 0.0085 0.03
0 0.621 0.262 0.008 0.030666666666666665
0 0.61775 0.24966666666666668 0.0095 0.028666666666666667
0 0.60575 0.257 0.0075 0.024666666666666667
0 0.597 0.25666666666666665 0.01 0.021333333333333333
0 0.58975 0.2613333333333333 0.0095 0.03333333333333333
0 0.57775 0.2613333333333333 0.0085 0.03333333333333333
0 0.515 0.27266666666666667 0.01 0.036
0 0.47975 0.25366666666666665 0.0105 0.028666666666666667
0 0.54525 0.233 0.0075 0.028666666666666667
0 0.555 0.235 0.008 0.024666666666666667
0 0.53225 0.221 0.0085 0.024666666666666667
0 0.5475 0.21566666666666667 0.008 0.019333333333333334
0 0.5565 0.215 0.008 0.018
0 0.97725 0.32266666666666666 0.0155 0.028
0 0.98675 0.249 0.0125 0.028666666666666667
0 0.9965 0.251 0.007 0.028666666666666667
0 0.969 0.24533333333333332 0.013 0.03333333333333333
0 0.9615 0.24233333333333335 0.011 0.03
0 0.949 0.22966666666666666 0.016 0.03266666666666666
0 0.949 0.21833333333333332 0.011 0.03
0 0.95975 0.21766666666666667 0.0095 0.03133333333333333
0 0.86025 0.24966666666666668 0.0105 0.015333333333333332
0 0.8315 0.25066666666666665 0.01 0.025333333333333333
0 0.7095 0.25066666666666665 0.007 0.024
0 0.702 0.25333333333333335 0.009 0.013333333333333334
0 0.67675 0.25866666666666666 0.0075 0.024
0 0.6885 0.25 0.009 0.025333333333333333
0 0.71 0.175 0.007 0.020666666666666667
0 0.71925 0.176 0.0055 0.02
0 0.6285 0.18233333333333332 0.007 0.018
0 0.321 0.32466666666666666 0.011 0.034666666666666665
0 0.313 0.322 0.013 0.037333333333333336
0 0.30525 0.319 0.0125 0.038
0 0.32675 0.31266666666666665 0.0135 0.037333333333333336
0 0.3395 0.2813333333333333 0.013 0.03333333333333333
0 0.029 0.381 0.019 0.03666666666666667
0 0.05625 0.377 0.0155 0.03133333333333333
0 0.42025 0.22433333333333333 0.0085 0.023333333333333334
0 0.42725 0.22633333333333333 0.0065 0.019333333333333334
0 0.57825 0.07433333333333333 0.0045 0.014
0 0.40525 0.156 0.0075 0.021333333333333333
0 0.345 0.12566666666666668 0.005 0.012666666666666666
0 0.355 0.12166666666666667 0.006 0.015333333333333332
0 0.32325 0.14633333333333334 0.0065 0.016666666666666666