0 0.19785714285714287 0.539047619047619 0.02142857142857143 0.024761904761904763
0 0.1325 0.5495238095238095 0.05357142857142857 0.02857142857142857
0 0.1382142857142857 0.4561904761904762 0.04357142857142857 0.03238095238095238
0 0.09607142857142857 0.4642857142857143 0.03214285714285714 0.029523809523809525
0 0.07214285714285715 0.4919047619047619 0.04 0.02
0 0.02 0.40476190476190477 0.04 0.03238095238095238
0 0.26357142857142857 0.3595238095238095 0.03428571428571429 0.040952380952380955
0 0.24571428571428572 0.30238095238095236 0.04 0.035238095238095235
0 0.22964285714285715 0.34 0.030714285714285715 0.03428571428571429
0 0.38035714285714284 0.33380952380952383 0.027857142857142858 0.04285714285714286
0 0.3375 0.3057142857142857 0.019285714285714285 0.024761904761904763
0 0.3375 0.3261904761904762 0.02642857142857143 0.021904761904761906
0 0.3603571428571429 0.3680952380952381 0.02214285714285714 0.040952380952380955
0 0.03428571428571429 0.25142857142857145 0.045714285714285714 0.04380952380952381
0 0.018214285714285714 0.2604761904761905 0.03642857142857143 0.04666666666666667
0 0.4589285714285714 0.06666666666666667 0.02214285714285714 0.07047619047619047
0 0.8396428571428571 0.23857142857142857 0.030714285714285715 0.04666666666666667
0 0.7332142857142857 0.24761904761904763 0.02642857142857143 0.049523809523809526
0 0.7514285714285714 0.5761904761904761 0.027142857142857142 0.03619047619047619
0 0.7139285714285715 0.2623809523809524 0.016428571428571428 0.04476190476190476
0 0.21392857142857144 0.52 0.020714285714285713 0.022857142857142857
0 0.22392857142857142 0.5004761904761905 0.029285714285714286 0.02761904761904762