0 0.3821428571428571 0.8521573604060914 0.008571428571428572 0.03426395939086294
0 0.30428571428571427 0.9263959390862944 0.008571428571428572 0.03299492385786802
0 0.3792857142857143 0.8439086294416244 0.008571428571428572 0.03553299492385787
0 0.20214285714285715 0.549492385786802 0.008571428571428572 0.027918781725888325
0 0.43357142857142855 0.16370558375634517 0.004285714285714286 0.015228426395939087
0 0.43892857142857145 0.16307106598984772 0.0035714285714285713 0.013959390862944163
0 0.4417857142857143 0.16243654822335024 0.0035714285714285713 0.012690355329949238
0 0.4471428571428571 0.16307106598984772 0.002857142857142857 0.011421319796954314
0 0.455 0.12880710659898478 0.002857142857142857 0.013959390862944163
0 0.4575 0.1281725888324873 0.0035714285714285713 0.01015228426395939
0 0.44357142857142856 0.15736040609137056 0.002857142857142857 0.012690355329949238