0 0.3514285714285714 0.4804761904761905 0.007142857142857143 0.010476190476190476
0 0.40035714285714286 0.5 0.0064285714285714285 0.009523809523809525
0 0.2525 0.4776190476190476 0.009285714285714286 0.010476190476190476
0 0.18642857142857142 0.49476190476190474 0.011428571428571429 0.006666666666666667
0 0.2325 0.30142857142857143 0.009285714285714286 0.014285714285714285
0 0.08142857142857143 0.31857142857142856 0.014285714285714285 0.010476190476190476
0 0.395 0.22952380952380952 0.007142857142857143 0.013333333333333334
0 0.40285714285714286 0.2257142857142857 0.007142857142857143 0.015238095238095238
0 0.39035714285714285 0.14523809523809525 0.007857142857142858 0.02
0 0.38321428571428573 0.28 0.007857142857142858 0.01904761904761905
0 0.3892857142857143 0.29904761904761906 0.008571428571428572 0.013333333333333334
0 0.37285714285714283 0.3028571428571429 0.007142857142857143 0.011428571428571429
0 0.30464285714285716 0.3019047619047619 0.010714285714285714 0.013333333333333334
0 0.3075 0.2985714285714286 0.005 0.006666666666666667
0 0.19285714285714287 0.30857142857142855 0.012857142857142857 0.009523809523809525
0 0.17392857142857143 0.3157142857142857 0.015 0.014285714285714285
0 0.19107142857142856 0.32 0.013571428571428571 0.011428571428571429
0 0.3925 0.08666666666666667 0.0064285714285714285 0.015238095238095238
0 0.38535714285714284 0.04 0.0064285714285714285 0.022857142857142857
0 0.3732142857142857 0.028095238095238097 0.007857142857142858 0.01619047619047619
0 0.05821428571428571 0.32666666666666666 0.013571428571428571 0.011428571428571429
0 0.07321428571428572 0.31523809523809526 0.009285714285714286 0.011428571428571429
0 0.16892857142857143 0.4357142857142857 0.012142857142857143 0.008571428571428572
0 0.13428571428571429 0.38857142857142857 0.008571428571428572 0.011428571428571429
0 0.16107142857142856 0.3852380952380952 0.010714285714285714 0.010476190476190476
0 0.2892857142857143 0.3985714285714286 0.012857142857142857 0.012380952380952381
0 0.2596428571428571 0.3823809523809524 0.009285714285714286 0.014285714285714285
0 0.185 0.37523809523809526 0.011428571428571429 0.009523809523809525
0 0.3796428571428571 0.3566666666666667 0.010714285714285714 0.014285714285714285
0 0.35464285714285715 0.38285714285714284 0.007857142857142858 0.013333333333333334
0 0.34535714285714286 0.40523809523809523 0.009285714285714286 0.012380952380952381
0 0.315 0.4066666666666667 0.01 0.013333333333333334
0 0.32857142857142857 0.39285714285714285 0.008571428571428572 0.012380952380952381
0 0.4089285714285714 0.3495238095238095 0.007857142857142858 0.015238095238095238
0 0.43857142857142856 0.3142857142857143 0.01 0.017142857142857144
0 0.45285714285714285 0.19666666666666666 0.005714285714285714 0.014285714285714285
0 0.46285714285714286 0.0419047619047619 0.005714285714285714 0.015238095238095238
0 0.4164285714285714 0.15 0.008571428571428572 0.02
0 0.4767857142857143 0.4980952380952381 0.0064285714285714285 0.011428571428571429
0 0.185 0.3742857142857143 0.008571428571428572 0.009523809523809525
0 0.18714285714285714 0.38904761904761903 0.008571428571428572 0.008571428571428572
0 0.21428571428571427 0.38285714285714284 0.008571428571428572 0.011428571428571429