0 0.4932142857142857 0.24904761904761905 0.002142857142857143 0.006666666666666667
0 0.4953571428571429 0.25 0.002142857142857143 0.006666666666666667
0 0.48714285714285716 0.2761904761904762 0.0014285714285714286 0.007619047619047619
0 0.2839285714285714 0.7180952380952381 0.005 0.017142857142857144
0 0.6753571428571429 0.7385714285714285 0.009285714285714286 0.01619047619047619
0 0.6132142857142857 0.699047619047619 0.005 0.013333333333333334
0 0.8292857142857143 0.8342857142857143 0.008571428571428572 0.015238095238095238
0 0.3796428571428571 0.42857142857142855 0.002142857142857143 0.011428571428571429
0 0.4210714285714286 0.47285714285714286 0.0035714285714285713 0.012380952380952381
0 0.4025 0.4123809523809524 0.002142857142857143 0.011428571428571429
0 0.4060714285714286 0.39380952380952383 0.002142857142857143 0.012380952380952381
0 0.40464285714285714 0.4014285714285714 0.002142857142857143 0.010476190476190476
0 0.4107142857142857 0.3852380952380952 0.002857142857142857 0.010476190476190476
0 0.30392857142857144 0.43714285714285717 0.0035714285714285713 0.007619047619047619
0 0.30107142857142855 0.44047619047619047 0.0035714285714285713 0.008571428571428572
0 0.6021428571428571 0.5785714285714286 0.004285714285714286 0.01619047619047619