0 0.4695 0.267 0.005 0.01
0 0.4715 0.26266666666666666 0.006 0.013333333333333334
0 0.5635 0.22066666666666668 0.003 0.014666666666666666
0 0.5725 0.22633333333333333 0.004 0.016666666666666666
0 0.57625 0.23366666666666666 0.0035 0.016666666666666666
0 0.55225 0.292 0.0045 0.02
0 0.73025 0.10866666666666666 0.0025 0.008
0 0.7325 0.109 0.002 0.008666666666666666
0 0.72375 0.13566666666666666 0.0035 0.008666666666666666
0 0.71175 0.15366666666666667 0.0025 0.01
0 0.7095 0.154 0.002 0.008
0 0.72625 0.152 0.0035 0.009333333333333334
0 0.723 0.157 0.003 0.008666666666666666
0 0.69875 0.174 0.0045 0.014666666666666666
0 0.6945 0.174 0.004 0.013333333333333334
0 0.67725 0.178 0.0045 0.008
0 0.70475 0.171 0.0035 0.008666666666666666
0 0.70075 0.188 0.0045 0.010666666666666666
0 0.68325 0.19466666666666665 0.0035 0.012
0 0.67825 0.22433333333333333 0.0065 0.014
0 0.668 0.24166666666666667 0.005 0.018
0 0.66925 0.22966666666666666 0.0035 0.014
0 0.66525 0.22933333333333333 0.0045 0.014666666666666666
0 0.6665 0.225 0.004 0.016666666666666666
0 0.66275 0.22466666666666665 0.0055 0.016
0 0.662 0.22266666666666668 0.004 0.014666666666666666
0 0.659 0.22633333333333333 0.005 0.011333333333333334
0 0.69075 0.24833333333333332 0.0055 0.015333333333333332
0 0.69125 0.24333333333333335 0.0055 0.013333333333333334
0 0.67625 0.253 0.0055 0.015333333333333332
0 0.6775 0.264 0.006 0.014666666666666666
0 0.66625 0.279 0.0055 0.014
0 0.64925 0.25533333333333336 0.0045 0.02
0 0.6505 0.26466666666666666 0.004 0.013333333333333334
0 0.63975 0.2763333333333333 0.0065 0.019333333333333334
0 0.6455 0.2796666666666667 0.006 0.020666666666666667
0 0.63525 0.29 0.0055 0.016
0 0.63125 0.29433333333333334 0.0055 0.019333333333333334
0 0.628 0.305 0.006 0.026
0 0.62425 0.29 0.0065 0.012
0 0.60975 0.30933333333333335 0.0065 0.02266666666666667
0 0.633 0.32766666666666666 0.008 0.018
0 0.604 0.325 0.005 0.019333333333333334
0 0.61575 0.3323333333333333 0.0045 0.015333333333333332
0 0.611 0.32866666666666666 0.004 0.013333333333333334
0 0.5935 0.33866666666666667 0.008 0.024
0 0.572 0.3463333333333333 0.006 0.026
0 0.57725 0.3353333333333333 0.0075 0.017333333333333333
0 0.58975 0.32233333333333336 0.0085 0.012666666666666666
0 0.7015 0.40066666666666667 0.01 0.024
0 0.62575 0.401 0.0085 0.03
0 0.59475 0.3963333333333333 0.0075 0.026
0 0.54 0.395 0.012 0.024666666666666667
0 0.54075 0.4106666666666667 0.0075 0.016
0 0.70175 0.442 0.0095 0.02
0 0.69825 0.43966666666666665 0.0095 0.028666666666666667
0 0.53375 0.49266666666666664 0.0085 0.036
0 0.49075 0.5003333333333333 0.0095 0.026
0 0.596 0.516 0.009 0.030666666666666665
0 0.54925 0.499 0.0115 0.028666666666666667
0 0.52825 0.5286666666666666 0.0115 0.034666666666666665
0 0.51375 0.5173333333333333 0.0115 0.030666666666666665
0 0.52075 0.499 0.0045 0.023333333333333334
0 0.512 0.49666666666666665 0.01 0.02666666666666667
0 0.5225 0.5623333333333334 0.006 0.023333333333333334
0 0.514 0.5646666666666667 0.012 0.024
0 0.50325 0.569 0.0145 0.03266666666666666
0 0.4965 0.5883333333333334 0.009 0.019333333333333334
0 0.52775 0.5926666666666667 0.0175 0.034666666666666665
0 0.4645 0.541 0.013 0.03266666666666666
0 0.485 0.5443333333333333 0.008 0.03266666666666666
0 0.4925 0.54 0.005 0.016
0 0.49825 0.5256666666666666 0.0075 0.03133333333333333
0 0.48875 0.5456666666666666 0.0085 0.015333333333333332
0 0.473 0.566 0.013 0.016
0 0.4675 0.5766666666666667 0.016 0.025333333333333333
0 0.55775 0.532 0.0105 0.021333333333333333
0 0.59075 0.5076666666666667 0.0085 0.034
0 0.51425 0.634 0.0115 0.037333333333333336
0 0.435 0.6543333333333333 0.015 0.04066666666666666
0 0.44625 0.637 0.0115 0.034
0 0.45425 0.6436666666666667 0.0075 0.022
0 0.45025 0.6623333333333333 0.0125 0.03
0 0.454 0.694 0.015 0.04533333333333334
0 0.5055 0.6723333333333333 0.016 0.028666666666666667
0 0.476 0.7063333333333334 0.015 0.035333333333333335
0 0.44975 0.7823333333333333 0.0185 0.03266666666666666
0 0.35925 0.8226666666666667 0.0215 0.04666666666666667
0 0.4605 0.8393333333333334 0.019 0.052
0 0.31675 0.8176666666666667 0.0195 0.03933333333333333
0 0.512 0.885 0.013 0.04733333333333333
0 0.3365 0.8946666666666667 0.014 0.04666666666666667
0 0.3275 0.8796666666666667 0.015 0.051333333333333335
0 0.29525 0.918 0.0225 0.04933333333333333
0 0.2755 0.972 0.024 0.05466666666666667