0 0.242 0.961 0.007 0.018
0 0.2255 0.979 0.008 0.024666666666666667
0 0.222 0.9233333333333333 0.006 0.02266666666666667
0 0.2765 0.8763333333333333 0.008 0.022
0 0.2705 0.892 0.01 0.016
0 0.508 0.9066666666666666 0.008 0.02
0 0.42525 0.8163333333333334 0.0065 0.022
0 0.53925 0.7236666666666667 0.0065 0.015333333333333332
0 0.5445 0.7173333333333334 0.006 0.016
0 0.53675 0.6533333333333333 0.0045 0.013333333333333334
0 0.536 0.5996666666666667 0.005 0.015333333333333332
0 0.538 0.5756666666666667 0.004 0.012666666666666666
0 0.54075 0.55 0.0045 0.012
0 0.53875 0.532 0.0045 0.012
0 0.54525 0.45366666666666666 0.0035 0.01
0 0.53 0.42833333333333334 0.003 0.011333333333333334
0 0.53575 0.407 0.0035 0.008666666666666666
0 0.54475 0.384 0.0035 0.009333333333333334
0 0.376 0.555 0.004 0.011333333333333334
0 0.40425 0.49366666666666664 0.0035 0.01
0 0.39425 0.491 0.0025 0.008666666666666666
0 0.344 0.6613333333333333 0.006 0.013333333333333334
0 0.334 0.6623333333333333 0.005 0.014
0 0.31725 0.6856666666666666 0.0065 0.015333333333333332
0 0.287 0.7426666666666667 0.005 0.014666666666666666
0 0.30775 0.739 0.0055 0.016666666666666666
0 0.5785 0.5143333333333333 0.004 0.014
0 0.5725 0.5576666666666666 0.004 0.014
0 0.46075 0.307 0.0025 0.01
0 0.45225 0.3253333333333333 0.0025 0.008
0 0.55275 0.6743333333333333 0.0055 0.018