0 0.16357142857142856 0.008571428571428572 0.005714285714285714 0.011428571428571429
0 0.25535714285714284 0.005238095238095238 0.0064285714285714285 0.006666666666666667
0 0.03892857142857143 0.08285714285714285 0.009285714285714286 0.007619047619047619
0 0.12321428571428572 0.1976190476190476 0.010714285714285714 0.006666666666666667
0 0.9092857142857143 0.1457142857142857 0.007142857142857143 0.009523809523809525
0 0.9425 0.2785714285714286 0.007857142857142858 0.008571428571428572
0 0.9485714285714286 0.28095238095238095 0.005714285714285714 0.005714285714285714
0 0.9267857142857143 0.3342857142857143 0.0064285714285714285 0.005714285714285714
0 0.9275 0.3442857142857143 0.0064285714285714285 0.004761904761904762
0 0.9192857142857143 0.34285714285714286 0.007142857142857143 0.005714285714285714
0 0.9496428571428571 0.44952380952380955 0.007857142857142858 0.007619047619047619
0 0.9878571428571429 0.8157142857142857 0.005714285714285714 0.006666666666666667
0 0.9107142857142857 0.48333333333333334 0.002857142857142857 0.008571428571428572
0 0.9371428571428572 0.5914285714285714 0.01 0.011428571428571429
0 0.2664285714285714 0.1019047619047619 0.008571428571428572 0.009523809523809525
0 0.25142857142857145 0.12666666666666668 0.007142857142857143 0.007619047619047619
0 0.23 0.3952380952380952 0.007142857142857143 0.009523809523809525
0 0.29642857142857143 0.7404761904761905 0.005714285714285714 0.014285714285714285