0 0.417 0.6613333333333333 0.026 0.096
0 0.45875 0.6186666666666667 0.0255 0.08533333333333333
0 0.4375 0.591 0.016 0.078
0 0.35475 0.7513333333333333 0.0205 0.11733333333333333
0 0.36975 0.7333333333333333 0.0255 0.11066666666666666
0 0.35675 0.705 0.0295 0.10466666666666667
0 0.2455 0.659 0.029 0.042
0 0.2255 0.6516666666666666 0.035 0.051333333333333335
0 0.1745 0.6616666666666666 0.018 0.03666666666666667
0 0.37725 0.5926666666666667 0.0285 0.072
0 0.25875 0.44133333333333336 0.0075 0.036
0 0.266 0.441 0.011 0.034
0 0.11 0.4216666666666667 0.008 0.020666666666666667
0 0.15 0.414 0.008 0.012
0 0.3115 0.4176666666666667 0.009 0.022
0 0.32025 0.4136666666666667 0.0085 0.012666666666666666
0 0.27925 0.4086666666666667 0.0135 0.02266666666666667
0 0.21275 0.402 0.0065 0.014666666666666666
0 0.23675 0.39366666666666666 0.0065 0.008666666666666666
0 0.24225 0.3923333333333333 0.0045 0.007333333333333333
0 0.44575 0.435 0.0065 0.027333333333333334
0 0.4335 0.4533333333333333 0.01 0.03866666666666667
0 0.425 0.46 0.005 0.028
0 0.41975 0.454 0.0065 0.037333333333333336
0 0.41325 0.4563333333333333 0.0075 0.03666666666666667
0 0.36825 0.562 0.0175 0.06933333333333333
0 0.38925 0.508 0.0115 0.048
0 0.4335 0.5423333333333333 0.017 0.05533333333333333
0 0.44875 0.5193333333333333 0.0145 0.05733333333333333
0 0.4045 0.512 0.016 0.052
0 0.468 0.49866666666666665 0.011 0.02266666666666667
0 0.55575 0.5643333333333334 0.0235 0.062
0 0.651 0.5253333333333333 0.018 0.05333333333333334
0 0.662 0.5333333333333333 0.011 0.04533333333333334
0 0.6815 0.5283333333333333 0.018 0.056666666666666664
0 0.713 0.5626666666666666 0.02 0.064
0 0.74825 0.5926666666666667 0.0285 0.072
0 0.81325 0.5286666666666666 0.0195 0.048
0 0.6655 0.6613333333333333 0.03 0.052
0 0.7195 0.73 0.026 0.09333333333333334
0 0.86225 0.553 0.0175 0.06866666666666667
0 0.8965 0.6426666666666667 0.025 0.06133333333333333
0 0.91775 0.637 0.0275 0.078
0 0.23625 0.4493333333333333 0.0095 0.02266666666666667