0 0.25525 0.8056666666666666 0.0305 0.038
0 0.25725 0.7316666666666667 0.0355 0.04466666666666667
0 0.3535 0.8216666666666667 0.033 0.038
0 0.40175 0.8316666666666667 0.0255 0.048666666666666664
0 0.432 0.8413333333333334 0.027 0.048
0 0.40025 0.5776666666666667 0.0295 0.05266666666666667
0 0.70125 0.6016666666666667 0.0335 0.051333333333333335
0 0.63025 0.22566666666666665 0.0225 0.06066666666666667
0 0.5555 0.277 0.023 0.04066666666666666
0 0.57725 0.165 0.0245 0.06333333333333334
0 0.40225 0.307 0.0205 0.046
0 0.403 0.29333333333333333 0.017 0.032
0 0.319 0.255 0.03 0.051333333333333335
0 0.28975 0.23633333333333334 0.0315 0.06866666666666667
0 0.343 0.028333333333333332 0.028 0.056666666666666664