0 0.27218162839248433 0.8084415584415584 0.015135699373695199 0.032467532467532464
0 0.33402922755741127 0.7963821892393321 0.010438413361169102 0.039888682745825604
0 0.33507306889352817 0.6785714285714286 0.009394572025052192 0.026901669758812616
0 0.3397703549060543 0.6753246753246753 0.012526096033402923 0.04081632653061224
0 0.43789144050104384 0.6572356215213359 0.010438413361169102 0.045454545454545456
0 0.48643006263048016 0.5366419294990723 0.008350730688935281 0.02504638218923933
0 0.46998956158663885 0.44063079777365494 0.005741127348643006 0.02040816326530612
0 0.39613778705636743 0.2792207792207792 0.005219206680584551 0.02040816326530612
0 0.3930062630480167 0.2764378478664193 0.0041753653444676405 0.02040816326530612
0 0.44572025052192066 0.28710575139146566 0.003131524008350731 0.015769944341372914
0 0.47677453027139877 0.2824675324675325 0.0036534446764091857 0.013914656771799629
0 0.44154488517745305 0.21985157699443414 0.0041753653444676405 0.00927643784786642
0 0.4204070981210856 0.2017625231910946 0.0036534446764091857 0.013914656771799629
0 0.43241127348643005 0.1525974025974026 0.0036534446764091857 0.01020408163265306
0 0.4344989561586639 0.137291280148423 0.0036534446764091857 0.011131725417439703
0 0.43997912317327764 0.14888682745825602 0.0020876826722338203 0.008348794063079777
0 0.44937369519832987 0.13589981447124305 0.003131524008350731 0.008348794063079777
0 0.45041753653444677 0.14471243042671614 0.003131524008350731 0.00927643784786642
0 0.4339770354906054 0.161873840445269 0.0036534446764091857 0.008348794063079777
0 0.45407098121085593 0.18506493506493507 0.003131524008350731 0.01020408163265306
0 0.4329331941544885 0.12894248608534323 0.0026096033402922755 0.0055658627087198514
0 0.4744258872651357 0.1730055658627087 0.003131524008350731 0.008348794063079777
0 0.4772964509394572 0.16975881261595546 0.004697286012526096 0.012987012987012988
0 0.5018267223382046 0.19202226345083487 0.0026096033402922755 0.014842300556586271
0 0.47520876826722336 0.19480519480519481 0.0036534446764091857 0.00927643784786642
0 0.4890396659707724 0.22263450834879406 0.003131524008350731 0.014842300556586271
0 0.4953027139874739 0.22634508348794063 0.003131524008350731 0.014842300556586271
0 0.49086638830897705 0.23376623376623376 0.0036534446764091857 0.014842300556586271
0 0.4903444676409186 0.2852504638218924 0.006784968684759917 0.023191094619666047
0 0.5002609603340292 0.28014842300556586 0.004697286012526096 0.014842300556586271
0 0.5237473903966597 0.3687384044526902 0.004697286012526096 0.017625231910946195
0 0.5046972860125261 0.42810760667903525 0.006263048016701462 0.021335807050092765
0 0.5005219206680585 0.4253246753246753 0.006263048016701462 0.02504638218923933
0 0.6463987473903967 0.6038961038961039 0.006784968684759917 0.03339517625231911
0 0.5973382045929019 0.6080705009276438 0.008872651356993737 0.02504638218923933
0 0.5816805845511482 0.5992578849721707 0.012004175365344467 0.03710575139146568
0 0.569937369519833 0.6034322820037106 0.010438413361169102 0.03432282003710575
0 0.6330897703549061 0.8010204081632653 0.010438413361169102 0.04359925788497217
0 0.6524008350730689 0.23654916512059368 0.006263048016701462 0.027829313543599257
0 0.3990083507306889 0.12987012987012986 0.0026096033402922755 0.011131725417439703
0 0.43058455114822547 0.10760667903525047 0.0020876826722338203 0.00927643784786642
0 0.42954070981210857 0.10853432282003711 0.0020876826722338203 0.00927643784786642
0 0.4279749478079332 0.10807050092764378 0.0020876826722338203 0.008348794063079777
0 0.42693110647181626 0.10899814471243043 0.003131524008350731 0.008348794063079777
0 0.4329331941544885 0.08024118738404452 0.0026096033402922755 0.008348794063079777
0 0.42667014613778703 0.09044526901669758 0.0015657620041753654 0.006493506493506494
0 0.427713987473904 0.08998144712430427 0.0026096033402922755 0.0074211502782931356