0 0.8153571428571429 0.768095238095238 0.02642857142857143 0.06
0 0.6714285714285714 0.47523809523809524 0.017142857142857144 0.05333333333333334
0 0.3610714285714286 0.5133333333333333 0.015 0.047619047619047616
0 0.3792857142857143 0.5404761904761904 0.014285714285714285 0.04476190476190476
0 0.22607142857142856 0.6685714285714286 0.025 0.05142857142857143
0 0.8453571428571428 0.4780952380952381 0.016428571428571428 0.05142857142857143
0 0.7421428571428571 0.4576190476190476 0.015714285714285715 0.04476190476190476
0 0.3875 0.5190476190476191 0.02214285714285714 0.045714285714285714
0 0.3975 0.23904761904761904 0.012142857142857143 0.03238095238095238
0 0.7564285714285715 0.4585714285714286 0.015714285714285715 0.025714285714285714
0 0.7128571428571429 0.23761904761904762 0.012857142857142857 0.03142857142857143