0 0.8428571428571429 0.4038095238095238 0.024285714285714285 0.03238095238095238
0 0.8153571428571429 0.2866666666666667 0.019285714285714285 0.03428571428571429
0 0.81 0.3852380952380952 0.018571428571428572 0.025714285714285714
0 0.7828571428571428 0.5214285714285715 0.017142857142857144 0.03333333333333333
0 0.8417857142857142 0.10095238095238095 0.019285714285714285 0.04
0 0.8239285714285715 0.012857142857142857 0.016428571428571428 0.025714285714285714
0 0.125 0.5666666666666667 0.025714285714285714 0.024761904761904763
0 0.11071428571428571 0.5595238095238095 0.024285714285714285 0.025714285714285714
0 0.07964285714285714 0.48857142857142855 0.023571428571428573 0.022857142857142857
0 0.165 0.18666666666666668 0.024285714285714285 0.03619047619047619
0 0.38857142857142857 0.3466666666666667 0.014285714285714285 0.024761904761904763
0 0.2875 0.32095238095238093 0.015 0.02666666666666667
0 0.3425 0.1676190476190476 0.015 0.02666666666666667