0 0.7967857142857143 0.5380952380952381 0.0064285714285714285 0.017142857142857144
0 0.7935714285714286 0.5466666666666666 0.007142857142857143 0.01904761904761905
0 0.7235714285714285 0.5623809523809524 0.007142857142857143 0.021904761904761906
0 0.7296428571428571 0.5633333333333334 0.0064285714285714285 0.021904761904761906
0 0.7646428571428572 0.569047619047619 0.007857142857142858 0.02
0 0.755 0.6157142857142858 0.008571428571428572 0.02
0 0.6632142857142858 0.7552380952380953 0.009285714285714286 0.030476190476190476
0 0.6221428571428571 0.621904761904762 0.01 0.024761904761904763
0 0.13071428571428573 0.5538095238095239 0.01 0.023809523809523808
0 0.30392857142857144 0.42952380952380953 0.0064285714285714285 0.01904761904761905
0 0.6792857142857143 0.8709523809523809 0.012857142857142857 0.03142857142857143
0 0.4589285714285714 0.7371428571428571 0.005 0.01904761904761905
0 0.29892857142857143 0.8842857142857142 0.015 0.03142857142857143
0 0.28785714285714287 0.8376190476190476 0.01 0.037142857142857144
0 0.2857142857142857 0.7071428571428572 0.008571428571428572 0.029523809523809525
0 0.2825 0.689047619047619 0.007857142857142858 0.02