0 0.5003571428571428 0.20857142857142857 0.009285714285714286 0.02857142857142857
0 0.51 0.12380952380952381 0.01 0.02666666666666667
0 0.5167857142857143 0.19142857142857142 0.009285714285714286 0.030476190476190476
0 0.7685714285714286 0.08190476190476191 0.012857142857142857 0.024761904761904763
0 0.8010714285714285 0.09047619047619047 0.013571428571428571 0.022857142857142857
0 0.8142857142857143 0.08190476190476191 0.012857142857142857 0.030476190476190476
0 0.8217857142857142 0.11095238095238096 0.012142857142857143 0.02761904761904762
0 0.66 0.08761904761904762 0.01 0.02857142857142857
0 0.7046428571428571 0.15047619047619049 0.010714285714285714 0.02666666666666667
0 0.7975 0.15476190476190477 0.010714285714285714 0.03142857142857143
0 0.8296428571428571 0.18857142857142858 0.013571428571428571 0.022857142857142857
0 0.895 0.19666666666666666 0.02 0.023809523809523808
0 0.8725 0.3057142857142857 0.015 0.02095238095238095
0 0.7575 0.18333333333333332 0.010714285714285714 0.029523809523809525
0 0.7217857142857143 0.20666666666666667 0.012142857142857143 0.02095238095238095
0 0.9132142857142858 0.5976190476190476 0.009285714285714286 0.02
0 0.9742857142857143 0.9876190476190476 0.02857142857142857 0.013333333333333334
0 0.8164285714285714 0.9661904761904762 0.025714285714285714 0.021904761904761906
0 0.7446428571428572 0.8538095238095238 0.02214285714285714 0.010476190476190476
0 0.7596428571428572 0.8623809523809524 0.015 0.01619047619047619
0 0.7639285714285714 0.8157142857142857 0.017857142857142856 0.012380952380952381
0 0.7875 0.8357142857142857 0.016428571428571428 0.02
0 0.8064285714285714 0.8504761904761905 0.017142857142857144 0.022857142857142857
0 0.8196428571428571 0.8380952380952381 0.020714285714285713 0.015238095238095238
0 0.8017857142857143 0.8761904761904762 0.02214285714285714 0.02095238095238095
0 0.8135714285714286 0.8676190476190476 0.017142857142857144 0.015238095238095238
0 0.8128571428571428 0.8804761904761905 0.011428571428571429 0.01619047619047619
0 0.7289285714285715 0.7266666666666667 0.016428571428571428 0.02095238095238095
0 0.645 0.799047619047619 0.01 0.015238095238095238
0 0.5078571428571429 0.9461904761904761 0.012857142857142857 0.02761904761904762
0 0.5185714285714286 0.930952380952381 0.011428571428571429 0.025714285714285714
0 0.5514285714285714 0.909047619047619 0.01 0.014285714285714285
0 0.5017857142857143 0.3319047619047619 0.007857142857142858 0.021904761904761906
0 0.5082142857142857 0.38571428571428573 0.009285714285714286 0.02095238095238095
0 0.49214285714285716 0.4095238095238095 0.011428571428571429 0.02095238095238095
0 0.5192857142857142 0.4228571428571429 0.007142857142857143 0.013333333333333334
0 0.4925 0.4633333333333333 0.009285714285714286 0.01619047619047619
0 0.5010714285714286 0.4957142857142857 0.010714285714285714 0.018095238095238095
0 0.5410714285714285 0.5728571428571428 0.009285714285714286 0.014285714285714285
0 0.6978571428571428 0.37238095238095237 0.012857142857142857 0.017142857142857144
0 0.7082142857142857 0.3952380952380952 0.016428571428571428 0.02095238095238095