0 0.4303571428571429 0.819047619047619 0.02642857142857143 0.07428571428571429
0 0.5046428571428572 0.34904761904761905 0.016428571428571428 0.05047619047619047
0 0.44 0.37761904761904763 0.012857142857142857 0.04857142857142857
0 0.6117857142857143 0.47 0.016428571428571428 0.04666666666666667
0 0.4657142857142857 0.3342857142857143 0.017142857142857144 0.03428571428571429
0 0.1392857142857143 0.37714285714285717 0.018571428571428572 0.0419047619047619
0 0.5146428571428572 0.17142857142857143 0.010714285714285714 0.03619047619047619
0 0.5089285714285714 0.08714285714285715 0.007857142857142858 0.02761904761904762
0 0.49714285714285716 0.06190476190476191 0.007142857142857143 0.024761904761904763
0 0.4925 0.034761904761904765 0.0064285714285714285 0.023809523809523808
0 0.021785714285714287 0.76 0.04071428571428572 0.05904761904761905