0 0.5785714285714286 0.06916243654822335 0.004285714285714286 0.013959390862944163
0 0.4635714285714286 0.2436548223350254 0.002857142857142857 0.012690355329949238
0 0.4707142857142857 0.2436548223350254 0.002857142857142857 0.01015228426395939
0 0.4692857142857143 0.2430203045685279 0.004285714285714286 0.013959390862944163
0 0.47285714285714286 0.19035532994923857 0.005714285714285714 0.01015228426395939
0 0.46964285714285714 0.1814720812182741 0.005 0.012690355329949238
0 0.45107142857142857 0.07233502538071065 0.0035714285714285713 0.017766497461928935
0 0.4517857142857143 0.06662436548223351 0.002142857142857143 0.01649746192893401
0 0.49714285714285716 0.07677664974619289 0.007142857142857143 0.013959390862944163
0 0.7185714285714285 0.824238578680203 0.005714285714285714 0.01649746192893401
0 0.7235714285714285 0.8261421319796954 0.007142857142857143 0.015228426395939087
0 0.46285714285714286 0.5862944162436549 0.002857142857142857 0.012690355329949238
0 0.465 0.6154822335025381 0.005714285714285714 0.012690355329949238
0 0.43357142857142855 0.7303299492385786 0.005714285714285714 0.011421319796954314
0 0.43785714285714283 0.6789340101522843 0.004285714285714286 0.01015228426395939
0 0.4425 0.6846446700507615 0.0035714285714285713 0.008883248730964468
0 0.4492857142857143 0.13261421319796954 0.004285714285714286 0.011421319796954314
0 0.44571428571428573 0.13451776649746192 0.004285714285714286 0.012690355329949238