0 0.11821428571428572 0.5747619047619048 0.016428571428571428 0.023809523809523808
0 0.12107142857142857 0.5133333333333333 0.023571428571428573 0.03619047619047619
0 0.32321428571428573 0.09619047619047619 0.012142857142857143 0.02857142857142857
0 0.9625 0.5795238095238096 0.019285714285714285 0.03142857142857143
0 0.9596428571428571 0.6647619047619048 0.02214285714285714 0.024761904761904763
0 0.9882142857142857 0.7047619047619048 0.02214285714285714 0.022857142857142857
0 0.2935714285714286 0.18666666666666668 0.011428571428571429 0.03238095238095238
0 0.22357142857142856 0.30904761904761907 0.015714285714285715 0.023809523809523808
0 0.21785714285714286 0.3028571428571429 0.015714285714285715 0.02857142857142857
0 0.20535714285714285 0.11095238095238096 0.015 0.029523809523809525
0 0.12678571428571428 0.6361904761904762 0.019285714285714285 0.01904761904761905
0 0.2007142857142857 0.32476190476190475 0.01 0.015238095238095238
0 0.20035714285714284 0.31333333333333335 0.015 0.013333333333333334
0 0.4682142857142857 0.9871428571428571 0.019285714285714285 0.02
0 0.4689285714285714 0.969047619047619 0.017857142857142856 0.02
0 0.92 0.4957142857142857 0.017142857142857144 0.029523809523809525
0 0.9792857142857143 0.8152380952380952 0.015714285714285715 0.02666666666666667