0 0.3815 0.9836666666666667 0.014 0.028666666666666667
0 0.7065 0.831 0.01 0.034
0 0.6295 0.776 0.007 0.02666666666666667
0 0.62775 0.7673333333333333 0.0035 0.012
0 0.605 0.7876666666666666 0.006 0.022
0 0.537 0.758 0.007 0.017333333333333333
0 0.4765 0.6333333333333333 0.004 0.009333333333333334
0 0.47125 0.595 0.0025 0.007333333333333333
0 0.49725 0.5866666666666667 0.0025 0.005333333333333333
0 0.56 0.612 0.004 0.014666666666666666
0 0.56425 0.6023333333333334 0.0035 0.012666666666666666
0 0.542 0.609 0.004 0.011333333333333334
0 0.53175 0.6056666666666667 0.0035 0.008666666666666666
0 0.6075 0.6856666666666666 0.006 0.012666666666666666
0 0.625 0.7936666666666666 0.007 0.024666666666666667
0 0.278 0.662 0.005 0.016
0 0.4425 0.6233333333333333 0.005 0.013333333333333334
0 0.44 0.6653333333333333 0.004 0.017333333333333333
0 0.4865 0.655 0.004 0.015333333333333332
0 0.4845 0.6516666666666666 0.004 0.015333333333333332
0 0.491 0.6533333333333333 0.002 0.006666666666666667
0 0.48825 0.651 0.0025 0.007333333333333333
0 0.53125 0.57 0.0025 0.008
0 0.55275 0.6026666666666667 0.0025 0.009333333333333334
0 0.53225 0.5526666666666666 0.0025 0.008
0 0.518 0.541 0.002 0.007333333333333333
0 0.204 0.893 0.006 0.018
0 0.1945 0.8953333333333333 0.01 0.034666666666666665
0 0.193 0.889 0.004 0.01