0 0.6296428571428572 0.5634517766497462 0.009285714285714286 0.02284263959390863
0 0.6389285714285714 0.5196700507614214 0.009285714285714286 0.021573604060913704
0 0.6228571428571429 0.5196700507614214 0.007142857142857143 0.01649746192893401
0 0.6064285714285714 0.4993654822335025 0.008571428571428572 0.021573604060913704
0 0.6025 0.4365482233502538 0.007857142857142858 0.02284263959390863
0 0.5946428571428571 0.39593908629441626 0.007857142857142858 0.017766497461928935
0 0.7032142857142857 0.5019035532994924 0.009285714285714286 0.03426395939086294
0 0.6417857142857143 0.2696700507614213 0.0064285714285714285 0.01649746192893401
0 0.6153571428571428 0.25380710659898476 0.007857142857142858 0.015228426395939087
0 0.6221428571428571 0.17766497461928935 0.007142857142857143 0.012690355329949238
0 0.5782142857142857 0.1865482233502538 0.010714285714285714 0.03553299492385787
0 0.6067857142857143 0.07868020304568528 0.009285714285714286 0.02284263959390863
0 0.5964285714285714 0.07233502538071065 0.008571428571428572 0.02284263959390863
0 0.5321428571428571 0.0450507614213198 0.005714285714285714 0.01903553299492386
0 0.5396428571428571 0.16243654822335024 0.0064285714285714285 0.027918781725888325
0 0.5364285714285715 0.07868020304568528 0.007142857142857143 0.02030456852791878
0 0.6553571428571429 0.10152284263959391 0.0064285714285714285 0.017766497461928935
0 0.6532142857142857 0.07868020304568528 0.0064285714285714285 0.02284263959390863
0 0.6257142857142857 0.05012690355329949 0.005714285714285714 0.01903553299492386
0 0.6335714285714286 0.04314720812182741 0.004285714285714286 0.017766497461928935
0 0.6292857142857143 0.027918781725888325 0.004285714285714286 0.015228426395939087
0 0.6496428571428572 0.03934010152284264 0.009285714285714286 0.030456852791878174
0 0.5896428571428571 0.027918781725888325 0.013571428571428571 0.02284263959390863
0 0.5317857142857143 0.021573604060913704 0.010714285714285714 0.02030456852791878
0 0.11 0.3546954314720812 0.011428571428571429 0.021573604060913704
0 0.10535714285714286 0.3610406091370558 0.007857142857142858 0.021573604060913704
0 0.13607142857142857 0.8553299492385786 0.010714285714285714 0.02284263959390863
0 0.12928571428571428 0.8692893401015228 0.011428571428571429 0.02284263959390863
0 0.6364285714285715 0.04314720812182741 0.005714285714285714 0.015228426395939087
0 0.5360714285714285 0.04631979695431472 0.0064285714285714285 0.01649746192893401
0 0.6396428571428572 0.03426395939086294 0.0064285714285714285 0.017766497461928935
0 0.6167857142857143 0.18591370558375633 0.0035714285714285713 0.013959390862944163
0 0.6217857142857143 0.19543147208121828 0.0064285714285714285 0.02030456852791878
0 0.64 0.2785532994923858 0.004285714285714286 0.01903553299492386
0 0.6360714285714286 0.274746192893401 0.005 0.01649746192893401