0 0.7045 0.9146666666666666 0.021 0.034666666666666665
0 0.628 0.892 0.016 0.018666666666666668
0 0.97625 0.774 0.0215 0.02666666666666667
0 0.95725 0.8063333333333333 0.0275 0.028666666666666667
0 0.93275 0.7956666666666666 0.0245 0.028666666666666667
0 0.98225 0.5373333333333333 0.0175 0.030666666666666665
0 0.96175 0.5266666666666666 0.0205 0.03333333333333333
0 0.98925 0.38333333333333336 0.0145 0.029333333333333333
0 0.78075 0.433 0.0125 0.028666666666666667
0 0.83475 0.39866666666666667 0.0135 0.029333333333333333
0 0.80725 0.3596666666666667 0.0075 0.019333333333333334
0 0.8255 0.3436666666666667 0.012 0.024666666666666667
0 0.83075 0.3463333333333333 0.0085 0.019333333333333334
0 0.859 0.32866666666666666 0.01 0.025333333333333333
0 0.86975 0.332 0.0105 0.028
0 0.99575 0.2823333333333333 0.0075 0.024666666666666667
0 0.752 0.382 0.008 0.017333333333333333
0 0.73825 0.386 0.0085 0.016
0 0.69225 0.41533333333333333 0.0085 0.025333333333333333
0 0.6365 0.426 0.009 0.02666666666666667
0 0.67475 0.49033333333333334 0.0075 0.023333333333333334
0 0.668 0.4866666666666667 0.008 0.025333333333333333
0 0.571 0.7696666666666667 0.01 0.024666666666666667
0 0.587 0.7486666666666667 0.009 0.02
0 0.56725 0.7266666666666667 0.0125 0.02666666666666667
0 0.584 0.7083333333333334 0.011 0.03133333333333333
0 0.6105 0.7006666666666667 0.013 0.030666666666666665
0 0.6765 0.593 0.011 0.03133333333333333
0 0.6145 0.628 0.016 0.04133333333333333
0 0.6245 0.6906666666666667 0.01 0.030666666666666665
0 0.623 0.6766666666666666 0.015 0.03333333333333333
0 0.61625 0.6646666666666666 0.0065 0.013333333333333334
0 0.66225 0.548 0.0085 0.03866666666666667
0 0.654 0.5396666666666666 0.009 0.03
0 0.64025 0.533 0.0095 0.034
0 0.5925 0.5206666666666667 0.009 0.028
0 0.59975 0.526 0.0085 0.025333333333333333
0 0.47175 0.614 0.0085 0.03333333333333333
0 0.62775 0.434 0.0065 0.02
0 0.61725 0.438 0.0075 0.02
0 0.6075 0.43766666666666665 0.006 0.03133333333333333
0 0.60425 0.43666666666666665 0.0065 0.025333333333333333
0 0.60275 0.456 0.0085 0.029333333333333333
0 0.61575 0.4593333333333333 0.0065 0.028
0 0.59275 0.4573333333333333 0.0085 0.028
0 0.58575 0.44733333333333336 0.0075 0.024
0 0.56775 0.453 0.0085 0.020666666666666667
0 0.57325 0.4736666666666667 0.0065 0.03266666666666666
0 0.56675 0.508 0.0085 0.028
0 0.50525 0.5126666666666667 0.0085 0.032
0 0.49525 0.5216666666666666 0.0065 0.03133333333333333
0 0.5265 0.4656666666666667 0.008 0.027333333333333334
0 0.5485 0.4766666666666667 0.009 0.025333333333333333
0 0.556 0.462 0.008 0.029333333333333333
0 0.54975 0.45666666666666667 0.0065 0.029333333333333333
0 0.447 0.424 0.009 0.028
0 0.4385 0.393 0.007 0.018
0 0.4465 0.3883333333333333 0.007 0.015333333333333332
0 0.452 0.406 0.008 0.016
0 0.45 0.4 0.007 0.02
0 0.428 0.539 0.011 0.026
0 0.3845 0.975 0.015 0.04066666666666666
0 0.2955 0.712 0.019 0.04
0 0.1135 0.966 0.024 0.037333333333333336
0 0.0645 0.9803333333333333 0.035 0.03266666666666666
0 0.3695 0.5026666666666667 0.008 0.02266666666666667
0 0.3625 0.5106666666666667 0.013 0.024
0 0.36075 0.518 0.0105 0.021333333333333333
0 0.35075 0.5136666666666667 0.0075 0.01
0 0.33675 0.586 0.0165 0.017333333333333333
0 0.295 0.4866666666666667 0.014 0.030666666666666665
0 0.3 0.45966666666666667 0.013 0.027333333333333334
0 0.19975 0.367 0.0095 0.023333333333333334
0 0.1935 0.37066666666666664 0.008 0.021333333333333333
0 0.1275 0.30233333333333334 0.013 0.026
0 0.01725 0.276 0.0105 0.02266666666666667
0 0.03 0.28833333333333333 0.009 0.018
0 0.0045 0.2623333333333333 0.009 0.019333333333333334
0 0.00375 0.22 0.0075 0.012
0 0.056 0.219 0.01 0.020666666666666667
0 0.09725 0.04666666666666667 0.0045 0.014666666666666666
0 0.08725 0.036 0.0035 0.012
0 0.27925 0.25766666666666665 0.0075 0.027333333333333334
0 0.186 0.09833333333333333 0.006 0.01