0 0.19714285714285715 0.08883248730964467 0.002857142857142857 0.012690355329949238
0 0.21107142857142858 0.10723350253807107 0.0035714285714285713 0.011421319796954314
0 0.21142857142857144 0.12055837563451777 0.002857142857142857 0.012690355329949238
0 0.2382142857142857 0.12309644670050761 0.002142857142857143 0.01015228426395939
0 0.24142857142857144 0.14911167512690354 0.002857142857142857 0.011421319796954314
0 0.245 0.16687817258883247 0.002857142857142857 0.011421319796954314
0 0.24642857142857144 0.16560913705583757 0.002857142857142857 0.01649746192893401
0 0.25142857142857145 0.16053299492385786 0.004285714285714286 0.013959390862944163
0 0.2542857142857143 0.16053299492385786 0.002857142857142857 0.013959390862944163
0 0.25821428571428573 0.20621827411167512 0.0035714285714285713 0.013959390862944163
0 0.2867857142857143 0.27918781725888325 0.0035714285714285713 0.015228426395939087
0 0.3414285714285714 0.044416243654822336 0.002857142857142857 0.012690355329949238
0 0.39285714285714285 0.125 0.002857142857142857 0.013959390862944163
0 0.4232142857142857 0.22525380710659898 0.0035714285714285713 0.01649746192893401
0 0.4282142857142857 0.22461928934010153 0.002142857142857143 0.012690355329949238
0 0.6007142857142858 0.14657360406091371 0.004285714285714286 0.013959390862944163
0 0.6792857142857143 0.19098984771573604 0.004285714285714286 0.013959390862944163
0 0.5489285714285714 0.18781725888324874 0.0035714285714285713 0.017766497461928935
0 0.5325 0.19098984771573604 0.005 0.01649746192893401
0 0.4610714285714286 0.2398477157360406 0.0035714285714285713 0.017766497461928935
0 0.4735714285714286 0.23921319796954316 0.004285714285714286 0.01649746192893401
0 0.4760714285714286 0.24492385786802032 0.005 0.017766497461928935
0 0.5025 0.3280456852791878 0.0035714285714285713 0.01649746192893401
0 0.48178571428571426 0.3280456852791878 0.005 0.021573604060913704
0 0.4446428571428571 0.37182741116751267 0.005 0.02030456852791878
0 0.3607142857142857 0.3153553299492386 0.004285714285714286 0.021573604060913704
0 0.30142857142857143 0.34517766497461927 0.004285714285714286 0.02030456852791878
0 0.31357142857142856 0.3464467005076142 0.005714285714285714 0.02284263959390863
0 0.31464285714285717 0.342005076142132 0.005 0.021573604060913704
0 0.3171428571428571 0.4606598984771574 0.004285714285714286 0.02284263959390863
0 0.3007142857142857 0.4847715736040609 0.007142857142857143 0.02284263959390863
0 0.29035714285714287 0.5609137055837563 0.007857142857142858 0.025380710659898477
0 0.37642857142857145 0.9714467005076142 0.005714285714285714 0.024111675126903553
0 0.3578571428571429 0.9866751269035533 0.005714285714285714 0.01903553299492386
0 0.3625 0.9625634517766497 0.0064285714285714285 0.021573604060913704
0 0.35642857142857143 0.9137055837563451 0.007142857142857143 0.02030456852791878
0 0.33464285714285713 0.7639593908629442 0.005 0.02030456852791878
0 0.3425 0.7614213197969543 0.0064285714285714285 0.02030456852791878
0 0.3357142857142857 0.7538071065989848 0.005714285714285714 0.02030456852791878
0 0.3246428571428571 0.5139593908629442 0.005 0.02030456852791878
0 0.42178571428571426 0.5342639593908629 0.0035714285714285713 0.02030456852791878
0 0.5175 0.48921319796954316 0.005 0.01903553299492386
0 0.5332142857142858 0.49428934010152287 0.0035714285714285713 0.01903553299492386
0 0.5460714285714285 0.5044416243654822 0.005 0.021573604060913704
0 0.5946428571428571 0.6173857868020305 0.0035714285714285713 0.011421319796954314
0 0.6153571428571428 0.6675126903553299 0.005 0.025380710659898477
0 0.5992857142857143 0.6192893401015228 0.004285714285714286 0.02030456852791878
0 0.6221428571428571 0.6605329949238579 0.004285714285714286 0.021573604060913704