0 0.2035490605427975 0.7365491651205937 0.018789144050104383 0.05009276437847866
0 0.5271398747390397 0.28432282003710574 0.007306889352818371 0.032467532467532464
0 0.5294885177453027 0.2750463821892393 0.009916492693110648 0.030612244897959183
0 0.5999478079331941 0.7532467532467533 0.012004175365344467 0.05009276437847866
0 0.6153444676409185 0.8469387755102041 0.018789144050104383 0.03339517625231911
0 0.7562630480167014 0.7588126159554731 0.009394572025052192 0.05009276437847866
0 0.7601774530271399 0.7578849721706865 0.009916492693110648 0.029684601113172542
0 0.56758872651357 0.5426716141001855 0.010960334029227558 0.02411873840445269
0 0.5668058455114823 0.5347866419294991 0.011482254697286013 0.030612244897959183
0 0.5947286012526096 0.25092764378478666 0.005741127348643006 0.0287569573283859
0 0.5715031315240083 0.18228200371057515 0.008350730688935281 0.017625231910946195
0 0.5200939457202505 0.17764378478664192 0.006784968684759917 0.0287569573283859
0 0.6043841336116911 0.14053803339517626 0.006263048016701462 0.0287569573283859
0 0.625 0.1461038961038961 0.005741127348643006 0.02504638218923933
0 0.590553235908142 0.1331168831168831 0.02661795407098121 0.038033395176252316
0 0.5634133611691023 0.09461966604823747 0.006784968684759917 0.02411873840445269
0 0.49947807933194155 0.08163265306122448 0.005219206680584551 0.02411873840445269
0 0.4697286012526096 0.12755102040816327 0.0041753653444676405 0.015769944341372914
0 0.44832985386221297 0.10482374768089053 0.005219206680584551 0.025974025974025976
0 0.5845511482254697 0.06818181818181818 0.005219206680584551 0.023191094619666047
0 0.5900313152400835 0.07142857142857142 0.005741127348643006 0.02411873840445269
0 0.5819415448851775 0.04823747680890538 0.005219206680584551 0.02411873840445269
0 0.4822546972860125 0.05658627087198516 0.007306889352818371 0.025974025974025976
0 0.5534968684759917 0.03200371057513915 0.005741127348643006 0.02504638218923933
0 0.5991649269311065 0.034786641929499075 0.005219206680584551 0.023191094619666047
0 0.5592379958246346 0.02504638218923933 0.004697286012526096 0.02040816326530612