0 0.2764285714285714 0.06852791878172589 0.002857142857142857 0.01015228426395939
0 0.3360714285714286 0.14911167512690354 0.0035714285714285713 0.01649746192893401
0 0.3992857142857143 0.13895939086294415 0.007142857142857143 0.01903553299492386
0 0.29 0.19225888324873097 0.002857142857142857 0.011421319796954314
0 0.27535714285714286 0.19543147208121828 0.0035714285714285713 0.007614213197969543
0 0.2925 0.1998730964467005 0.0035714285714285713 0.013959390862944163
0 0.2782142857142857 0.20241116751269037 0.0035714285714285713 0.011421319796954314
0 0.2767857142857143 0.21065989847715735 0.0035714285714285713 0.012690355329949238
0 0.27035714285714285 0.2036802030456853 0.005 0.011421319796954314
0 0.20035714285714284 0.3001269035532995 0.0064285714285714285 0.011421319796954314
0 0.3992857142857143 0.3166243654822335 0.004285714285714286 0.011421319796954314
0 0.3510714285714286 0.3483502538071066 0.002142857142857143 0.008883248730964468
0 0.3525 0.3413705583756345 0.0035714285714285713 0.012690355329949238
0 0.3539285714285714 0.3464467005076142 0.002142857142857143 0.012690355329949238
0 0.14964285714285713 0.309010152284264 0.0035714285714285713 0.011421319796954314
0 0.045714285714285714 0.3883248730964467 0.004285714285714286 0.01015228426395939
0 0.03678571428571428 0.39593908629441626 0.005 0.01015228426395939
0 0.08071428571428571 0.34581218274111675 0.004285714285714286 0.013959390862944163
0 0.045714285714285714 0.37944162436548223 0.005714285714285714 0.01015228426395939
0 0.03642857142857143 0.3883248730964467 0.004285714285714286 0.01015228426395939
0 0.33464285714285713 0.5628172588832487 0.007857142857142858 0.011421319796954314
0 0.34285714285714286 0.575507614213198 0.002857142857142857 0.011421319796954314
0 0.6635714285714286 0.3883248730964467 0.004285714285714286 0.012690355329949238
0 0.6257142857142857 0.1947969543147208 0.002857142857142857 0.011421319796954314
0 0.6364285714285715 0.2151015228426396 0.002857142857142857 0.013959390862944163
0 0.6175 0.1947969543147208 0.002142857142857143 0.011421319796954314
0 0.6228571428571429 0.19035532994923857 0.004285714285714286 0.015228426395939087
0 0.6264285714285714 0.15228426395939088 0.004285714285714286 0.007614213197969543
0 0.6235714285714286 0.14720812182741116 0.002857142857142857 0.01015228426395939
0 0.6321428571428571 0.15038071065989847 0.002857142857142857 0.013959390862944163
0 0.6317857142857143 0.13769035532994925 0.002142857142857143 0.011421319796954314
0 0.6307142857142857 0.1313451776649746 0.002857142857142857 0.008883248730964468
0 0.5421428571428571 0.12626903553299493 0.002857142857142857 0.011421319796954314
0 0.5367857142857143 0.12373096446700507 0.002142857142857143 0.013959390862944163
0 0.5532142857142858 0.25761421319796957 0.0035714285714285713 0.01015228426395939
0 0.5171428571428571 0.2563451776649746 0.004285714285714286 0.01015228426395939