0 0.62275 0.904 0.0165 0.029333333333333333
0 0.55375 0.8396666666666667 0.0105 0.04466666666666667
0 0.543 0.8386666666666667 0.011 0.04666666666666667
0 0.531 0.822 0.014 0.052
0 0.555 0.6843333333333333 0.008 0.03133333333333333
0 0.54025 0.6976666666666667 0.0085 0.03266666666666666
0 0.54 0.688 0.008 0.032
0 0.5515 0.6483333333333333 0.007 0.023333333333333334
0 0.56375 0.668 0.0055 0.021333333333333333
0 0.551 0.5973333333333334 0.005 0.021333333333333333
0 0.57075 0.5736666666666667 0.0045 0.020666666666666667
0 0.50325 0.6 0.0055 0.021333333333333333
0 0.49925 0.6336666666666667 0.0075 0.024666666666666667
0 0.5115 0.632 0.006 0.021333333333333333
0 0.48475 0.558 0.0045 0.017333333333333333
0 0.52925 0.5513333333333333 0.0045 0.018666666666666668
0 0.52275 0.6023333333333334 0.0055 0.015333333333333332
0 0.53625 0.553 0.0045 0.018
0 0.5405 0.5523333333333333 0.005 0.020666666666666667
0 0.5315 0.582 0.005 0.016
0 0.503 0.506 0.003 0.013333333333333334
0 0.5055 0.49966666666666665 0.004 0.012666666666666666
0 0.5085 0.5203333333333333 0.003 0.011333333333333334
0 0.55325 0.5246666666666666 0.0035 0.017333333333333333
0 0.535 0.528 0.005 0.014666666666666666
0 0.53175 0.5096666666666667 0.0045 0.014
0 0.5355 0.5133333333333333 0.004 0.012
0 0.5245 0.505 0.003 0.012666666666666666
0 0.51725 0.44566666666666666 0.0025 0.008666666666666666
0 0.6005 0.47333333333333333 0.004 0.009333333333333334