0 0.0325 0.9171428571428571 0.027857142857142858 0.01904761904761905
0 0.45357142857142857 0.7023809523809523 0.011428571428571429 0.018095238095238095
0 0.4707142857142857 0.7023809523809523 0.011428571428571429 0.023809523809523808
0 0.4732142857142857 0.6828571428571428 0.010714285714285714 0.02095238095238095
0 0.4875 0.6904761904761905 0.009285714285714286 0.024761904761904763
0 0.48678571428571427 0.71 0.012142857142857143 0.02
0 0.5071428571428571 0.5423809523809524 0.008571428571428572 0.02
0 0.575 0.6128571428571429 0.008571428571428572 0.023809523809523808
0 0.6796428571428571 0.20904761904761904 0.009285714285714286 0.01619047619047619
0 0.8817857142857143 0.25047619047619046 0.013571428571428571 0.022857142857142857
0 0.7246428571428571 0.9285714285714286 0.013571428571428571 0.017142857142857144
0 0.7946428571428571 0.8714285714285714 0.019285714285714285 0.02095238095238095
0 0.7728571428571429 0.8504761904761905 0.018571428571428572 0.01904761904761905
0 0.795 0.8366666666666667 0.015714285714285715 0.014285714285714285
0 0.8971428571428571 0.7928571428571428 0.017142857142857144 0.018095238095238095
0 0.8946428571428572 0.7761904761904762 0.019285714285714285 0.01904761904761905
0 0.9128571428571428 0.7723809523809524 0.015714285714285715 0.017142857142857144
0 0.9496428571428571 0.7304761904761905 0.017857142857142856 0.02666666666666667
0 0.9607142857142857 0.7142857142857143 0.011428571428571429 0.015238095238095238
0 0.9657142857142857 0.7466666666666667 0.017142857142857144 0.02095238095238095
0 0.9857142857142858 0.758095238095238 0.024285714285714285 0.02095238095238095
0 0.9932142857142857 0.7814285714285715 0.013571428571428571 0.018095238095238095