0 0.97875 0.651 0.0135 0.015333333333333332
0 0.0325 0.5316666666666666 0.004 0.015333333333333332
0 0.24025 0.5236666666666666 0.0055 0.015333333333333332
0 0.2465 0.5256666666666666 0.007 0.019333333333333334
0 0.29125 0.5363333333333333 0.0055 0.019333333333333334
0 0.26475 0.5256666666666666 0.0025 0.014
0 0.25175 0.5263333333333333 0.0055 0.015333333333333332
0 0.3425 0.549 0.005 0.019333333333333334
0 0.458 0.5463333333333333 0.007 0.016666666666666666
0 0.4735 0.5156666666666667 0.003 0.022
0 0.417 0.5546666666666666 0.004 0.02
0 0.423 0.557 0.004 0.015333333333333332
0 0.66075 0.647 0.0085 0.023333333333333334
0 0.56925 0.8496666666666667 0.0135 0.04066666666666666
0 0.57475 0.8476666666666667 0.0075 0.019333333333333334
0 0.524 0.5753333333333334 0.004 0.025333333333333333
0 0.1315 0.49433333333333335 0.006 0.018
0 0.24575 0.4563333333333333 0.0055 0.012666666666666666
0 0.2625 0.44666666666666666 0.007 0.010666666666666666
0 0.437 0.5806666666666667 0.008 0.024
0 0.4915 0.545 0.007 0.016666666666666666
0 0.527 0.5493333333333333 0.01 0.013333333333333334