0 0.5557142857142857 0.5295238095238095 0.01 0.013333333333333334
0 0.635 0.4757142857142857 0.007142857142857143 0.012380952380952381
0 0.39321428571428574 0.2866666666666667 0.005 0.013333333333333334
0 0.34535714285714286 0.2195238095238095 0.005 0.01619047619047619
0 0.40535714285714286 0.24904761904761905 0.0035714285714285713 0.012380952380952381
0 0.3917857142857143 0.4876190476190476 0.0064285714285714285 0.011428571428571429
0 0.3182142857142857 0.4895238095238095 0.0064285714285714285 0.013333333333333334
0 0.24464285714285713 0.4614285714285714 0.007857142857142858 0.012380952380952381
0 0.3175 0.13428571428571429 0.0064285714285714285 0.015238095238095238
0 0.14964285714285713 0.025238095238095237 0.005 0.010476190476190476
0 0.05964285714285714 0.1980952380952381 0.009285714285714286 0.015238095238095238
0 0.09678571428571428 0.2919047619047619 0.0064285714285714285 0.014285714285714285
0 0.12714285714285714 0.2419047619047619 0.007142857142857143 0.011428571428571429
0 0.43714285714285717 0.3628571428571429 0.004285714285714286 0.015238095238095238
0 0.7753571428571429 0.8995238095238095 0.0064285714285714285 0.010476190476190476