0 0.53825 0.794 0.0085 0.036
0 0.60475 0.6673333333333333 0.0095 0.02666666666666667
0 0.19325 0.767 0.0125 0.03
0 0.20825 0.7616666666666667 0.0165 0.026
0 0.653 0.636 0.007 0.028
0 0.6775 0.651 0.007 0.03
0 0.225 0.48233333333333334 0.005 0.015333333333333332
0 0.37625 0.4796666666666667 0.0045 0.016666666666666666
0 0.62525 0.38233333333333336 0.0015 0.006
0 0.64475 0.3923333333333333 0.0025 0.007333333333333333
0 0.724 0.404 0.004 0.009333333333333334
0 0.628 0.42533333333333334 0.003 0.012
0 0.5965 0.42733333333333334 0.002 0.008
0 0.67 0.42966666666666664 0.003 0.008666666666666666
0 0.67025 0.425 0.0025 0.008666666666666666
0 0.67525 0.42933333333333334 0.0035 0.008
0 0.6945 0.436 0.003 0.010666666666666666
0 0.70825 0.43233333333333335 0.0055 0.007333333333333333
0 0.71125 0.42866666666666664 0.0025 0.006666666666666667
0 0.75075 0.44466666666666665 0.0035 0.013333333333333334
0 0.774 0.4633333333333333 0.004 0.014666666666666666
0 0.7805 0.463 0.003 0.012666666666666666
0 0.78475 0.462 0.0035 0.012
0 0.87375 0.43133333333333335 0.0035 0.006666666666666667
0 0.9175 0.46166666666666667 0.007 0.01
0 0.66175 0.46366666666666667 0.0045 0.01
0 0.6595 0.4633333333333333 0.003 0.010666666666666666