0 0.23892857142857143 0.9738095238095238 0.03214285714285714 0.03333333333333333
0 0.23142857142857143 0.4676190476190476 0.02142857142857143 0.02095238095238095
0 0.8371428571428572 0.2519047619047619 0.02 0.035238095238095235
0 0.6164285714285714 0.07523809523809524 0.017142857142857144 0.02857142857142857
0 0.3382142857142857 0.29714285714285715 0.019285714285714285 0.03428571428571429
0 0.8542857142857143 0.9542857142857143 0.025714285714285714 0.03238095238095238
0 0.725 0.8866666666666667 0.02 0.02095238095238095
0 0.6267857142857143 0.9771428571428571 0.019285714285714285 0.024761904761904763
0 0.7185714285714285 0.9742857142857143 0.024285714285714285 0.022857142857142857
0 0.7567857142857143 0.969047619047619 0.02214285714285714 0.021904761904761906
0 0.7192857142857143 0.950952380952381 0.015714285714285715 0.018095238095238095
0 0.7453571428571428 0.9771428571428571 0.017857142857142856 0.022857142857142857
0 0.9842857142857143 0.9328571428571428 0.03142857142857143 0.02761904761904762
0 0.9710714285714286 0.5476190476190477 0.03357142857142857 0.02095238095238095
0 0.99 0.5514285714285714 0.02 0.022857142857142857