0 0.02725 0.6366666666666667 0.0125 0.024
0 0.589 0.502 0.007 0.021333333333333333
0 0.5885 0.454 0.003 0.017333333333333333
0 0.57725 0.426 0.0045 0.013333333333333334
0 0.5855 0.423 0.003 0.012666666666666666
0 0.5145 0.3596666666666667 0.003 0.008666666666666666
0 0.428 0.333 0.002 0.006
0 0.43525 0.332 0.0015 0.005333333333333333
0 0.72275 0.4696666666666667 0.0075 0.012666666666666666
0 0.72775 0.4676666666666667 0.0045 0.011333333333333334
0 0.72175 0.4633333333333333 0.0045 0.009333333333333334
0 0.53525 0.351 0.0015 0.007333333333333333
0 0.531 0.35133333333333333 0.002 0.008