0 0.45925 0.7323333333333333 0.0225 0.046
0 0.4655 0.6336666666666667 0.018 0.04466666666666667
0 0.45725 0.5956666666666667 0.0175 0.04466666666666667
0 0.45675 0.47 0.0145 0.04666666666666667
0 0.4275 0.439 0.015 0.04733333333333333
0 0.40725 0.428 0.0145 0.04666666666666667
0 0.3535 0.42433333333333334 0.021 0.051333333333333335
0 0.164 0.6576666666666666 0.029 0.048666666666666664
0 0.49275 0.22633333333333333 0.0105 0.038
0 0.4215 0.049 0.012 0.034
0 0.36825 0.019666666666666666 0.0105 0.03266666666666666
0 0.39325 0.14433333333333334 0.0115 0.034
0 0.3935 0.14766666666666667 0.01 0.023333333333333334
0 0.414 0.012333333333333333 0.01 0.024666666666666667