0 0.6760714285714285 0.2766497461928934 0.0064285714285714285 0.025380710659898477
0 0.7039285714285715 0.3870558375634518 0.005 0.02030456852791878
0 0.6760714285714285 0.3401015228426396 0.005 0.015228426395939087
0 0.7332142857142857 0.3343908629441624 0.007857142857142858 0.024111675126903553
0 0.8396428571428571 0.7296954314720813 0.009285714285714286 0.02030456852791878
0 0.8139285714285714 0.6649746192893401 0.010714285714285714 0.02284263959390863
0 0.7557142857142857 0.5285532994923858 0.005714285714285714 0.01649746192893401
0 0.7496428571428572 0.5190355329949239 0.007857142857142858 0.02030456852791878
0 0.9267857142857143 0.9714467005076142 0.012142857142857143 0.01649746192893401
0 0.8996428571428572 0.8692893401015228 0.009285714285714286 0.02030456852791878
0 0.6614285714285715 0.16243654822335024 0.002857142857142857 0.02030456852791878
0 0.6578571428571428 0.16243654822335024 0.005714285714285714 0.02030456852791878
0 0.6453571428571429 0.16116751269035534 0.002142857142857143 0.017766497461928935
0 0.6775 0.1814720812182741 0.005 0.012690355329949238
0 0.6732142857142858 0.18972081218274112 0.0064285714285714285 0.021573604060913704