0 0.278 0.811 0.014 0.026
0 0.2855 0.8136666666666666 0.008 0.020666666666666667
0 0.3495 0.668 0.013 0.028
0 0.34275 0.6433333333333333 0.0095 0.02
0 0.32675 0.6343333333333333 0.0095 0.020666666666666667
0 0.30825 0.6513333333333333 0.0095 0.02266666666666667
0 0.5325 0.354 0.006 0.02
0 0.477 0.334 0.005 0.018666666666666668
0 0.48475 0.3253333333333333 0.0065 0.017333333333333333
0 0.464 0.216 0.005 0.014666666666666666
0 0.55375 0.10866666666666666 0.0035 0.010666666666666666
0 0.56575 0.111 0.0045 0.012666666666666666
0 0.63525 0.195 0.0055 0.014
0 0.66125 0.19166666666666668 0.0045 0.015333333333333332
0 0.69525 0.22033333333333333 0.0055 0.016666666666666666
0 0.63075 0.11933333333333333 0.0045 0.012
0 0.63525 0.11933333333333333 0.0045 0.012
0 0.66975 0.09733333333333333 0.0035 0.012
0 0.67425 0.09733333333333333 0.0045 0.010666666666666666
0 0.6775 0.099 0.003 0.01
0 0.84625 0.14266666666666666 0.0055 0.010666666666666666
0 0.8385 0.141 0.005 0.011333333333333334