0 0.5265 0.5633333333333334 0.012 0.025333333333333333
0 0.733 0.43266666666666664 0.009 0.02
0 0.778 0.4713333333333333 0.01 0.02266666666666667
0 0.7835 0.479 0.011 0.024666666666666667
0 0.7945 0.4786666666666667 0.009 0.02266666666666667
0 0.79125 0.4726666666666667 0.0095 0.02
0 0.9825 0.5583333333333333 0.018 0.03933333333333333
0 0.987 0.4746666666666667 0.013 0.036
0 0.956 0.456 0.012 0.029333333333333333
0 0.98525 0.6606666666666666 0.0185 0.04533333333333334
0 0.9935 0.6796666666666666 0.012 0.04066666666666666
0 0.99525 0.47533333333333333 0.0085 0.03333333333333333
0 0.9795 0.439 0.011 0.028666666666666667
0 0.99375 0.40066666666666667 0.0115 0.025333333333333333
0 0.99525 0.4226666666666667 0.0085 0.021333333333333333
0 0.93975 0.36733333333333335 0.0115 0.02
0 0.9505 0.363 0.011 0.027333333333333334
0 0.9455 0.35733333333333334 0.008 0.021333333333333333
0 0.95075 0.3526666666666667 0.0085 0.024
0 0.928 0.3526666666666667 0.009 0.024
0 0.93425 0.3413333333333333 0.0065 0.018666666666666668
0 0.933 0.3463333333333333 0.006 0.018
0 0.9355 0.35233333333333333 0.006 0.015333333333333332
0 0.91125 0.36566666666666664 0.0065 0.018
0 0.8645 0.3466666666666667 0.008 0.02
0 0.84525 0.34 0.0075 0.021333333333333333
0 0.76325 0.33066666666666666 0.0055 0.02266666666666667
0 0.73375 0.3253333333333333 0.0065 0.02
0 0.521 0.37566666666666665 0.009 0.022
0 0.50175 0.378 0.0075 0.017333333333333333
0 0.50675 0.37966666666666665 0.0045 0.018
0 0.48625 0.4206666666666667 0.0085 0.02266666666666667
0 0.4565 0.353 0.007 0.020666666666666667
0 0.46575 0.344 0.0065 0.021333333333333333
0 0.44325 0.344 0.0065 0.02
0 0.4165 0.3333333333333333 0.006 0.02
0 0.3355 0.318 0.009 0.014666666666666666
0 0.43775 0.245 0.0045 0.015333333333333332
0 0.5615 0.281 0.005 0.018
0 0.568 0.2796666666666667 0.005 0.018
0 0.67175 0.3566666666666667 0.0045 0.018666666666666668
0 0.655 0.32666666666666666 0.005 0.021333333333333333
0 0.65275 0.32233333333333336 0.0045 0.022
0 0.66025 0.31966666666666665 0.0065 0.019333333333333334
0 0.67225 0.32266666666666666 0.0055 0.018666666666666668
0 0.701 0.307 0.006 0.022
0 0.72275 0.31533333333333335 0.0045 0.02
0 0.71625 0.29 0.0035 0.018666666666666668
0 0.685 0.3 0.007 0.014666666666666666
0 0.67925 0.30266666666666664 0.0045 0.017333333333333333
0 0.69375 0.2996666666666667 0.0035 0.016666666666666666
0 0.72425 0.2673333333333333 0.0045 0.016
0 0.728 0.25866666666666666 0.004 0.014666666666666666
0 0.7325 0.25766666666666665 0.004 0.014
0 0.74 0.25233333333333335 0.004 0.012666666666666666
0 0.754 0.24 0.005 0.014666666666666666
0 0.76275 0.24133333333333334 0.0045 0.014666666666666666
0 0.75125 0.25733333333333336 0.0045 0.014666666666666666
0 0.74775 0.25933333333333336 0.0035 0.016
0 0.7525 0.263 0.003 0.014
0 0.7165 0.25266666666666665 0.003 0.014666666666666666
0 0.714 0.252 0.004 0.014666666666666666
0 0.71325 0.24766666666666667 0.0035 0.015333333333333332
0 0.7265 0.25233333333333335 0.004 0.014
0 0.709 0.295 0.007 0.019333333333333334
0 0.73675 0.262 0.0025 0.009333333333333334
0 0.73275 0.264 0.0045 0.014666666666666666
0 0.72925 0.27166666666666667 0.0035 0.016666666666666666
0 0.72575 0.272 0.0045 0.017333333333333333
0 0.744 0.25966666666666666 0.004 0.016666666666666666
0 0.74525 0.246 0.0055 0.018666666666666668
0 0.75675 0.24266666666666667 0.0035 0.013333333333333334
0 0.751 0.247 0.004 0.014
0 0.722 0.25866666666666666 0.004 0.016
0 0.74925 0.265 0.0045 0.014
0 0.92575 0.331 0.0065 0.011333333333333334
0 0.921 0.317 0.007 0.020666666666666667
0 0.9225 0.295 0.01 0.011333333333333334
0 0.93125 0.2956666666666667 0.0065 0.011333333333333334
0 0.91225 0.3 0.0055 0.017333333333333333
0 0.92025 0.271 0.0055 0.01
0 0.9125 0.27066666666666667 0.005 0.014666666666666666
0 0.8995 0.265 0.006 0.015333333333333332
0 0.834 0.25233333333333335 0.005 0.015333333333333332
0 0.7245 0.19066666666666668 0.004 0.012