0 0.5921428571428572 0.16666666666666666 0.002857142857142857 0.007619047619047619
0 0.5171428571428571 0.23666666666666666 0.002857142857142857 0.008571428571428572
0 0.675 0.027142857142857142 0.0014285714285714286 0.004761904761904762
0 0.7414285714285714 0.12761904761904763 0.002857142857142857 0.011428571428571429
0 0.7467857142857143 0.1280952380952381 0.002142857142857143 0.006666666666666667
0 0.6021428571428571 0.8233333333333334 0.008571428571428572 0.01619047619047619
0 0.6157142857142858 0.7238095238095238 0.008571428571428572 0.02095238095238095
0 0.42142857142857143 0.5442857142857143 0.01 0.02
0 0.5617857142857143 0.26666666666666666 0.005 0.009523809523809525
0 0.7307142857142858 0.12380952380952381 0.002857142857142857 0.007619047619047619
0 0.6796428571428571 0.4085714285714286 0.0064285714285714285 0.009523809523809525