0 0.3578571428571429 0.26078680203045684 0.002857142857142857 0.011421319796954314
0 0.3385714285714286 0.2969543147208122 0.002857142857142857 0.01015228426395939
0 0.3417857142857143 0.3052030456852792 0.002142857142857143 0.013959390862944163
0 0.3342857142857143 0.3280456852791878 0.002857142857142857 0.01649746192893401
0 0.32857142857142857 0.32741116751269034 0.002857142857142857 0.012690355329949238
0 0.26964285714285713 0.5748730964467005 0.0035714285714285713 0.015228426395939087
0 0.2692857142857143 0.5520304568527918 0.004285714285714286 0.015228426395939087
0 0.26071428571428573 0.6979695431472082 0.004285714285714286 0.015228426395939087
0 0.25107142857142856 0.6998730964467005 0.0035714285714285713 0.013959390862944163
0 0.22142857142857142 0.9682741116751269 0.008571428571428572 0.02030456852791878
0 0.3117857142857143 0.9612944162436549 0.005 0.01649746192893401
0 0.35035714285714287 0.9390862944162437 0.0064285714285714285 0.015228426395939087
0 0.25642857142857145 0.9194162436548223 0.004285714285714286 0.013959390862944163
0 0.36 0.9321065989847716 0.007142857142857143 0.01649746192893401
0 0.3603571428571429 0.9454314720812182 0.0064285714285714285 0.015228426395939087
0 0.4060714285714286 0.8756345177664975 0.0035714285714285713 0.02030456852791878
0 0.4282142857142857 0.9041878172588832 0.005 0.01903553299492386
0 0.47714285714285715 0.8800761421319797 0.007142857142857143 0.021573604060913704
0 0.5132142857142857 0.8578680203045685 0.005 0.017766497461928935
0 0.6046428571428571 0.2703045685279188 0.0035714285714285713 0.015228426395939087
0 0.6142857142857143 0.15609137055837563 0.002857142857142857 0.01015228426395939
0 0.6089285714285714 0.1383248730964467 0.002142857142857143 0.01015228426395939
0 0.6085714285714285 0.15101522842639595 0.002857142857142857 0.012690355329949238
0 0.6057142857142858 0.14720812182741116 0.002857142857142857 0.012690355329949238
0 0.6503571428571429 0.7950507614213198 0.005 0.013959390862944163
0 0.6607142857142857 0.7461928934010152 0.002857142857142857 0.015228426395939087
0 0.8060714285714285 0.9232233502538071 0.005 0.01649746192893401
0 0.7964285714285714 0.9873096446700508 0.005714285714285714 0.017766497461928935
0 0.7035714285714286 0.7779187817258884 0.005714285714285714 0.015228426395939087
0 0.6692857142857143 0.7398477157360406 0.002857142857142857 0.017766497461928935
0 0.6628571428571428 0.7398477157360406 0.002857142857142857 0.015228426395939087
0 0.6657142857142857 0.7404822335025381 0.002857142857142857 0.01649746192893401
0 0.7789285714285714 0.993020304568528 0.0064285714285714285 0.011421319796954314
0 0.7975 0.7220812182741116 0.0035714285714285713 0.01015228426395939
0 0.7825 0.7081218274111675 0.0035714285714285713 0.01015228426395939
0 0.7775 0.7049492385786802 0.005 0.011421319796954314
0 0.7560714285714286 0.699238578680203 0.0035714285714285713 0.01015228426395939
0 0.7664285714285715 0.6998730964467005 0.002857142857142857 0.008883248730964468
0 0.7707142857142857 0.6789340101522843 0.004285714285714286 0.012690355329949238
0 0.7546428571428572 0.6865482233502538 0.002142857142857143 0.007614213197969543
0 0.7571428571428571 0.641497461928934 0.002857142857142857 0.008883248730964468
0 0.7642857142857142 0.6503807106598984 0.004285714285714286 0.013959390862944163
0 0.7582142857142857 0.6560913705583756 0.005 0.01015228426395939
0 0.7617857142857143 0.6421319796954315 0.0035714285714285713 0.01015228426395939
0 0.7642857142857142 0.6890862944162437 0.002857142857142857 0.005076142131979695
0 0.7603571428571428 0.6871827411167513 0.0035714285714285713 0.006345177664974619
0 0.7607142857142857 0.6973350253807107 0.004285714285714286 0.008883248730964468
0 0.7989285714285714 0.7100253807106599 0.0035714285714285713 0.008883248730964468
0 0.8025 0.7170050761421319 0.0035714285714285713 0.005076142131979695
0 0.7939285714285714 0.7049492385786802 0.0035714285714285713 0.008883248730964468
0 0.7871428571428571 0.7036802030456852 0.004285714285714286 0.011421319796954314
0 0.7453571428571428 0.6649746192893401 0.0035714285714285713 0.015228426395939087
0 0.745 0.6459390862944162 0.004285714285714286 0.007614213197969543
0 0.7460714285714286 0.6357868020304569 0.005 0.012690355329949238
0 0.7510714285714286 0.6446700507614214 0.005 0.01015228426395939
0 0.7521428571428571 0.5856598984771574 0.01 0.013959390862944163
0 0.7446428571428572 0.5983502538071066 0.005 0.008883248730964468
0 0.7460714285714286 0.6173857868020305 0.010714285714285714 0.006345177664974619
0 0.7471428571428571 0.6256345177664975 0.01 0.01015228426395939
0 0.7596428571428572 0.5710659898477157 0.005 0.01015228426395939
0 0.7664285714285715 0.5767766497461929 0.004285714285714286 0.011421319796954314
0 0.8 0.48223350253807107 0.002857142857142857 0.007614213197969543
0 0.7967857142857143 0.4866751269035533 0.0035714285714285713 0.008883248730964468
0 0.81 0.5044416243654822 0.005714285714285714 0.006345177664974619
0 0.8117857142857143 0.47906091370558374 0.0035714285714285713 0.006345177664974619
0 0.8071428571428572 0.4803299492385787 0.002857142857142857 0.006345177664974619
0 0.81 0.4885786802030457 0.002857142857142857 0.007614213197969543
0 0.805 0.49111675126903553 0.002857142857142857 0.01015228426395939
0 0.7789285714285714 0.6833756345177665 0.005 0.011421319796954314
0 0.8471428571428572 0.6668781725888325 0.002857142857142857 0.011421319796954314
0 0.8221428571428572 0.5006345177664975 0.004285714285714286 0.008883248730964468
0 0.8278571428571428 0.5031725888324873 0.004285714285714286 0.008883248730964468
0 0.9435714285714286 0.5342639593908629 0.005714285714285714 0.015228426395939087
0 0.9471428571428572 0.5418781725888325 0.005714285714285714 0.02030456852791878
0 0.9567857142857142 0.5469543147208121 0.005 0.015228426395939087
0 0.9742857142857143 0.5881979695431472 0.005714285714285714 0.013959390862944163
0 0.9639285714285715 0.5767766497461929 0.0035714285714285713 0.006345177664974619
0 0.9696428571428571 0.5824873096446701 0.0035714285714285713 0.01015228426395939
0 0.9457142857142857 0.583756345177665 0.005714285714285714 0.01015228426395939
0 0.9510714285714286 0.5818527918781726 0.0035714285714285713 0.011421319796954314
0 0.9685714285714285 0.6186548223350253 0.004285714285714286 0.013959390862944163
0 0.9832142857142857 0.6573604060913706 0.0035714285714285713 0.007614213197969543
0 0.9871428571428571 0.6643401015228426 0.004285714285714286 0.008883248730964468
0 0.9871428571428571 0.6110406091370558 0.004285714285714286 0.008883248730964468
0 0.9892857142857143 0.6211928934010152 0.004285714285714286 0.006345177664974619
0 0.9939285714285714 0.6154822335025381 0.0035714285714285713 0.007614213197969543
0 0.9871428571428571 0.6795685279187818 0.004285714285714286 0.011421319796954314
0 0.885 0.7303299492385786 0.004285714285714286 0.01649746192893401
0 0.8892857142857142 0.7474619289340102 0.005714285714285714 0.01015228426395939
0 0.8967857142857143 0.7436548223350253 0.005 0.01015228426395939
0 0.9142857142857143 0.8362944162436549 0.007142857142857143 0.02284263959390863
0 0.8535714285714285 0.8807106598984772 0.008571428571428572 0.02030456852791878