0 0.42214285714285715 0.4504761904761905 0.005714285714285714 0.005714285714285714
0 0.4185714285714286 0.45666666666666667 0.004285714285714286 0.006666666666666667
0 0.4496428571428571 0.38142857142857145 0.0035714285714285713 0.006666666666666667
0 0.5035714285714286 0.3538095238095238 0.005714285714285714 0.008571428571428572
0 0.49607142857142855 0.3385714285714286 0.0035714285714285713 0.006666666666666667
0 0.5371428571428571 0.2795238095238095 0.002857142857142857 0.004761904761904762
0 0.5314285714285715 0.2761904761904762 0.002857142857142857 0.0038095238095238095
0 0.5589285714285714 0.28809523809523807 0.005 0.004761904761904762
0 0.6917857142857143 0.15333333333333332 0.005 0.007619047619047619
0 0.6832142857142857 0.15857142857142856 0.005 0.010476190476190476
0 0.6785714285714286 0.16476190476190475 0.004285714285714286 0.009523809523809525