0 0.1025 0.32095238095238093 0.02642857142857143 0.02857142857142857
0 0.33321428571428574 0.27714285714285714 0.02214285714285714 0.02857142857142857
0 0.2907142857142857 0.3385714285714286 0.02 0.029523809523809525
0 0.30642857142857144 0.3357142857142857 0.02 0.029523809523809525
0 0.2710714285714286 0.33904761904761904 0.02214285714285714 0.02666666666666667
0 0.3125 0.3757142857142857 0.019285714285714285 0.02761904761904762
0 0.2914285714285714 0.3819047619047619 0.022857142857142857 0.024761904761904763
0 0.2689285714285714 0.38333333333333336 0.02214285714285714 0.02761904761904762
0 0.265 0.3628571428571429 0.02 0.02666666666666667
0 0.3003571428571429 0.3628571428571429 0.023571428571428573 0.022857142857142857
0 0.7485714285714286 0.025714285714285714 0.02 0.04380952380952381
0 0.7546428571428572 0.32666666666666666 0.03214285714285714 0.02666666666666667
0 0.7592857142857142 0.31238095238095237 0.02857142857142857 0.02857142857142857
0 0.8975 0.6838095238095238 0.03214285714285714 0.02666666666666667
0 0.8403571428571428 0.5333333333333333 0.019285714285714285 0.024761904761904763
0 0.6832142857142857 0.7952380952380952 0.020714285714285713 0.03238095238095238
0 0.6442857142857142 0.7061904761904761 0.014285714285714285 0.025714285714285714
0 0.9910714285714286 0.7852380952380953 0.017857142857142856 0.029523809523809525
0 0.4425 0.28 0.019285714285714285 0.03238095238095238
0 0.5082142857142857 0.44333333333333336 0.015 0.023809523809523808
0 0.5275 0.4657142857142857 0.016428571428571428 0.02095238095238095
0 0.51 0.43238095238095237 0.01 0.03619047619047619
0 0.9142857142857143 0.01380952380952381 0.03142857142857143 0.02761904761904762
0 0.0125 0.37238095238095237 0.025 0.02666666666666667