0 0.34714285714285714 0.13769035532994925 0.005714285714285714 0.01903553299492386
0 0.3264285714285714 0.16751269035532995 0.005714285714285714 0.025380710659898477
0 0.33 0.16053299492385786 0.007142857142857143 0.024111675126903553
0 0.33285714285714285 0.15545685279187818 0.007142857142857143 0.024111675126903553
0 0.3425 0.1618020304568528 0.0064285714285714285 0.01903553299492386
0 0.3457142857142857 0.16053299492385786 0.007142857142857143 0.024111675126903553
0 0.3092857142857143 0.3083756345177665 0.005714285714285714 0.025380710659898477
0 0.2692857142857143 0.33058375634517767 0.005714285714285714 0.01649746192893401
0 0.36714285714285716 0.5856598984771574 0.008571428571428572 0.021573604060913704
0 0.20714285714285716 0.7785532994923858 0.012857142857142857 0.024111675126903553
0 0.18964285714285714 0.7810913705583756 0.012142857142857143 0.021573604060913704
0 0.13 0.8756345177664975 0.011428571428571429 0.027918781725888325
0 0.12392857142857143 0.8699238578680203 0.010714285714285714 0.02918781725888325
0 0.41 0.7874365482233503 0.007142857142857143 0.0266497461928934
0 0.39964285714285713 0.7760152284263959 0.007857142857142858 0.0266497461928934
0 0.4253571428571429 0.7354060913705583 0.007857142857142858 0.031725888324873094
0 0.6639285714285714 0.43210659898477155 0.009285714285714286 0.0266497461928934
0 0.6414285714285715 0.43083756345177665 0.005714285714285714 0.024111675126903553
0 0.6289285714285714 0.4651015228426396 0.010714285714285714 0.02918781725888325
0 0.7464285714285714 0.491751269035533 0.01 0.021573604060913704
0 0.7457142857142857 0.47715736040609136 0.007142857142857143 0.025380710659898477
0 0.9878571428571429 0.5450507614213198 0.011428571428571429 0.024111675126903553
0 0.9846428571428572 0.5310913705583756 0.009285714285714286 0.024111675126903553
0 0.5182142857142857 0.17956852791878172 0.0064285714285714285 0.024111675126903553
0 0.4832142857142857 0.1865482233502538 0.005 0.02030456852791878
0 0.4725 0.1814720812182741 0.005 0.02284263959390863
0 0.4785714285714286 0.18591370558375633 0.004285714285714286 0.01649746192893401
0 0.49714285714285716 0.1802030456852792 0.005714285714285714 0.02030456852791878
0 0.4689285714285714 0.25444162436548223 0.005 0.024111675126903553
0 0.4067857142857143 0.6548223350253807 0.007857142857142858 0.025380710659898477