0 0.272 0.852 0.023 0.048
0 0.377 0.8546666666666667 0.023 0.048
0 0.4095 0.7853333333333333 0.022 0.037333333333333336
0 0.41275 0.6326666666666667 0.0205 0.036
0 0.4905 0.48633333333333334 0.017 0.03933333333333333
0 0.59 0.3446666666666667 0.008 0.02666666666666667
0 0.546 0.285 0.01 0.022
0 0.4975 0.23966666666666667 0.008 0.024666666666666667
0 0.64125 0.20066666666666666 0.0085 0.018666666666666668
0 0.66225 0.14533333333333334 0.0055 0.013333333333333334
0 0.676 0.13666666666666666 0.006 0.013333333333333334
0 0.692 0.08933333333333333 0.004 0.010666666666666666
0 0.4765 0.16333333333333333 0.006 0.02
0 0.55125 0.33666666666666667 0.0075 0.02266666666666667
0 0.5425 0.3363333333333333 0.008 0.026
0 0.5335 0.2976666666666667 0.008 0.026
0 0.56175 0.242 0.0065 0.025333333333333333
0 0.62 0.22766666666666666 0.006 0.022
0 0.6235 0.213 0.006 0.022
0 0.6145 0.217 0.006 0.022
0 0.6075 0.22933333333333333 0.004 0.014666666666666666
0 0.61425 0.22533333333333333 0.0045 0.014666666666666666
0 0.63125 0.19433333333333333 0.0065 0.027333333333333334
0 0.66975 0.12266666666666666 0.0045 0.017333333333333333
0 0.6965 0.061 0.003 0.012666666666666666
0 0.668 0.08433333333333333 0.003 0.014
0 0.5825 0.4 0.008 0.02666666666666667
0 0.573 0.41533333333333333 0.008 0.02666666666666667
0 0.57025 0.4266666666666667 0.0075 0.02666666666666667
0 0.48575 0.44533333333333336 0.0105 0.034666666666666665
0 0.47975 0.4493333333333333 0.0105 0.034666666666666665
0 0.47075 0.4523333333333333 0.0075 0.03133333333333333
0 0.4675 0.519 0.009 0.026
0 0.45875 0.5123333333333333 0.0095 0.03
0 0.4265 0.561 0.013 0.04066666666666666
0 0.4165 0.565 0.009 0.03666666666666667
0 0.45825 0.5936666666666667 0.0135 0.035333333333333335
0 0.428 0.5376666666666666 0.01 0.03133333333333333
0 0.4485 0.6826666666666666 0.017 0.04133333333333333
0 0.3765 0.688 0.016 0.04533333333333334
0 0.46025 0.7326666666666667 0.0135 0.032
0 0.447 0.7493333333333333 0.012 0.04
0 0.3815 0.7006666666666667 0.019 0.02666666666666667
0 0.3985 0.6813333333333333 0.01 0.02266666666666667
0 0.38925 0.6843333333333333 0.0085 0.026
0 0.349 0.6763333333333333 0.018 0.043333333333333335
0 0.325 0.659 0.014 0.034
0 0.314 0.7 0.019 0.036
0 0.36725 0.98 0.0225 0.04
0 0.48525 0.7716666666666666 0.0105 0.04066666666666666
0 0.37325 0.7366666666666667 0.0095 0.028
0 0.44925 0.48833333333333334 0.0105 0.03
0 0.46025 0.489 0.0085 0.03133333333333333
0 0.4605 0.441 0.009 0.020666666666666667
0 0.46375 0.42733333333333334 0.0095 0.028
0 0.48425 0.475 0.0105 0.03133333333333333
0 0.6235 0.26466666666666666 0.005 0.017333333333333333
0 0.56975 0.23666666666666666 0.0075 0.018666666666666668
0 0.647 0.149 0.007 0.019333333333333334
0 0.663 0.12966666666666668 0.005 0.018
0 0.66025 0.11433333333333333 0.0035 0.016666666666666666
0 0.66225 0.114 0.0035 0.02
0 0.66475 0.11733333333333333 0.0035 0.016
0 0.667 0.11466666666666667 0.003 0.013333333333333334
0 0.7045 0.09766666666666667 0.004 0.015333333333333332
0 0.69525 0.3006666666666667 0.0075 0.025333333333333333
0 0.69725 0.2956666666666667 0.0095 0.019333333333333334
0 0.6925 0.3433333333333333 0.01 0.02
0 0.69075 0.334 0.0075 0.013333333333333334
0 0.68475 0.333 0.0075 0.012666666666666666
0 0.681 0.344 0.01 0.02
0 0.70675 0.05733333333333333 0.0035 0.012
0 0.6605 0.18266666666666667 0.006 0.02
0 0.58675 0.22433333333333333 0.0075 0.020666666666666667
0 0.5865 0.23633333333333334 0.006 0.014
0 0.5305 0.31566666666666665 0.008 0.016666666666666666