0 0.4026617954070981 0.799165120593692 0.015135699373695199 0.04916512059369202
0 0.16858037578288101 0.8070500927643784 0.012526096033402923 0.04081632653061224
0 0.3862212943632568 0.27319109461966606 0.009394572025052192 0.026901669758812616
0 0.43893528183716074 0.20408163265306123 0.008350730688935281 0.014842300556586271
0 0.45407098121085593 0.20964749536178107 0.005219206680584551 0.025974025974025976
0 0.4386743215031315 0.10528756957328386 0.004697286012526096 0.015769944341372914
0 0.4355427974947808 0.0862708719851577 0.0036534446764091857 0.016697588126159554
0 0.43032359081419624 0.09044526901669758 0.004697286012526096 0.012059369202226345
0 0.4629436325678497 0.1725417439703154 0.0041753653444676405 0.016697588126159554
0 0.46424843423799583 0.11873840445269017 0.0036534446764091857 0.012987012987012988
0 0.4744258872651357 0.07003710575139147 0.0041753653444676405 0.01020408163265306
0 0.4509394572025052 0.011131725417439703 0.0020876826722338203 0.0055658627087198514
0 0.607776617954071 0.2504638218923933 0.0026096033402922755 0.012987012987012988
0 0.6062108559498957 0.2537105751391466 0.004697286012526096 0.023191094619666047
0 0.6116910229645094 0.2597402597402597 0.0041753653444676405 0.014842300556586271
0 0.6111691022964509 0.25510204081632654 0.006263048016701462 0.02040816326530612
0 0.6748434237995825 0.5204081632653061 0.010438413361169102 0.05009276437847866
0 0.6951983298538622 0.6113172541743971 0.013569937369519834 0.03710575139146568
0 0.7419102296450939 0.5941558441558441 0.010960334029227558 0.04359925788497217
0 0.7419102296450939 0.6470315398886828 0.012004175365344467 0.030612244897959183
0 0.81758872651357 0.5528756957328386 0.010960334029227558 0.03339517625231911
0 0.8021920668058455 0.5473098330241187 0.010438413361169102 0.03339517625231911
0 0.9741649269311065 0.7221706864564007 0.015135699373695199 0.05102040816326531
0 0.9819937369519833 0.7170686456400742 0.01722338204592902 0.04452690166975881
0 0.7643528183716075 0.7755102040816326 0.01722338204592902 0.05194805194805195
0 0.8549060542797495 0.827922077922078 0.014613778705636743 0.039888682745825604
0 0.7943632567849687 0.864100185528757 0.021920668058455117 0.041743970315398886
0 0.8243736951983298 0.48515769944341375 0.009916492693110648 0.029684601113172542
0 0.7387787056367432 0.41929499072356213 0.010960334029227558 0.027829313543599257
0 0.8068893528183716 0.4109461966604824 0.008350730688935281 0.03153988868274583
0 0.6565762004175365 0.2388682745825603 0.007306889352818371 0.017625231910946195
0 0.725991649269311 0.2564935064935065 0.006263048016701462 0.021335807050092765
0 0.7377348643006263 0.41836734693877553 0.009916492693110648 0.025974025974025976
0 0.630741127348643 0.1614100185528757 0.004697286012526096 0.016697588126159554
0 0.619258872651357 0.1549165120593692 0.004697286012526096 0.012987012987012988
0 0.5983820459290188 0.06725417439703155 0.0036534446764091857 0.012059369202226345
0 0.592901878914405 0.034786641929499075 0.003131524008350731 0.012059369202226345
0 0.576722338204593 0.022727272727272728 0.003131524008350731 0.008348794063079777
0 0.579070981210856 0.02736549165120594 0.0026096033402922755 0.008348794063079777