0 0.5735 0.6086666666666667 0.009 0.04533333333333334
0 0.54375 0.593 0.0135 0.04066666666666666
0 0.438 0.8623333333333333 0.02 0.06733333333333333
0 0.42125 0.875 0.0145 0.066
0 0.3685 0.84 0.02 0.06666666666666667
0 0.33125 0.8193333333333334 0.0215 0.072
0 0.2955 0.8363333333333334 0.026 0.034
0 0.6295 0.7546666666666667 0.02 0.04533333333333334
0 0.38175 0.63 0.0145 0.02266666666666667
0 0.51 0.491 0.007 0.016666666666666666
0 0.4875 0.457 0.009 0.020666666666666667
0 0.417 0.5473333333333333 0.009 0.03333333333333333
0 0.4085 0.5473333333333333 0.008 0.037333333333333336
0 0.275 0.5276666666666666 0.009 0.03133333333333333
0 0.431 0.43933333333333335 0.006 0.013333333333333334
0 0.43175 0.42433333333333334 0.0045 0.012666666666666666
0 0.418 0.4216666666666667 0.004 0.016666666666666666
0 0.4145 0.4226666666666667 0.004 0.010666666666666666
0 0.44725 0.391 0.0045 0.012666666666666666
0 0.44275 0.369 0.0025 0.004666666666666667
0 0.41725 0.349 0.0025 0.0033333333333333335