0 0.1742857142857143 0.9252380952380952 0.007142857142857143 0.025714285714285714
0 0.4767857142857143 0.4147619047619048 0.0064285714285714285 0.021904761904761906
0 0.4685714285714286 0.4195238095238095 0.005714285714285714 0.021904761904761906
0 0.44642857142857145 0.2795238095238095 0.004285714285714286 0.02
0 0.6082142857142857 0.23285714285714285 0.0035714285714285713 0.018095238095238095
0 0.49964285714285717 0.012857142857142857 0.005 0.018095238095238095
0 0.57 0.5619047619047619 0.007142857142857143 0.02666666666666667
0 0.8096428571428571 0.5380952380952381 0.007857142857142858 0.030476190476190476
0 0.8435714285714285 0.27095238095238094 0.007142857142857143 0.021904761904761906
0 0.8528571428571429 0.2519047619047619 0.01 0.018095238095238095
0 0.8657142857142858 0.5190476190476191 0.005714285714285714 0.024761904761904763
0 0.8546428571428571 0.51 0.005 0.025714285714285714
0 0.8589285714285714 0.5009523809523809 0.0064285714285714285 0.024761904761904763