0 0.1115 0.6566666666666666 0.015 0.032
0 0.15275 0.6626666666666666 0.0185 0.02266666666666667
0 0.1845 0.6673333333333333 0.019 0.029333333333333333
0 0.19425 0.654 0.0185 0.030666666666666665
0 0.24275 0.5826666666666667 0.0235 0.029333333333333333
0 0.239 0.544 0.013 0.021333333333333333
0 0.41075 0.5296666666666666 0.0105 0.015333333333333332
0 0.429 0.5323333333333333 0.012 0.034
0 0.70975 0.72 0.0275 0.030666666666666665
0 0.43525 0.461 0.0075 0.026
0 0.33575 0.22233333333333333 0.0055 0.019333333333333334
0 0.5485 0.23066666666666666 0.007 0.021333333333333333
0 0.553 0.30766666666666664 0.009 0.018
0 0.63125 0.12366666666666666 0.0045 0.014