0 0.24678571428571427 0.9784263959390863 0.005 0.005076142131979695
0 0.2517857142857143 0.10088832487309644 0.005 0.011421319796954314
0 0.2557142857142857 0.09200507614213198 0.005714285714285714 0.011421319796954314
0 0.2621428571428571 0.09200507614213198 0.005714285714285714 0.011421319796954314
0 0.2675 0.09454314720812183 0.0064285714285714285 0.006345177664974619
0 0.25357142857142856 0.27411167512690354 0.007142857142857143 0.015228426395939087
0 0.2646428571428571 0.39784263959390864 0.005 0.006345177664974619
0 0.26964285714285713 0.45621827411167515 0.0064285714285714285 0.008883248730964468
0 0.26535714285714285 0.5323604060913706 0.005 0.008883248730964468
0 0.2742857142857143 0.5564720812182741 0.008571428571428572 0.01649746192893401
0 0.2782142857142857 0.4993654822335025 0.0064285714285714285 0.013959390862944163
0 0.2646428571428571 0.4930203045685279 0.005 0.008883248730964468
0 0.2617857142857143 0.4885786802030457 0.005 0.007614213197969543
0 0.2789285714285714 0.8026649746192893 0.0064285714285714285 0.013959390862944163
0 0.30714285714285716 0.7360406091370558 0.007142857142857143 0.012690355329949238