0 0.3707142857142857 0.16142857142857142 0.002857142857142857 0.008571428571428572
0 0.32142857142857145 0.7938095238095239 0.01 0.021904761904761906
0 0.4425 0.7361904761904762 0.007857142857142858 0.01904761904761905
0 0.5696428571428571 0.2523809523809524 0.0035714285714285713 0.013333333333333334
0 0.5775 0.23952380952380953 0.0035714285714285713 0.014285714285714285
0 0.5671428571428572 0.22523809523809524 0.004285714285714286 0.010476190476190476
0 0.5567857142857143 0.22666666666666666 0.0035714285714285713 0.011428571428571429
0 0.6010714285714286 0.2757142857142857 0.0035714285714285713 0.01619047619047619
0 0.6457142857142857 0.40285714285714286 0.005714285714285714 0.015238095238095238
0 0.515 0.1957142857142857 0.002857142857142857 0.008571428571428572
0 0.5353571428571429 0.19428571428571428 0.0035714285714285713 0.009523809523809525
0 0.8210714285714286 0.8338095238095238 0.013571428571428571 0.014285714285714285
0 0.5128571428571429 0.09047619047619047 0.002857142857142857 0.007619047619047619