0 0.4245 0.03666666666666667 0.03 0.06933333333333333
0 0.303 0.03966666666666667 0.032 0.07666666666666666
0 0.23825 0.033 0.0355 0.066
0 0.36175 0.24033333333333334 0.0325 0.054
0 0.287 0.31133333333333335 0.036 0.048
0 0.27975 0.3566666666666667 0.0325 0.04666666666666667
0 0.3285 0.42233333333333334 0.037 0.051333333333333335
0 0.19175 0.43666666666666665 0.0345 0.04666666666666667
0 0.17575 0.5203333333333333 0.0445 0.03666666666666667
0 0.181 0.584 0.043 0.04533333333333334
0 0.26725 0.7023333333333334 0.0395 0.034
0 0.29075 0.6106666666666667 0.0255 0.029333333333333333