0 0.283 0.013666666666666667 0.011 0.020666666666666667
0 0.29475 0.022 0.0085 0.02
0 0.317 0.04 0.01 0.024
0 0.32075 0.028333333333333332 0.0085 0.020666666666666667
0 0.306 0.012 0.011 0.021333333333333333
0 0.3155 0.009 0.009 0.016666666666666666
0 0.325 0.021 0.01 0.024666666666666667
0 0.33625 0.028 0.0075 0.024
0 0.34225 0.034 0.0075 0.02
0 0.34225 0.027 0.0045 0.011333333333333334
0 0.35675 0.07833333333333334 0.0105 0.022
0 0.36825 0.068 0.0075 0.024
0 0.35925 0.10666666666666667 0.0095 0.024
0 0.1985 0.28733333333333333 0.013 0.02
0 0.362 0.328 0.01 0.017333333333333333
0 0.431 0.304 0.008 0.018666666666666668
0 0.4265 0.3006666666666667 0.004 0.012
0 0.41475 0.28733333333333333 0.0085 0.017333333333333333
0 0.40625 0.2813333333333333 0.0105 0.016
0 0.38025 0.22866666666666666 0.0075 0.013333333333333334
0 0.4025 0.22366666666666668 0.008 0.019333333333333334
0 0.412 0.22533333333333333 0.008 0.018666666666666668
0 0.42825 0.22266666666666668 0.0095 0.02666666666666667
0 0.37675 0.18633333333333332 0.0065 0.014
0 0.516 0.156 0.006 0.018666666666666668
0 0.59125 0.199 0.0075 0.012666666666666666
0 0.563 0.23466666666666666 0.006 0.018666666666666668
0 0.565 0.22833333333333333 0.003 0.01
0 0.5675 0.24033333333333334 0.006 0.012666666666666666
0 0.57275 0.23733333333333334 0.0065 0.018666666666666668
0 0.579 0.23733333333333334 0.005 0.018666666666666668
0 0.5205 0.2976666666666667 0.01 0.020666666666666667
0 0.5615 0.12866666666666668 0.006 0.02
0 0.5635 0.136 0.006 0.02266666666666667
0 0.56925 0.13433333333333333 0.0065 0.023333333333333334
0 0.57075 0.122 0.0055 0.018666666666666668
0 0.579 0.12733333333333333 0.009 0.02
0 0.5885 0.145 0.009 0.022
0 0.592 0.15433333333333332 0.006 0.022
0 0.57 0.029666666666666668 0.005 0.018
0 0.55675 0.006666666666666667 0.0045 0.013333333333333334
0 0.574 0.025666666666666667 0.006 0.024666666666666667
0 0.57775 0.035666666666666666 0.0055 0.019333333333333334
0 0.579 0.028333333333333332 0.005 0.019333333333333334
0 0.597 0.061 0.007 0.024666666666666667
0 0.60125 0.08233333333333333 0.0075 0.022
0 0.618 0.09566666666666666 0.005 0.012666666666666666
0 0.62425 0.092 0.0065 0.021333333333333333
0 0.608 0.11666666666666667 0.008 0.02266666666666667
0 0.61125 0.137 0.0085 0.022
0 0.66425 0.08166666666666667 0.0075 0.020666666666666667
0 0.64925 0.17066666666666666 0.0085 0.018666666666666668
0 0.666 0.112 0.009 0.021333333333333333
0 0.67025 0.11 0.0085 0.017333333333333333
0 0.69125 0.03233333333333333 0.0115 0.023333333333333334
0 0.69975 0.066 0.0105 0.02266666666666667
0 0.71475 0.07066666666666667 0.0095 0.024
0 0.7145 0.06333333333333334 0.009 0.02266666666666667
0 0.71775 0.009333333333333334 0.0065 0.018666666666666668
0 0.75125 0.043333333333333335 0.0075 0.021333333333333333
0 0.76675 0.04766666666666667 0.0105 0.019333333333333334
0 0.7685 0.043333333333333335 0.008 0.017333333333333333
0 0.726 0.11066666666666666 0.01 0.021333333333333333
0 0.7385 0.11433333333333333 0.008 0.022
0 0.7185 0.18333333333333332 0.009 0.018666666666666668
0 0.7515 0.19166666666666668 0.012 0.023333333333333334
0 0.756 0.219 0.012 0.018
0 0.7505 0.25833333333333336 0.01 0.019333333333333334
0 0.813 0.049 0.01 0.018
0 0.814 0.03233333333333333 0.009 0.019333333333333334
0 0.818 0.025333333333333333 0.009 0.018666666666666668
0 0.8115 0.06266666666666666 0.008 0.013333333333333334
0 0.79375 0.07733333333333334 0.0085 0.013333333333333334
0 0.78325 0.082 0.0085 0.017333333333333333
0 0.8015 0.2853333333333333 0.015 0.02266666666666667
0 0.80975 0.27166666666666667 0.0145 0.016666666666666666
0 0.811 0.265 0.011 0.018
0 0.82175 0.26866666666666666 0.0135 0.017333333333333333
0 0.81625 0.2813333333333333 0.0125 0.021333333333333333
0 0.8495 0.305 0.011 0.014
0 0.8635 0.309 0.014 0.019333333333333334
0 0.86775 0.328 0.0155 0.021333333333333333
0 0.87575 0.332 0.0135 0.018666666666666668
0 0.8515 0.3383333333333333 0.014 0.020666666666666667
0 0.85 0.356 0.015 0.02
0 0.819 0.3546666666666667 0.012 0.017333333333333333
0 0.882 0.364 0.015 0.018666666666666668
0 0.871 0.392 0.016 0.02
0 0.7845 0.20833333333333334 0.011 0.020666666666666667
0 0.88 0.4053333333333333 0.013 0.014666666666666666
0 0.893 0.3993333333333333 0.014 0.017333333333333333
0 0.89975 0.385 0.0165 0.018
0 0.90375 0.396 0.0155 0.016
0 0.88175 0.42866666666666664 0.0205 0.018666666666666668
0 0.884 0.43766666666666665 0.013 0.011333333333333334
0 0.89525 0.4836666666666667 0.0165 0.018
0 0.984 0.534 0.023 0.016
0 0.964 0.5603333333333333 0.021 0.012666666666666666
0 0.9765 0.5723333333333334 0.02 0.014
0 0.7055 0.4196666666666667 0.012 0.012666666666666666
0 0.7165 0.4226666666666667 0.008 0.009333333333333334
0 0.71225 0.43366666666666664 0.0095 0.014
0 0.70325 0.42866666666666664 0.0095 0.013333333333333334
0 0.43725 0.38266666666666665 0.0095 0.013333333333333334
0 0.3945 0.5126666666666667 0.01 0.016
0 0.38175 0.5263333333333333 0.0125 0.014
0 0.38525 0.5396666666666666 0.0095 0.014
0 0.36175 0.5316666666666666 0.0105 0.014
0 0.35575 0.5436666666666666 0.0105 0.014
0 0.407 0.5946666666666667 0.009 0.009333333333333334
0 0.4085 0.6006666666666667 0.007 0.008
0 0.419 0.5873333333333334 0.014 0.014666666666666666
0 0.1385 0.262 0.011 0.012
0 0.18875 0.65 0.0165 0.012
0 0.206 0.6676666666666666 0.021 0.008666666666666666
0 0.11275 0.7493333333333333 0.0215 0.010666666666666666
0 0.117 0.7583333333333333 0.018 0.012666666666666666
0 0.2005 0.8276666666666667 0.017 0.014
0 0.2395 0.8083333333333333 0.015 0.01
0 0.495 0.6836666666666666 0.008 0.015333333333333332
0 0.50425 0.6856666666666666 0.0115 0.016666666666666666
0 0.62175 0.7926666666666666 0.0125 0.017333333333333333