0 0.5632142857142857 0.5057142857142857 0.017857142857142856 0.04
0 0.34535714285714286 0.07238095238095238 0.012142857142857143 0.0380952380952381
0 0.30714285714285716 0.1761904761904762 0.011428571428571429 0.0380952380952381
0 0.2960714285714286 0.17523809523809525 0.012142857142857143 0.04
0 0.31107142857142855 0.1619047619047619 0.015 0.0380952380952381
0 0.4775 0.20476190476190476 0.017857142857142856 0.04
0 0.47964285714285715 0.27476190476190476 0.013571428571428571 0.04285714285714286
0 0.485 0.25285714285714284 0.012857142857142857 0.037142857142857144
0 0.4135714285714286 0.16238095238095238 0.012857142857142857 0.025714285714285714
0 0.39 0.15047619047619049 0.011428571428571429 0.0380952380952381
0 0.39571428571428574 0.18333333333333332 0.01 0.035238095238095235
0 0.7778571428571428 0.16666666666666666 0.011428571428571429 0.04380952380952381
0 0.7739285714285714 0.14285714285714285 0.013571428571428571 0.03619047619047619
0 0.7382142857142857 0.018571428571428572 0.013571428571428571 0.03333333333333333
0 0.8442857142857143 0.12571428571428572 0.012857142857142857 0.030476190476190476
0 0.8160714285714286 0.12047619047619047 0.015 0.03142857142857143
0 0.8296428571428571 0.11238095238095239 0.013571428571428571 0.02857142857142857
0 0.8414285714285714 0.11619047619047619 0.014285714285714285 0.030476190476190476
0 0.7667857142857143 0.11047619047619048 0.012142857142857143 0.0380952380952381
0 0.9189285714285714 0.048095238095238094 0.013571428571428571 0.029523809523809525
0 0.8282142857142857 0.02857142857142857 0.013571428571428571 0.024761904761904763
0 0.8035714285714286 0.014285714285714285 0.01 0.02857142857142857
0 0.7735714285714286 0.012857142857142857 0.011428571428571429 0.025714285714285714
0 0.7589285714285714 0.012857142857142857 0.007857142857142858 0.025714285714285714
0 0.8675 0.030952380952380953 0.012142857142857143 0.037142857142857144
0 0.7842857142857143 0.08523809523809524 0.005714285714285714 0.02