0 0.29642857142857143 0.4266666666666667 0.005714285714285714 0.017142857142857144
0 0.3578571428571429 0.4095238095238095 0.002857142857142857 0.013333333333333334
0 0.29928571428571427 0.42238095238095236 0.004285714285714286 0.014285714285714285
0 0.3182142857142857 0.4038095238095238 0.005 0.015238095238095238
0 0.45107142857142857 0.3 0.0035714285714285713 0.011428571428571429
0 0.5085714285714286 0.5185714285714286 0.007142857142857143 0.021904761904761906
0 0.5053571428571428 0.5580952380952381 0.007857142857142858 0.022857142857142857
0 0.5139285714285714 0.6557142857142857 0.007857142857142858 0.025714285714285714
0 0.5039285714285714 0.6104761904761905 0.009285714285714286 0.02666666666666667
0 0.49357142857142855 0.57 0.005714285714285714 0.023809523809523808
0 0.4992857142857143 0.7552380952380953 0.011428571428571429 0.02857142857142857
0 0.4625 0.8352380952380952 0.013571428571428571 0.015238095238095238
0 0.7639285714285714 0.5161904761904762 0.007857142857142858 0.013333333333333334
0 0.6528571428571428 0.47523809523809524 0.007142857142857143 0.009523809523809525
0 0.7232142857142857 0.569047619047619 0.012142857142857143 0.012380952380952381
0 0.7371428571428571 0.6033333333333334 0.01 0.018095238095238095
0 0.5803571428571429 0.47 0.010714285714285714 0.025714285714285714
0 0.5678571428571428 0.49142857142857144 0.004285714285714286 0.01904761904761905
0 0.6607142857142857 0.4742857142857143 0.008571428571428572 0.011428571428571429
0 0.6742857142857143 0.4942857142857143 0.005714285714285714 0.009523809523809525
0 0.7160714285714286 0.3580952380952381 0.0064285714285714285 0.011428571428571429