0 0.0875 0.3357142857142857 0.012142857142857143 0.037142857142857144
0 0.4907142857142857 0.04619047619047619 0.004285714285714286 0.021904761904761906
0 0.5078571428571429 0.17238095238095238 0.005714285714285714 0.022857142857142857
0 0.49857142857142855 0.1838095238095238 0.005714285714285714 0.02095238095238095
0 0.46964285714285714 0.2123809523809524 0.005 0.02095238095238095
0 0.4832142857142857 0.2061904761904762 0.005 0.021904761904761906
0 0.47785714285714287 0.21 0.005714285714285714 0.02761904761904762
0 0.7603571428571428 0.5623809523809524 0.010714285714285714 0.03142857142857143
0 0.7460714285714286 0.5452380952380952 0.012142857142857143 0.03142857142857143
0 0.475 0.029047619047619048 0.002857142857142857 0.012380952380952381
0 0.4789285714285714 0.02857142857142857 0.0035714285714285713 0.013333333333333334
0 0.48642857142857143 0.0419047619047619 0.002857142857142857 0.013333333333333334
0 0.3560714285714286 0.07761904761904762 0.005 0.01619047619047619
0 0.38035714285714284 0.20523809523809525 0.007857142857142858 0.01619047619047619