0 0.18714285714285714 0.8871428571428571 0.014285714285714285 0.04285714285714286
0 0.5810714285714286 0.809047619047619 0.009285714285714286 0.037142857142857144
0 0.595 0.810952380952381 0.011428571428571429 0.039047619047619046
0 0.6139285714285714 0.8185714285714286 0.010714285714285714 0.039047619047619046
0 0.6328571428571429 0.8133333333333334 0.01 0.03428571428571429
0 0.6914285714285714 0.819047619047619 0.011428571428571429 0.0380952380952381
0 0.6925 0.8538095238095238 0.010714285714285714 0.04285714285714286
0 0.7214285714285714 0.9023809523809524 0.012857142857142857 0.05047619047619047
0 0.7721428571428571 0.8457142857142858 0.014285714285714285 0.045714285714285714
0 0.8053571428571429 0.849047619047619 0.017857142857142856 0.05619047619047619
0 0.8328571428571429 0.8542857142857143 0.012857142857142857 0.05333333333333334
0 0.7721428571428571 0.7985714285714286 0.012857142857142857 0.037142857142857144
0 0.6557142857142857 0.7438095238095238 0.008571428571428572 0.02095238095238095
0 0.6778571428571428 0.7552380952380953 0.005714285714285714 0.017142857142857144
0 0.6796428571428571 0.7385714285714285 0.007857142857142858 0.025714285714285714
0 0.8578571428571429 0.8652380952380953 0.018571428571428572 0.054285714285714284
0 0.8875 0.8842857142857142 0.015 0.040952380952380955
0 0.8939285714285714 0.8771428571428571 0.012142857142857143 0.04380952380952381
0 0.8167857142857143 0.8152380952380952 0.012142857142857143 0.0419047619047619
0 0.6932142857142857 0.92 0.016428571428571428 0.05523809523809524
0 0.7646428571428572 0.9085714285714286 0.019285714285714285 0.049523809523809526
0 0.7646428571428572 0.9319047619047619 0.017857142857142856 0.054285714285714284
0 0.7521428571428571 0.9728571428571429 0.018571428571428572 0.054285714285714284
0 0.735 0.9571428571428572 0.02142857142857143 0.06476190476190476
0 0.7396428571428572 0.9371428571428572 0.016428571428571428 0.05523809523809524
0 0.7167857142857142 0.9376190476190476 0.016428571428571428 0.05619047619047619
0 0.7057142857142857 0.95 0.012857142857142857 0.037142857142857144
0 0.7564285714285715 0.7533333333333333 0.008571428571428572 0.022857142857142857
0 0.7539285714285714 0.7471428571428571 0.007857142857142858 0.021904761904761906
0 0.7389285714285714 0.7385714285714285 0.007857142857142858 0.021904761904761906
0 0.7089285714285715 0.7366666666666667 0.007857142857142858 0.025714285714285714
0 0.485 0.7342857142857143 0.008571428571428572 0.02095238095238095
0 0.43214285714285716 0.7847619047619048 0.007142857142857143 0.030476190476190476
0 0.2914285714285714 0.7952380952380952 0.008571428571428572 0.01904761904761905
0 0.77 0.9738095238095238 0.02 0.05238095238095238
0 0.7535714285714286 0.9719047619047619 0.018571428571428572 0.05619047619047619
0 0.7410714285714286 0.9814285714285714 0.015 0.037142857142857144
0 0.7125 0.9738095238095238 0.019285714285714285 0.05238095238095238
0 0.6792857142857143 0.6666666666666666 0.004285714285714286 0.009523809523809525
0 0.6728571428571428 0.6661904761904762 0.004285714285714286 0.010476190476190476
0 0.6889285714285714 0.6919047619047619 0.0035714285714285713 0.01619047619047619
0 0.6835714285714286 0.690952380952381 0.002857142857142857 0.012380952380952381
0 0.715 0.7371428571428571 0.005714285714285714 0.01904761904761905
0 0.7185714285714285 0.7352380952380952 0.005714285714285714 0.024761904761904763
0 0.7217857142857143 0.7295238095238096 0.0064285714285714285 0.024761904761904763
0 0.7042857142857143 0.7138095238095238 0.004285714285714286 0.018095238095238095
0 0.6910714285714286 0.7114285714285714 0.005 0.01904761904761905
0 0.7 0.6923809523809524 0.005714285714285714 0.015238095238095238
0 0.6953571428571429 0.7052380952380952 0.005 0.01619047619047619
0 0.6939285714285715 0.7014285714285714 0.0035714285714285713 0.02
0 0.7096428571428571 0.7142857142857143 0.005 0.01904761904761905
0 0.7014285714285714 0.7138095238095238 0.004285714285714286 0.014285714285714285
0 0.7685714285714286 0.7661904761904762 0.008571428571428572 0.029523809523809525
0 0.8592857142857143 0.7876190476190477 0.01 0.03428571428571429
0 0.9135714285714286 0.9842857142857143 0.02142857142857143 0.03142857142857143
0 0.5421428571428571 0.6985714285714286 0.004285714285714286 0.01619047619047619