0 0.6242857142857143 0.9338095238095238 0.008571428571428572 0.010476190476190476
0 0.6189285714285714 0.9219047619047619 0.0064285714285714285 0.007619047619047619
0 0.3067857142857143 0.44095238095238093 0.0064285714285714285 0.007619047619047619
0 0.31535714285714284 0.44571428571428573 0.007857142857142858 0.007619047619047619
0 0.5578571428571428 0.4423809523809524 0.005714285714285714 0.010476190476190476
0 0.4210714285714286 0.31285714285714283 0.005 0.008571428571428572
0 0.5403571428571429 0.27380952380952384 0.0064285714285714285 0.012380952380952381
0 0.38107142857142856 0.04428571428571428 0.007857142857142858 0.008571428571428572
0 0.36714285714285716 0.08857142857142856 0.005714285714285714 0.011428571428571429
0 0.35214285714285715 0.047142857142857146 0.005714285714285714 0.012380952380952381
0 0.34964285714285714 0.06333333333333334 0.005 0.012380952380952381
0 0.35928571428571426 0.36 0.007142857142857143 0.007619047619047619
0 0.37142857142857144 0.33 0.005714285714285714 0.010476190476190476
0 0.235 0.23714285714285716 0.008571428571428572 0.013333333333333334
0 0.04607142857142857 0.25333333333333335 0.007857142857142858 0.013333333333333334
0 0.705 0.18095238095238095 0.005714285714285714 0.015238095238095238
0 0.5928571428571429 0.23476190476190475 0.005714285714285714 0.010476190476190476