0 0.06464285714285714 0.4685714285714286 0.005 0.02095238095238095
0 0.12464285714285714 0.4880952380952381 0.0064285714285714285 0.025714285714285714
0 0.16178571428571428 0.44761904761904764 0.005 0.01904761904761905
0 0.15035714285714286 0.58 0.007857142857142858 0.02857142857142857
0 0.08357142857142857 0.6528571428571428 0.007142857142857143 0.039047619047619046
0 0.038214285714285715 0.6014285714285714 0.007857142857142858 0.035238095238095235
0 0.12464285714285714 0.8971428571428571 0.007857142857142858 0.02857142857142857
0 0.12928571428571428 0.9247619047619048 0.008571428571428572 0.02857142857142857
0 0.2075 0.5142857142857142 0.005 0.02095238095238095
0 0.25142857142857145 0.43666666666666665 0.008571428571428572 0.02761904761904762
0 0.26285714285714284 0.4633333333333333 0.014285714285714285 0.029523809523809525
0 0.2885714285714286 0.42952380952380953 0.004285714285714286 0.011428571428571429
0 0.2842857142857143 0.39 0.007142857142857143 0.02
0 0.27714285714285714 0.3871428571428571 0.005714285714285714 0.02
0 0.27285714285714285 0.35523809523809524 0.004285714285714286 0.009523809523809525
0 0.3167857142857143 0.33476190476190476 0.0035714285714285713 0.01619047619047619
0 0.3132142857142857 0.3314285714285714 0.0035714285714285713 0.017142857142857144
0 0.31535714285714284 0.17238095238095238 0.0035714285714285713 0.013333333333333334
0 0.43964285714285717 0.20809523809523808 0.002142857142857143 0.008571428571428572
0 0.4157142857142857 0.19095238095238096 0.002857142857142857 0.010476190476190476
0 0.41035714285714286 0.19 0.002142857142857143 0.012380952380952381
0 0.3610714285714286 0.3523809523809524 0.0035714285714285713 0.011428571428571429
0 0.3410714285714286 0.37142857142857144 0.0035714285714285713 0.011428571428571429
0 0.37535714285714283 0.45285714285714285 0.0035714285714285713 0.010476190476190476
0 0.385 0.44857142857142857 0.004285714285714286 0.011428571428571429
0 0.3410714285714286 0.560952380952381 0.005 0.01904761904761905
0 0.5007142857142857 0.33714285714285713 0.004285714285714286 0.011428571428571429
0 0.4017857142857143 0.30952380952380953 0.0035714285714285713 0.011428571428571429
0 0.5057142857142857 0.21428571428571427 0.004285714285714286 0.013333333333333334
0 0.49964285714285717 0.20666666666666667 0.002142857142857143 0.007619047619047619
0 0.4907142857142857 0.21857142857142858 0.002857142857142857 0.008571428571428572
0 0.6685714285714286 0.20904761904761904 0.004285714285714286 0.008571428571428572
0 0.03321428571428572 0.6485714285714286 0.010714285714285714 0.04