0 0.04462421711899791 0.6456400742115028 0.010960334029227558 0.04081632653061224
0 0.0634133611691023 0.6307977736549165 0.013048016701461378 0.04823747680890538
0 0.4311064718162839 0.30658627087198514 0.0041753653444676405 0.013914656771799629
0 0.4744258872651357 0.20222634508348794 0.0041753653444676405 0.014842300556586271
0 0.5336638830897703 0.12987012987012986 0.0036534446764091857 0.0074211502782931356
0 0.5054801670146137 0.1590909090909091 0.0036534446764091857 0.01020408163265306
0 0.5404488517745303 0.1813543599257885 0.0036534446764091857 0.012059369202226345
0 0.5521920668058455 0.19573283858998144 0.003131524008350731 0.00927643784786642
0 0.5153966597077244 0.2541743970315399 0.0036534446764091857 0.012987012987012988
0 0.5159185803757829 0.17857142857142858 0.0036534446764091857 0.008348794063079777
0 0.5427974947807933 0.2852504638218924 0.0041753653444676405 0.01020408163265306
0 0.5245302713987474 0.42207792207792205 0.005219206680584551 0.016697588126159554
0 0.5036534446764092 0.4461966604823748 0.006263048016701462 0.016697588126159554
0 0.5120041753653445 0.44990723562152135 0.006263048016701462 0.02040816326530612
0 0.7126826722338204 0.852504638218924 0.009916492693110648 0.03153988868274583
0 0.7160751565762005 0.8761595547309833 0.011482254697286013 0.021335807050092765
0 0.4879958246346555 0.35435992578849723 0.0041753653444676405 0.022263450834879406
0 0.5858559498956158 0.3404452690166976 0.0036534446764091857 0.016697588126159554
0 0.4911273486430063 0.2722634508348794 0.003131524008350731 0.013914656771799629
0 0.5480167014613778 0.08163265306122448 0.0020876826722338203 0.00927643784786642
0 0.5386221294363257 0.07653061224489796 0.0020876826722338203 0.006493506493506494
0 0.5302713987473904 0.0640074211502783 0.0020876826722338203 0.0074211502782931356
0 0.534446764091858 0.06354359925788497 0.0020876826722338203 0.006493506493506494
0 0.5187891440501043 0.059369202226345084 0.0010438413361169101 0.0037105751391465678
0 0.5182672233820459 0.05612244897959184 0.0020876826722338203 0.00463821892393321
0 0.5146137787056367 0.05009276437847866 0.0020876826722338203 0.0055658627087198514
0 0.5268789144050104 0.054267161410018555 0.0015657620041753654 0.00463821892393321