0 0.7278571428571429 0.9524111675126904 0.011428571428571429 0.0266497461928934
0 0.5225 0.9130710659898477 0.007857142857142858 0.024111675126903553
0 0.4957142857142857 0.8553299492385786 0.008571428571428572 0.030456852791878174
0 0.18321428571428572 0.9651015228426396 0.005 0.021573604060913704
0 0.18321428571428572 0.9511421319796954 0.007857142857142858 0.0266497461928934
0 0.17535714285714285 0.9022842639593909 0.009285714285714286 0.030456852791878174
0 0.1757142857142857 0.8058375634517766 0.01 0.03553299492385787
0 0.30142857142857143 0.03426395939086294 0.004285714285714286 0.017766497461928935
0 0.10464285714285715 0.0038071065989847717 0.005 0.007614213197969543
0 0.10714285714285714 0.046954314720812185 0.005714285714285714 0.017766497461928935
0 0.12035714285714286 0.07741116751269035 0.005 0.02030456852791878
0 0.11821428571428572 0.08185279187817258 0.005 0.01903553299492386
0 0.1175 0.108502538071066 0.0064285714285714285 0.021573604060913704
0 0.125 0.10532994923857868 0.005714285714285714 0.017766497461928935
0 0.1225 0.10025380710659898 0.0064285714285714285 0.02030456852791878
0 0.13392857142857142 0.10406091370558376 0.005 0.02284263959390863
0 0.11714285714285715 0.10786802030456853 0.005714285714285714 0.02030456852791878
0 0.11785714285714285 0.12246192893401016 0.007142857142857143 0.021573604060913704
0 0.12285714285714286 0.14022842639593908 0.005714285714285714 0.01903553299492386
0 0.16535714285714287 0.29758883248730966 0.0064285714285714285 0.01903553299492386
0 0.17 0.3464467005076142 0.007142857142857143 0.02284263959390863
0 0.19642857142857142 0.4365482233502538 0.005714285714285714 0.02284263959390863
0 0.18571428571428572 0.4796954314720812 0.005714285714285714 0.030456852791878174