0 0.07035714285714285 0.19952380952380952 0.007857142857142858 0.008571428571428572
0 0.2067857142857143 0.23809523809523808 0.0064285714285714285 0.007619047619047619
0 0.2782142857142857 0.20857142857142857 0.0035714285714285713 0.007619047619047619
0 0.19857142857142857 0.2423809523809524 0.007142857142857143 0.008571428571428572
0 0.19535714285714287 0.24523809523809523 0.0064285714285714285 0.008571428571428572
0 0.20857142857142857 0.2542857142857143 0.005714285714285714 0.005714285714285714
0 0.20892857142857144 0.259047619047619 0.007857142857142858 0.005714285714285714
0 0.22 0.2633333333333333 0.005714285714285714 0.006666666666666667
0 0.21642857142857144 0.26476190476190475 0.005714285714285714 0.007619047619047619
0 0.21535714285714286 0.2733333333333333 0.009285714285714286 0.009523809523809525
0 0.22178571428571428 0.28476190476190477 0.0064285714285714285 0.005714285714285714
0 0.21928571428571428 0.2904761904761905 0.005714285714285714 0.005714285714285714
0 0.21785714285714286 0.2876190476190476 0.004285714285714286 0.005714285714285714
0 0.20964285714285713 0.2976190476190476 0.005 0.006666666666666667
0 0.21214285714285713 0.29619047619047617 0.004285714285714286 0.005714285714285714
0 0.21321428571428572 0.29 0.005 0.006666666666666667
0 0.19642857142857142 0.3433333333333333 0.005714285714285714 0.006666666666666667
0 0.18214285714285713 0.38285714285714284 0.005714285714285714 0.005714285714285714
0 0.19178571428571428 0.34809523809523807 0.009285714285714286 0.004761904761904762
0 0.19714285714285715 0.39666666666666667 0.005714285714285714 0.006666666666666667
0 0.18035714285714285 0.39476190476190476 0.0064285714285714285 0.004761904761904762
0 0.17357142857142857 0.38857142857142857 0.005714285714285714 0.005714285714285714
0 0.17392857142857143 0.3985714285714286 0.007857142857142858 0.004761904761904762
0 0.1742857142857143 0.44904761904761903 0.005714285714285714 0.004761904761904762
0 0.17607142857142857 0.4633333333333333 0.007857142857142858 0.006666666666666667
0 0.14285714285714285 0.5247619047619048 0.005714285714285714 0.005714285714285714
0 0.11285714285714285 0.5757142857142857 0.008571428571428572 0.004761904761904762
0 0.13892857142857143 0.5585714285714286 0.007857142857142858 0.006666666666666667
0 0.12857142857142856 0.5528571428571428 0.005714285714285714 0.006666666666666667
0 0.12535714285714286 0.5533333333333333 0.0064285714285714285 0.005714285714285714
0 0.11392857142857143 0.579047619047619 0.007857142857142858 0.005714285714285714
0 0.39714285714285713 0.49952380952380954 0.004285714285714286 0.006666666666666667
0 0.38571428571428573 0.24857142857142858 0.004285714285714286 0.005714285714285714
0 0.38571428571428573 0.2419047619047619 0.002857142857142857 0.007619047619047619
0 0.3989285714285714 0.25142857142857145 0.0035714285714285713 0.005714285714285714
0 0.40464285714285714 0.25047619047619046 0.005 0.007619047619047619
0 0.4210714285714286 0.26857142857142857 0.0035714285714285713 0.007619047619047619
0 0.6582142857142858 0.3076190476190476 0.005 0.005714285714285714
0 0.6607142857142857 0.30952380952380953 0.004285714285714286 0.007619047619047619
0 0.6228571428571429 0.37714285714285717 0.005714285714285714 0.005714285714285714
0 0.6264285714285714 0.38 0.004285714285714286 0.005714285714285714
0 0.5903571428571428 0.44857142857142857 0.0035714285714285713 0.005714285714285714
0 0.5867857142857142 0.45 0.0035714285714285713 0.004761904761904762
0 0.4760714285714286 0.5833333333333334 0.005 0.004761904761904762
0 0.47964285714285715 0.5761904761904761 0.0035714285714285713 0.005714285714285714
0 0.4810714285714286 0.5714285714285714 0.0035714285714285713 0.005714285714285714
0 0.4125 0.7719047619047619 0.005 0.006666666666666667
0 0.4060714285714286 0.7838095238095238 0.0035714285714285713 0.005714285714285714
0 0.4075 0.7885714285714286 0.0035714285714285713 0.007619047619047619
0 0.4135714285714286 0.7766666666666666 0.004285714285714286 0.006666666666666667
0 0.41785714285714287 0.7757142857142857 0.004285714285714286 0.006666666666666667
0 0.3182142857142857 0.9285714285714286 0.005 0.009523809523809525
0 0.32321428571428573 0.9285714285714286 0.005 0.007619047619047619
0 0.32392857142857145 0.9204761904761904 0.005 0.008571428571428572
0 0.3317857142857143 0.9114285714285715 0.005 0.009523809523809525
0 0.33785714285714286 0.8976190476190476 0.004285714285714286 0.008571428571428572
0 0.3342857142857143 0.9057142857142857 0.004285714285714286 0.009523809523809525
0 0.33785714285714286 0.9071428571428571 0.004285714285714286 0.010476190476190476
0 0.34035714285714286 0.8990476190476191 0.0035714285714285713 0.009523809523809525
0 0.7767857142857143 0.7171428571428572 0.007857142857142858 0.007619047619047619
0 0.9625 0.3438095238095238 0.009285714285714286 0.005714285714285714
0 0.9721428571428572 0.34285714285714286 0.008571428571428572 0.0038095238095238095
0 0.8653571428571428 0.5123809523809524 0.005 0.007619047619047619