0 0.48678571428571427 0.5621827411167513 0.005 0.02030456852791878
0 0.47464285714285714 0.6637055837563451 0.005 0.02284263959390863
0 0.4664285714285714 0.6630710659898477 0.004285714285714286 0.021573604060913704
0 0.445 0.524746192893401 0.004285714285714286 0.01903553299492386
0 0.4642857142857143 0.45241116751269034 0.004285714285714286 0.01649746192893401
0 0.48035714285714287 0.43083756345177665 0.002142857142857143 0.01649746192893401
0 0.4860714285714286 0.43147208121827413 0.0035714285714285713 0.015228426395939087
0 0.485 0.4536802030456853 0.004285714285714286 0.01649746192893401
0 0.48214285714285715 0.4549492385786802 0.004285714285714286 0.01903553299492386
0 0.44821428571428573 0.5653553299492385 0.005 0.021573604060913704
0 0.47035714285714286 0.6541878172588832 0.005 0.01903553299492386