0 0.7357142857142858 0.9757142857142858 0.01 0.018095238095238095
0 0.6757142857142857 0.6780952380952381 0.01 0.011428571428571429
0 0.6982142857142857 0.6557142857142857 0.0064285714285714285 0.014285714285714285
0 0.7232142857142857 0.6514285714285715 0.012142857142857143 0.013333333333333334
0 0.7285714285714285 0.6695238095238095 0.01 0.011428571428571429
0 0.7432142857142857 0.5314285714285715 0.010714285714285714 0.011428571428571429
0 0.8014285714285714 0.5433333333333333 0.012857142857142857 0.014285714285714285
0 0.8078571428571428 0.5428571428571428 0.007142857142857143 0.007619047619047619
0 0.6675 0.4795238095238095 0.0064285714285714285 0.014285714285714285
0 0.6539285714285714 0.027142857142857142 0.007857142857142858 0.021904761904761906
0 0.48714285714285716 0.4166666666666667 0.008571428571428572 0.01619047619047619
0 0.3982142857142857 0.4166666666666667 0.007857142857142858 0.018095238095238095
0 0.38821428571428573 0.32285714285714284 0.007857142857142858 0.013333333333333334
0 0.35428571428571426 0.3438095238095238 0.008571428571428572 0.015238095238095238
0 0.36178571428571427 0.15333333333333332 0.007857142857142858 0.022857142857142857