0 0.7714285714285715 0.5185714285714286 0.014285714285714285 0.03333333333333333
0 0.7807142857142857 0.5171428571428571 0.008571428571428572 0.03238095238095238
0 0.7760714285714285 0.3019047619047619 0.010714285714285714 0.024761904761904763
0 0.9396428571428571 0.26095238095238094 0.013571428571428571 0.02857142857142857
0 0.9664285714285714 0.24714285714285714 0.008571428571428572 0.023809523809523808
0 0.9267857142857143 0.25952380952380955 0.012142857142857143 0.023809523809523808
0 0.725 0.29904761904761906 0.011428571428571429 0.02857142857142857
0 0.8285714285714286 0.3138095238095238 0.01 0.025714285714285714
0 0.9339285714285714 0.29714285714285715 0.012142857142857143 0.024761904761904763
0 0.7714285714285715 0.3080952380952381 0.005714285714285714 0.018095238095238095
0 0.46214285714285713 0.1819047619047619 0.005714285714285714 0.015238095238095238