0 0.26035714285714284 0.9016497461928934 0.007857142857142858 0.031725888324873094
0 0.295 0.7055837563451777 0.007142857142857143 0.030456852791878174
0 0.3142857142857143 0.6592639593908629 0.005714285714285714 0.024111675126903553
0 0.3335714285714286 0.6554568527918782 0.005714285714285714 0.0266497461928934
0 0.33285714285714285 0.6503807106598984 0.005714285714285714 0.0266497461928934
0 0.33785714285714286 0.631979695431472 0.005714285714285714 0.025380710659898477
0 0.3507142857142857 0.6465736040609137 0.008571428571428572 0.024111675126903553
0 0.35214285714285715 0.6313451776649747 0.004285714285714286 0.024111675126903553
0 0.35928571428571426 0.618020304568528 0.008571428571428572 0.025380710659898477
0 0.375 0.6104060913705583 0.005714285714285714 0.025380710659898477
0 0.37464285714285717 0.6015228426395939 0.005 0.027918781725888325
0 0.3732142857142857 0.5894670050761421 0.009285714285714286 0.0266497461928934
0 0.5982142857142857 0.27220812182741116 0.005 0.021573604060913704
0 0.6792857142857143 0.33058375634517767 0.005714285714285714 0.01903553299492386
0 0.7646428571428572 0.33121827411167515 0.0064285714285714285 0.017766497461928935
0 0.9589285714285715 0.3153553299492386 0.0064285714285714285 0.01903553299492386
0 0.8521428571428571 0.3096446700507614 0.007142857142857143 0.02030456852791878
0 0.7842857142857143 0.3147208121827411 0.008571428571428572 0.02284263959390863
0 0.6917857142857143 0.40926395939086296 0.005 0.021573604060913704
0 0.6846428571428571 0.4143401015228426 0.005 0.021573604060913704
0 0.6375 0.5095177664974619 0.005 0.024111675126903553