0 0.2542857142857143 0.05380952380952381 0.005714285714285714 0.02
0 0.10892857142857143 0.33666666666666667 0.012142857142857143 0.021904761904761906
0 0.09 0.4076190476190476 0.012857142857142857 0.022857142857142857
0 0.185 0.4261904761904762 0.011428571428571429 0.021904761904761906
0 0.2739285714285714 0.31761904761904763 0.007857142857142858 0.010476190476190476
0 0.13214285714285715 0.26571428571428574 0.008571428571428572 0.017142857142857144
0 0.17892857142857144 0.32047619047619047 0.009285714285714286 0.012380952380952381
0 0.17607142857142857 0.46714285714285714 0.009285714285714286 0.012380952380952381
0 0.1525 0.26142857142857145 0.010714285714285714 0.014285714285714285
0 0.14714285714285713 0.29095238095238096 0.007142857142857143 0.012380952380952381
0 0.13964285714285715 0.25523809523809526 0.009285714285714286 0.011428571428571429
0 0.13464285714285715 0.530952380952381 0.016428571428571428 0.02
0 0.12 0.5752380952380952 0.011428571428571429 0.017142857142857144
0 0.2689285714285714 0.5538095238095239 0.0064285714285714285 0.012380952380952381
0 0.0925 0.8314285714285714 0.020714285714285713 0.011428571428571429
0 0.5675 0.05714285714285714 0.0035714285714285713 0.013333333333333334
0 0.5717857142857142 0.5733333333333334 0.009285714285714286 0.01904761904761905
0 0.5585714285714286 0.8738095238095238 0.008571428571428572 0.012380952380952381