0 0.3675 0.017766497461928935 0.002142857142857143 0.01015228426395939
0 0.3632142857142857 0.02030456852791878 0.002142857142857143 0.012690355329949238
0 0.3757142857142857 0.12753807106598986 0.002857142857142857 0.011421319796954314
0 0.44785714285714284 0.34390862944162437 0.004285714285714286 0.015228426395939087
0 0.5667857142857143 0.3489847715736041 0.0035714285714285713 0.012690355329949238
0 0.5903571428571428 0.3730964467005076 0.005 0.015228426395939087
0 0.5982142857142857 0.37119289340101524 0.0035714285714285713 0.01649746192893401
0 0.6067857142857143 0.36548223350253806 0.0035714285714285713 0.012690355329949238
0 0.5971428571428572 0.38261421319796957 0.004285714285714286 0.013959390862944163
0 0.6014285714285714 0.40482233502538073 0.002857142857142857 0.012690355329949238
0 0.6007142857142858 0.43210659898477155 0.002857142857142857 0.01649746192893401
0 0.6175 0.3895939086294416 0.0035714285714285713 0.012690355329949238
0 0.625 0.4168781725888325 0.002857142857142857 0.01649746192893401
0 0.6439285714285714 0.3356598984771574 0.005 0.008883248730964468