0 0.27535714285714286 0.2131979695431472 0.005 0.017766497461928935
0 0.27714285714285714 0.20621827411167512 0.004285714285714286 0.01903553299492386
0 0.28035714285714286 0.2017766497461929 0.005 0.012690355329949238
0 0.2832142857142857 0.19543147208121828 0.005 0.015228426395939087
0 0.2367857142857143 0.33121827411167515 0.005 0.015228426395939087
0 0.24357142857142858 0.3217005076142132 0.005714285714285714 0.013959390862944163
0 0.245 0.30583756345177665 0.004285714285714286 0.015228426395939087
0 0.24964285714285714 0.32614213197969544 0.0064285714285714285 0.015228426395939087
0 0.2575 0.3248730964467005 0.0064285714285714285 0.017766497461928935
0 0.25357142857142856 0.30456852791878175 0.005714285714285714 0.017766497461928935
0 0.24821428571428572 0.29378172588832485 0.005 0.01649746192893401
0 0.25142857142857145 0.28553299492385786 0.005714285714285714 0.017766497461928935
0 0.25642857142857145 0.2893401015228426 0.005714285714285714 0.02030456852791878
0 0.25821428571428573 0.28109137055837563 0.005 0.01649746192893401
0 0.2621428571428571 0.28109137055837563 0.005714285714285714 0.01903553299492386
0 0.265 0.2918781725888325 0.005714285714285714 0.017766497461928935
0 0.2639285714285714 0.3102791878172589 0.005 0.01649746192893401
0 0.2885714285714286 0.2620558375634518 0.005714285714285714 0.01903553299492386
0 0.2914285714285714 0.258248730964467 0.005714285714285714 0.01903553299492386
0 0.4114285714285714 0.116751269035533 0.004285714285714286 0.015228426395939087
0 0.5528571428571428 0.11357868020304568 0.004285714285714286 0.01649746192893401
0 0.5578571428571428 0.11040609137055837 0.002857142857142857 0.012690355329949238
0 0.5528571428571428 0.16687817258883247 0.002857142857142857 0.01649746192893401
0 0.5571428571428572 0.16878172588832488 0.004285714285714286 0.017766497461928935