0 0.34035714285714286 0.8033333333333333 0.0064285714285714285 0.02761904761904762
0 0.34 0.8423809523809523 0.005714285714285714 0.021904761904761906
0 0.35285714285714287 0.8095238095238095 0.002857142857142857 0.01904761904761905
0 0.3485714285714286 0.8052380952380952 0.002857142857142857 0.021904761904761906
0 0.3825 0.7519047619047619 0.005 0.025714285714285714
0 0.42214285714285715 0.7390476190476191 0.004285714285714286 0.022857142857142857
0 0.5292857142857142 0.8495238095238096 0.005714285714285714 0.024761904761904763
0 0.5242857142857142 0.8514285714285714 0.004285714285714286 0.024761904761904763
0 0.5375 0.13047619047619047 0.0035714285714285713 0.015238095238095238
0 0.5857142857142857 0.3138095238095238 0.005714285714285714 0.021904761904761906
0 0.5460714285714285 0.8895238095238095 0.0064285714285714285 0.02095238095238095
0 0.7739285714285714 0.1976190476190476 0.005 0.018095238095238095
0 0.7271428571428571 0.010476190476190476 0.002857142857142857 0.005714285714285714