0 0.5414285714285715 0.5742857142857143 0.008571428571428572 0.02857142857142857
0 0.5332142857142858 0.55 0.007857142857142858 0.021904761904761906
0 0.5321428571428571 0.4642857142857143 0.007142857142857143 0.023809523809523808
0 0.5271428571428571 0.4738095238095238 0.005714285714285714 0.02
0 0.5228571428571429 0.48714285714285716 0.005714285714285714 0.023809523809523808
0 0.5321428571428571 0.5633333333333334 0.007142857142857143 0.018095238095238095
0 0.4825 0.22666666666666666 0.005 0.01904761904761905
0 0.4303571428571429 0.1580952380952381 0.0064285714285714285 0.024761904761904763
0 0.4632142857142857 0.12 0.009285714285714286 0.02095238095238095
0 0.47785714285714287 0.1280952380952381 0.005714285714285714 0.018095238095238095
0 0.47214285714285714 0.12333333333333334 0.004285714285714286 0.018095238095238095
0 0.2832142857142857 0.1580952380952381 0.009285714285714286 0.011428571428571429
0 0.3078571428571429 0.2019047619047619 0.008571428571428572 0.015238095238095238
0 0.49607142857142855 0.940952380952381 0.013571428571428571 0.01904761904761905
0 0.49964285714285717 0.22333333333333333 0.007857142857142858 0.012380952380952381
0 0.5292857142857142 0.3252380952380952 0.005714285714285714 0.02
0 0.5360714285714285 0.3238095238095238 0.0064285714285714285 0.022857142857142857
0 0.5107142857142857 0.30142857142857143 0.005714285714285714 0.023809523809523808
0 0.5178571428571429 0.3 0.007142857142857143 0.02095238095238095