0 0.015 0.2671428571428571 0.02142857142857143 0.04285714285714286
0 0.14392857142857143 0.22285714285714286 0.017857142857142856 0.0380952380952381
0 0.18321428571428572 0.2257142857142857 0.019285714285714285 0.04380952380952381
0 0.2325 0.20095238095238097 0.015 0.045714285714285714
0 0.15928571428571428 0.2057142857142857 0.02 0.0380952380952381
0 0.16642857142857143 0.1757142857142857 0.02 0.035238095238095235
0 0.1407142857142857 0.18047619047619048 0.02142857142857143 0.04285714285714286
0 0.13071428571428573 0.19095238095238096 0.015714285714285715 0.03142857142857143
0 0.205 0.1261904761904762 0.018571428571428572 0.039047619047619046
0 0.15821428571428572 0.1219047619047619 0.013571428571428571 0.030476190476190476
0 0.22714285714285715 0.1461904761904762 0.012857142857142857 0.023809523809523808
0 0.6671428571428571 0.1657142857142857 0.01 0.045714285714285714
0 0.6867857142857143 0.24714285714285714 0.010714285714285714 0.02761904761904762
0 0.6560714285714285 0.4014285714285714 0.02214285714285714 0.054285714285714284
0 0.7775 0.3923809523809524 0.015 0.03619047619047619
0 0.6117857142857143 0.6757142857142857 0.017857142857142856 0.058095238095238096