0 0.46424843423799583 0.48515769944341375 0.0026096033402922755 0.0074211502782931356
0 0.555062630480167 0.41187384044526903 0.0026096033402922755 0.0055658627087198514
0 0.5566283924843424 0.4299628942486085 0.0015657620041753654 0.00463821892393321
0 0.534446764091858 0.5199443413729128 0.003131524008350731 0.012059369202226345
0 0.5394050104384134 0.5213358070500927 0.0026096033402922755 0.00927643784786642
0 0.5508872651356994 0.5380333951762524 0.0026096033402922755 0.0074211502782931356
0 0.5396659707724426 0.6289424860853432 0.0041753653444676405 0.012987012987012988
0 0.5394050104384134 0.7142857142857143 0.004697286012526096 0.01855287569573284
0 0.48930062630480164 0.7884972170686456 0.006784968684759917 0.025974025974025976
0 0.4981732776617954 0.8084415584415584 0.005741127348643006 0.02504638218923933
0 0.5088726513569938 0.813543599257885 0.005219206680584551 0.02411873840445269
0 0.6411795407098121 0.7532467532467533 0.004697286012526096 0.01855287569573284
0 0.6761482254697286 0.6975881261595547 0.0036534446764091857 0.01855287569573284
0 0.6236951983298539 0.6386827458256029 0.0041753653444676405 0.013914656771799629
0 0.6200417536534447 0.6525974025974026 0.0041753653444676405 0.01948051948051948
0 0.6289144050104384 0.6164192949907236 0.0041753653444676405 0.017625231910946195