0 0.1425 0.2068527918781726 0.005 0.015228426395939087
0 0.34214285714285714 0.9276649746192893 0.005714285714285714 0.02030456852791878
0 0.5671428571428572 0.8401015228426396 0.005714285714285714 0.030456852791878174
0 0.56 0.8134517766497462 0.005714285714285714 0.02284263959390863
0 0.5510714285714285 0.7506345177664975 0.007857142857142858 0.0266497461928934
0 0.5489285714285714 0.7887055837563451 0.005 0.024111675126903553
0 0.5528571428571428 0.8013959390862944 0.004285714285714286 0.024111675126903553
0 0.45964285714285713 0.8838832487309645 0.005 0.01649746192893401
0 0.5582142857142857 0.8280456852791879 0.005 0.031725888324873094
0 0.5853571428571429 0.8001269035532995 0.0064285714285714285 0.01903553299492386
0 0.5817857142857142 0.8001269035532995 0.0064285714285714285 0.024111675126903553
0 0.4835714285714286 0.23096446700507614 0.002857142857142857 0.02030456852791878
0 0.48857142857142855 0.2151015228426396 0.004285714285714286 0.013959390862944163
0 0.9725 0.8394670050761421 0.013571428571428571 0.03934010152284264
0 0.9642857142857143 0.8229695431472082 0.01 0.03426395939086294