0 0.1875 0.6269035532994924 0.005 0.012690355329949238
0 0.6989285714285715 0.9010152284263959 0.005 0.012690355329949238
0 0.7010714285714286 0.9149746192893401 0.005 0.015228426395939087
0 0.7078571428571429 0.9073604060913706 0.005714285714285714 0.01015228426395939
0 0.5107142857142857 0.9124365482233503 0.004285714285714286 0.01015228426395939
0 0.38035714285714284 0.6871827411167513 0.0035714285714285713 0.008883248730964468
0 0.3792857142857143 0.6960659898477157 0.004285714285714286 0.011421319796954314
0 0.9028571428571428 0.25571065989847713 0.004285714285714286 0.011421319796954314
0 0.9082142857142858 0.2550761421319797 0.0035714285714285713 0.012690355329949238
0 0.9110714285714285 0.25571065989847713 0.0035714285714285713 0.008883248730964468
0 0.9164285714285715 0.258248730964467 0.004285714285714286 0.011421319796954314
0 0.9092857142857143 0.2639593908629442 0.002857142857142857 0.01015228426395939
0 0.9121428571428571 0.26776649746192893 0.004285714285714286 0.007614213197969543
0 0.8889285714285714 0.2899746192893401 0.005 0.011421319796954314
0 0.8175 0.3413705583756345 0.005 0.012690355329949238
0 0.7817857142857143 0.37119289340101524 0.005 0.011421319796954314
0 0.7117857142857142 0.4168781725888325 0.0035714285714285713 0.008883248730964468
0 0.25642857142857145 0.33248730964467005 0.002857142857142857 0.012690355329949238
0 0.25785714285714284 0.3331218274111675 0.002857142857142857 0.011421319796954314
0 0.2592857142857143 0.31916243654822335 0.002857142857142857 0.011421319796954314
0 0.26285714285714284 0.3134517766497462 0.002857142857142857 0.01015228426395939
0 0.2525 0.24111675126903553 0.0035714285714285713 0.012690355329949238
0 0.24 0.21446700507614214 0.002857142857142857 0.01015228426395939