0 0.4185714285714286 0.7652380952380953 0.007142857142857143 0.02
0 0.43357142857142855 0.6952380952380952 0.007142857142857143 0.013333333333333334
0 0.4689285714285714 0.6895238095238095 0.005 0.015238095238095238
0 0.4903571428571429 0.6814285714285714 0.005 0.01619047619047619
0 0.5082142857142857 0.6785714285714286 0.005 0.01619047619047619
0 0.5521428571428572 0.5933333333333334 0.004285714285714286 0.015238095238095238
0 0.5564285714285714 0.5928571428571429 0.004285714285714286 0.01619047619047619
0 0.5214285714285715 0.6019047619047619 0.005714285714285714 0.013333333333333334
0 0.6782142857142858 0.4861904761904762 0.005 0.012380952380952381
0 0.6753571428571429 0.5090476190476191 0.005 0.012380952380952381
0 0.7889285714285714 0.5723809523809524 0.0064285714285714285 0.013333333333333334
0 0.5785714285714286 0.621904761904762 0.005714285714285714 0.013333333333333334
0 0.5678571428571428 0.6304761904761905 0.005714285714285714 0.015238095238095238
0 0.3339285714285714 0.6585714285714286 0.007857142857142858 0.018095238095238095