0 0.22392857142857142 0.07571428571428572 0.009285714285714286 0.025714285714285714
0 0.3292857142857143 0.07904761904761905 0.012857142857142857 0.02666666666666667
0 0.3742857142857143 0.2914285714285714 0.018571428571428572 0.0380952380952381
0 0.2592857142857143 0.3242857142857143 0.01 0.03333333333333333
0 0.48857142857142855 0.5342857142857143 0.014285714285714285 0.045714285714285714
0 0.5528571428571428 0.5195238095238095 0.012857142857142857 0.037142857142857144
0 0.5528571428571428 0.5 0.011428571428571429 0.03428571428571429
0 0.6360714285714286 0.8452380952380952 0.013571428571428571 0.037142857142857144
0 0.5589285714285714 0.3080952380952381 0.0064285714285714285 0.029523809523809525
0 0.5517857142857143 0.30857142857142855 0.007857142857142858 0.030476190476190476
0 0.5589285714285714 0.24047619047619048 0.009285714285714286 0.03142857142857143
0 0.5467857142857143 0.24095238095238095 0.012142857142857143 0.030476190476190476
0 0.5046428571428572 0.15666666666666668 0.009285714285714286 0.035238095238095235
0 0.5189285714285714 0.12 0.005 0.02857142857142857
0 0.5260714285714285 0.12095238095238095 0.007857142857142858 0.02857142857142857
0 0.5789285714285715 0.06761904761904762 0.0064285714285714285 0.02095238095238095
0 0.6021428571428571 0.01904761904761905 0.005714285714285714 0.022857142857142857
0 0.6082142857142857 0.04380952380952381 0.007857142857142858 0.02666666666666667
0 0.5271428571428571 0.09666666666666666 0.01 0.025714285714285714
0 0.4592857142857143 0.09619047619047619 0.008571428571428572 0.02857142857142857
0 0.6117857142857143 0.15476190476190477 0.005 0.02
0 0.7753571428571429 0.054285714285714284 0.009285714285714286 0.024761904761904763
0 0.9571428571428572 0.6880952380952381 0.022857142857142857 0.05238095238095238