0 0.4682142857142857 0.6478426395939086 0.009285714285714286 0.024111675126903553
0 0.28214285714285714 0.6192893401015228 0.01 0.025380710659898477
0 0.04285714285714286 0.631979695431472 0.014285714285714285 0.027918781725888325
0 0.5178571428571429 0.5805837563451777 0.007142857142857143 0.021573604060913704
0 0.3796428571428571 0.5368020304568528 0.007857142857142858 0.027918781725888325
0 0.7767857142857143 0.6078680203045685 0.012142857142857143 0.02284263959390863
0 0.8842857142857142 0.6078680203045685 0.014285714285714285 0.025380710659898477
0 0.8825 0.5926395939086294 0.015 0.02284263959390863
0 0.5864285714285714 0.618020304568528 0.008571428571428572 0.017766497461928935
0 0.5875 0.6300761421319797 0.009285714285714286 0.024111675126903553
0 0.5857142857142857 0.6453045685279187 0.008571428571428572 0.0266497461928934
0 0.5025 0.5824873096446701 0.0064285714285714285 0.02284263959390863