0 0.10607142857142857 0.4238095238095238 0.0064285714285714285 0.013333333333333334
0 0.13428571428571429 0.42095238095238097 0.007142857142857143 0.02095238095238095
0 0.19142857142857142 0.4123809523809524 0.008571428571428572 0.017142857142857144
0 0.13035714285714287 0.4061904761904762 0.010714285714285714 0.023809523809523808
0 0.11642857142857142 0.4095238095238095 0.005714285714285714 0.02095238095238095
0 0.28714285714285714 0.36904761904761907 0.007142857142857143 0.018095238095238095
0 0.07142857142857142 0.4247619047619048 0.005714285714285714 0.015238095238095238
0 0.09071428571428572 0.43142857142857144 0.01 0.011428571428571429
0 0.115 0.4280952380952381 0.007142857142857143 0.012380952380952381
0 0.20535714285714285 0.3914285714285714 0.009285714285714286 0.024761904761904763
0 0.245 0.39476190476190476 0.007142857142857143 0.01619047619047619
0 0.2592857142857143 0.39285714285714285 0.007142857142857143 0.01619047619047619
0 0.3489285714285714 0.3585714285714286 0.0064285714285714285 0.02761904761904762
0 0.3464285714285714 0.46714285714285714 0.008571428571428572 0.029523809523809525
0 0.33285714285714285 0.4633333333333333 0.008571428571428572 0.02761904761904762
0 0.2325 0.3738095238095238 0.0064285714285714285 0.01619047619047619
0 0.052142857142857144 0.5361904761904762 0.012857142857142857 0.024761904761904763
0 0.04357142857142857 0.5047619047619047 0.017142857142857144 0.02666666666666667
0 0.04964285714285714 0.5252380952380953 0.013571428571428571 0.02761904761904762
0 0.012142857142857143 0.8647619047619047 0.022857142857142857 0.02095238095238095
0 0.028214285714285713 0.8790476190476191 0.017857142857142856 0.02095238095238095
0 0.3807142857142857 0.30714285714285716 0.005714285714285714 0.02
0 0.38571428571428573 0.3038095238095238 0.005714285714285714 0.022857142857142857
0 0.6025 0.04 0.0035714285714285713 0.011428571428571429
0 0.6639285714285714 0.19428571428571428 0.0064285714285714285 0.022857142857142857
0 0.6425 0.19666666666666666 0.0064285714285714285 0.014285714285714285
0 0.5964285714285714 0.4338095238095238 0.005714285714285714 0.014285714285714285
0 0.6325 0.6166666666666667 0.012142857142857143 0.03142857142857143
0 0.8342857142857143 0.1376190476190476 0.005714285714285714 0.018095238095238095
0 0.8478571428571429 0.14523809523809525 0.004285714285714286 0.01619047619047619
0 0.9742857142857143 0.17333333333333334 0.005714285714285714 0.01904761904761905