0 0.5657142857142857 0.5033333333333333 0.004285714285714286 0.014285714285714285
0 0.5689285714285715 0.5009523809523809 0.0035714285714285713 0.015238095238095238
0 0.5739285714285715 0.5042857142857143 0.005 0.01619047619047619
0 0.3942857142857143 0.4057142857142857 0.007142857142857143 0.017142857142857144
0 0.38642857142857145 0.3323809523809524 0.005714285714285714 0.011428571428571429
0 0.5007142857142857 0.11238095238095239 0.002857142857142857 0.011428571428571429
0 0.5053571428571428 0.13095238095238096 0.0035714285714285713 0.012380952380952381
0 0.5096428571428572 0.13142857142857142 0.002142857142857143 0.013333333333333334
0 0.5121428571428571 0.13523809523809524 0.002857142857142857 0.007619047619047619
0 0.46214285714285713 0.2761904761904762 0.004285714285714286 0.011428571428571429
0 0.37107142857142855 0.28476190476190477 0.002142857142857143 0.009523809523809525
0 0.37392857142857144 0.2833333333333333 0.005 0.008571428571428572
0 0.4017857142857143 0.28523809523809524 0.005 0.008571428571428572
0 0.3989285714285714 0.28523809523809524 0.005 0.010476190476190476
0 0.4707142857142857 0.24619047619047618 0.004285714285714286 0.010476190476190476
0 0.5517857142857143 0.28904761904761905 0.005 0.010476190476190476
0 0.5546428571428571 0.2895238095238095 0.0035714285714285713 0.009523809523809525
0 0.5117857142857143 0.22238095238095237 0.0035714285714285713 0.010476190476190476
0 0.48857142857142855 0.1619047619047619 0.004285714285714286 0.007619047619047619
0 0.4860714285714286 0.1 0.002142857142857143 0.007619047619047619
0 0.4742857142857143 0.07333333333333333 0.002857142857142857 0.011428571428571429
0 0.45607142857142857 0.23095238095238096 0.005 0.014285714285714285