0 0.10693848354792561 0.0491412213740458 0.026466380543633764 0.04484732824427481
0 0.36087267525035766 0.17795801526717558 0.019313304721030045 0.033396946564885496
0 0.39949928469241774 0.23043893129770993 0.015021459227467811 0.05057251908396947
0 0.25393419170243203 0.31440839694656486 0.02145922746781116 0.03721374045801527
0 0.19992846924177396 0.14551526717557253 0.023605150214592276 0.042938931297709926
0 0.20600858369098712 0.1359732824427481 0.022889842632331903 0.042938931297709926
0 0.0661659513590844 0.9728053435114504 0.032188841201716736 0.029580152671755726
0 0.6473533619456366 0.7032442748091603 0.02575107296137339 0.03244274809160305
0 0.7199570815450643 0.40553435114503816 0.016452074391988557 0.03816793893129771
0 0.7721745350500715 0.4231870229007634 0.019313304721030045 0.035305343511450385
0 0.6545064377682404 0.17318702290076335 0.011444921316165951 0.035305343511450385
0 0.571173104434907 0.22853053435114504 0.013590844062947067 0.042938931297709926
0 0.5636623748211731 0.22662213740458015 0.008583690987124463 0.02194656488549618
0 0.6022889842632332 0.2452290076335878 0.01430615164520744 0.04580152671755725
0 0.6984978540772532 0.19561068702290077 0.016452074391988557 0.03625954198473282
0 0.7124463519313304 0.20515267175572519 0.01859799713876967 0.04007633587786259
0 0.7736051502145923 0.23330152671755724 0.023605150214592276 0.046755725190839696
0 0.7553648068669528 0.3640267175572519 0.022889842632331903 0.039122137404580155
0 0.7521459227467812 0.28196564885496184 0.019313304721030045 0.039122137404580155
0 0.9656652360515021 0.21994274809160305 0.017167381974248927 0.03148854961832061
0 0.6816881258941345 0.39646946564885494 0.01430615164520744 0.020038167938931296
0 0.7746781115879828 0.4050572519083969 0.01859799713876967 0.03148854961832061
0 0.8011444921316166 0.38311068702290074 0.01859799713876967 0.02194656488549618
0 0.7950643776824035 0.3998091603053435 0.01072961373390558 0.02099236641221374
0 0.8072246065808297 0.446087786259542 0.022174535050071532 0.03148854961832061
0 0.8154506437768241 0.4627862595419847 0.022889842632331903 0.03244274809160305
0 0.8243919885550787 0.43225190839694655 0.016452074391988557 0.019083969465648856
0 0.822961373390558 0.4518129770992366 0.019313304721030045 0.029580152671755726
0 0.829041487839771 0.46564885496183206 0.020028612303290415 0.030534351145038167
0 0.8226037195994278 0.49427480916030536 0.02145922746781116 0.02480916030534351
0 0.8215307582260372 0.5104961832061069 0.02503576537911302 0.030534351145038167
0 0.8226037195994278 0.5271946564885496 0.02145922746781116 0.02385496183206107
0 0.8265379113018598 0.5500954198473282 0.023605150214592276 0.035305343511450385
0 0.8265379113018598 0.5405534351145038 0.023605150214592276 0.025763358778625955
0 0.9216738197424893 0.3711832061068702 0.016452074391988557 0.030534351145038167
0 0.9341917024320457 0.3812022900763359 0.022889842632331903 0.04103053435114504
0 0.9592274678111588 0.4303435114503817 0.02861230329041488 0.03435114503816794
0 0.969241773962804 0.3988549618320611 0.024320457796852647 0.02480916030534351
0 0.9874821173104434 0.37833969465648853 0.022174535050071532 0.029580152671755726
0 0.9542203147353362 0.37213740458015265 0.022889842632331903 0.030534351145038167
0 0.8959227467811158 0.5348282442748091 0.027896995708154508 0.025763358778625955
0 0.8054363376251789 0.586354961832061 0.02575107296137339 0.03721374045801527
0 0.8158082975679543 0.6598282442748091 0.022174535050071532 0.025763358778625955
0 0.8086552217453505 0.6130725190839694 0.027896995708154508 0.02767175572519084
0 0.8226037195994278 0.5663167938931297 0.020028612303290415 0.029580152671755726
0 0.8333333333333334 0.5782442748091603 0.02145922746781116 0.022900763358778626
0 0.8319027181688126 0.6025763358778626 0.022889842632331903 0.02385496183206107
0 0.8419170243204578 0.5958969465648855 0.022889842632331903 0.02767175572519084
0 0.8297567954220315 0.6350190839694656 0.02861230329041488 0.029580152671755726
0 0.8597997138769671 0.6283396946564885 0.02145922746781116 0.02385496183206107
0 0.8444206008583691 0.6383587786259542 0.022174535050071532 0.026717557251908396
0 0.8383404864091559 0.6793893129770993 0.02861230329041488 0.02862595419847328
0 0.8433476394849786 0.6612595419847328 0.024320457796852647 0.02480916030534351
0 0.8619456366237482 0.683206106870229 0.031473533619456366 0.030534351145038167
0 0.8748211731044349 0.683206106870229 0.02861230329041488 0.03244274809160305
0 0.9105865522174535 0.6698473282442748 0.02861230329041488 0.03244274809160305
0 0.9062947067238912 0.6960877862595419 0.024320457796852647 0.02767175572519084
0 0.8698140200286123 0.7084923664122137 0.02575107296137339 0.025763358778625955
0 0.8855507868383404 0.6989503816793893 0.017167381974248927 0.02385496183206107
0 0.9123748211731044 0.7418893129770993 0.03648068669527897 0.02385496183206107
0 0.9234620886981402 0.7251908396946565 0.024320457796852647 0.019083969465648856
0 0.9381258941344778 0.7142175572519084 0.026466380543633764 0.02385496183206107
0 0.9552932761087267 0.726145038167939 0.026466380543633764 0.022900763358778626
0 0.9642346208869814 0.7228053435114504 0.02145922746781116 0.02194656488549618
0 0.9774678111587983 0.7270992366412213 0.029327610872675252 0.02480916030534351
0 0.1791845493562232 0.8229961832061069 0.02503576537911302 0.035305343511450385
0 0.4220314735336195 0.612118320610687 0.024320457796852647 0.04866412213740458
0 0.46530758226037194 0.5720419847328244 0.016452074391988557 0.04103053435114504
0 0.43741058655221743 0.5877862595419847 0.019313304721030045 0.026717557251908396
0 0.5786838340486409 0.6569656488549618 0.02575107296137339 0.03148854961832061