0 0.2595 0.9133333333333333 0.041 0.072
0 0.2495 0.9233333333333333 0.041 0.072
0 0.25175 0.8656666666666667 0.0415 0.048666666666666664
0 0.0635 0.7346666666666667 0.075 0.06533333333333333
0 0.2775 0.604 0.026 0.056
0 0.26575 0.5786666666666667 0.0265 0.064
0 0.28125 0.504 0.0475 0.07733333333333334
0 0.34125 0.5016666666666667 0.0275 0.03266666666666666
0 0.435 0.5146666666666667 0.033 0.06666666666666667
0 0.4355 0.45166666666666666 0.026 0.07
0 0.48375 0.43833333333333335 0.0245 0.06733333333333333
0 0.627 0.5316666666666666 0.028 0.07133333333333333
0 0.647 0.5313333333333333 0.022 0.05466666666666667
0 0.737 0.7596666666666667 0.04 0.078
0 0.69325 0.64 0.0315 0.076
0 0.72175 0.652 0.0315 0.076
0 0.728 0.5903333333333334 0.036 0.07533333333333334
0 0.7175 0.328 0.023 0.05466666666666667
0 0.70425 0.516 0.0235 0.05466666666666667
0 0.76275 0.584 0.0265 0.068
0 0.8415 0.666 0.035 0.05466666666666667
0 0.841 0.5576666666666666 0.023 0.066
0 0.8545 0.5533333333333333 0.024 0.05733333333333333
0 0.77625 0.5486666666666666 0.0285 0.06533333333333333
0 0.78475 0.5233333333333333 0.0355 0.064
0 0.8395 0.48633333333333334 0.035 0.059333333333333335
0 0.778 0.48433333333333334 0.035 0.06066666666666667
0 0.78875 0.4756666666666667 0.0135 0.024666666666666667
0 0.73525 0.2723333333333333 0.0185 0.051333333333333335
0 0.76475 0.282 0.0135 0.021333333333333333
0 0.78125 0.2613333333333333 0.0235 0.04666666666666667
0 0.7795 0.2613333333333333 0.013 0.025333333333333333
0 0.75175 0.24333333333333335 0.0195 0.052
0 0.82875 0.24266666666666667 0.0225 0.052
0 0.835 0.238 0.015 0.04666666666666667
0 0.79025 0.19366666666666665 0.0185 0.048666666666666664
0 0.912 0.389 0.031 0.054
0 0.958 0.4593333333333333 0.042 0.04666666666666667
0 0.93425 0.175 0.0275 0.046
0 0.96675 0.162 0.0285 0.052
0 0.94825 0.14766666666666667 0.0215 0.048666666666666664
0 0.92775 0.12666666666666668 0.0265 0.052
0 0.98025 0.07633333333333334 0.0135 0.03
0 0.9875 0.07 0.014 0.034666666666666665
0 0.994 0.06933333333333333 0.012 0.042666666666666665