0 0.4514613778705637 0.865491651205937 0.011482254697286013 0.04823747680890538
0 0.5383611691022965 0.8371985157699443 0.007828810020876827 0.023191094619666047
0 0.5388830897703549 0.8330241187384044 0.008872651356993737 0.03525046382189239
0 0.5232254697286013 0.7782931354359925 0.008872651356993737 0.027829313543599257
0 0.5221816283924844 0.775974025974026 0.006784968684759917 0.030612244897959183
0 0.4650313152400835 0.49814471243042674 0.006263048016701462 0.02411873840445269
0 0.43789144050104384 0.3297773654916512 0.005219206680584551 0.01020408163265306
0 0.5224425887265136 0.26159554730983303 0.005219206680584551 0.012987012987012988
0 0.5300104384133612 0.30890538033395176 0.0036534446764091857 0.011131725417439703
0 0.6589248434237995 0.4679962894248609 0.006784968684759917 0.023191094619666047
0 0.6518789144050104 0.4429499072356215 0.006263048016701462 0.026901669758812616
0 0.6333507306889353 0.44758812615955473 0.007828810020876827 0.01948051948051948
0 0.45668058455114824 0.18181818181818182 0.0041753653444676405 0.011131725417439703
0 0.4517223382045929 0.1790352504638219 0.0026096033402922755 0.012987012987012988
0 0.4545929018789144 0.1794990723562152 0.0041753653444676405 0.012059369202226345
0 0.5036534446764092 0.14517625231910947 0.003131524008350731 0.008348794063079777
0 0.5086116910229646 0.13543599257884972 0.0036534446764091857 0.0074211502782931356
0 0.4838204592901879 0.11595547309833024 0.0020876826722338203 0.0074211502782931356
0 0.4981732776617954 0.09925788497217068 0.0026096033402922755 0.0074211502782931356
0 0.46320459290187893 0.09925788497217068 0.0026096033402922755 0.011131725417439703
0 0.4692066805845512 0.09972170686456401 0.003131524008350731 0.01020408163265306
0 0.47964509394572025 0.05380333951762523 0.0020876826722338203 0.0055658627087198514
0 0.4848643006263048 0.041280148423005564 0.0020876826722338203 0.00463821892393321
0 0.48825678496868474 0.03432282003710575 0.0015657620041753654 0.0037105751391465678