0 0.276356993736952 0.7657699443413729 0.029749478079331943 0.1901669758812616
0 0.49660751565762007 0.712430426716141 0.031837160751565764 0.20222634508348794
0 0.4707724425887265 0.6590909090909091 0.021920668058455117 0.15862708719851576
0 0.5093945720250522 0.6391465677179963 0.021920668058455117 0.14100185528756956
0 0.49765135699373697 0.673469387755102 0.031837160751565764 0.16512059369202226
0 0.6299582463465553 0.6794990723562152 0.032359081419624215 0.16048237476808905
0 0.6912839248434238 0.6938775510204082 0.02139874739039666 0.18923933209647495
0 0.7124217118997912 0.7393320964749536 0.019832985386221295 0.1261595547309833
0 0.6197807933194155 0.5941558441558441 0.029749478079331943 0.11224489795918367
0 0.5668058455114823 0.4995361781076067 0.008350730688935281 0.036178107606679034
0 0.5751565762004175 0.5055658627087198 0.008350730688935281 0.04823747680890538
0 0.5070459290187892 0.47959183673469385 0.008872651356993737 0.022263450834879406
0 0.5109603340292276 0.47263450834879406 0.0041753653444676405 0.017625231910946195