0 0.06428571428571428 0.7138095238095238 0.02 0.014285714285714285
0 0.015 0.7033333333333334 0.015714285714285715 0.010476190476190476
0 0.245 0.6961904761904761 0.012857142857142857 0.013333333333333334
0 0.2317857142857143 0.6947619047619048 0.013571428571428571 0.010476190476190476
0 0.19964285714285715 0.27380952380952384 0.016428571428571428 0.01619047619047619
0 0.22678571428571428 0.25523809523809526 0.013571428571428571 0.015238095238095238
0 0.2375 0.24047619047619048 0.012142857142857143 0.01619047619047619
0 0.2342857142857143 0.2761904761904762 0.012857142857142857 0.011428571428571429
0 0.24464285714285713 0.2714285714285714 0.012142857142857143 0.013333333333333334
0 0.2675 0.2776190476190476 0.010714285714285714 0.014285714285714285
0 0.20892857142857144 0.32476190476190475 0.012142857142857143 0.013333333333333334
0 0.4325 0.22952380952380952 0.009285714285714286 0.017142857142857144
0 0.5710714285714286 0.29619047619047617 0.010714285714285714 0.013333333333333334
0 0.6032142857142857 0.5952380952380952 0.012142857142857143 0.015238095238095238
0 0.7089285714285715 0.9433333333333334 0.009285714285714286 0.014285714285714285
0 0.7064285714285714 0.97 0.012857142857142857 0.012380952380952381
0 0.785 0.940952380952381 0.014285714285714285 0.015238095238095238
0 0.9464285714285714 0.34809523809523807 0.015714285714285715 0.02
0 0.95 0.3547619047619048 0.014285714285714285 0.012380952380952381