0 0.14714285714285713 0.6919047619047619 0.008571428571428572 0.014285714285714285
0 0.15178571428571427 0.6876190476190476 0.009285714285714286 0.017142857142857144
0 0.6196428571428572 0.5295238095238095 0.0064285714285714285 0.017142857142857144
0 0.6621428571428571 0.6142857142857143 0.007142857142857143 0.02857142857142857
0 0.6717857142857143 0.5714285714285714 0.007857142857142858 0.02095238095238095
0 0.6953571428571429 0.5876190476190476 0.009285714285714286 0.01904761904761905
0 0.6278571428571429 0.3519047619047619 0.005714285714285714 0.02
0 0.5853571428571429 0.33095238095238094 0.002142857142857143 0.006666666666666667
0 0.57 0.31952380952380954 0.002857142857142857 0.006666666666666667
0 0.5953571428571428 0.34 0.0035714285714285713 0.007619047619047619
0 0.6125 0.32857142857142857 0.0035714285714285713 0.007619047619047619
0 0.6039285714285715 0.3138095238095238 0.0035714285714285713 0.006666666666666667
0 0.6096428571428572 0.31952380952380954 0.0035714285714285713 0.008571428571428572
0 0.6082142857142857 0.3076190476190476 0.002142857142857143 0.009523809523809525
0 0.5771428571428572 0.25857142857142856 0.002857142857142857 0.010476190476190476
0 0.7257142857142858 0.611904761904762 0.011428571428571429 0.014285714285714285
0 0.7278571428571429 0.6514285714285715 0.005714285714285714 0.01904761904761905
0 0.7335714285714285 0.6519047619047619 0.004285714285714286 0.018095238095238095
0 0.7425 0.6385714285714286 0.009285714285714286 0.018095238095238095
0 0.7510714285714286 0.6404761904761904 0.007857142857142858 0.018095238095238095
0 0.7142857142857143 0.6266666666666667 0.005714285714285714 0.013333333333333334
0 0.7203571428571428 0.6257142857142857 0.005 0.013333333333333334
0 0.7746428571428572 0.6547619047619048 0.007857142857142858 0.02761904761904762
0 0.7817857142857143 0.6533333333333333 0.0064285714285714285 0.02095238095238095