0 0.11534446764091857 0.1614100185528757 0.026096033402922755 0.06679035250463822
0 0.20302713987473903 0.15120593692022263 0.026096033402922755 0.0686456400742115
0 0.22755741127348644 0.16419294990723562 0.018789144050104383 0.04452690166975881
0 0.25417536534446766 0.16512059369202226 0.022964509394572025 0.04267161410018553
0 0.31315240083507306 0.137291280148423 0.017745302713987474 0.03339517625231911
0 0.34394572025052195 0.11781076066790352 0.022964509394572025 0.04452690166975881
0 0.0180062630480167 0.6233766233766234 0.030793319415448852 0.05194805194805195
0 0.04462421711899791 0.6377551020408163 0.02870563674321503 0.036178107606679034
0 0.055845511482254695 0.5987940630797773 0.020876826722338204 0.045454545454545456
0 0.05506263048016701 0.602504638218924 0.02139874739039666 0.036178107606679034
0 0.07646137787056367 0.62430426716141 0.03288100208768267 0.0575139146567718
0 0.09211899791231733 0.6187384044526901 0.02661795407098121 0.055658627087198514
0 0.13178496868475992 0.6349721706864564 0.03288100208768267 0.05473098330241188
0 0.1477035490605428 0.5714285714285714 0.03444676409185804 0.07050092764378478
0 0.15918580375782881 0.5037105751391465 0.030271398747390398 0.07235621521335807
0 0.19493736951983298 0.5848794063079777 0.03496868475991649 0.075139146567718
0 0.2056367432150313 0.5412801484230055 0.027139874739039668 0.06957328385899815
0 0.21268267223382045 0.4962894248608534 0.029749478079331943 0.07421150278293136
0 0.28679540709812107 0.5347866419294991 0.02661795407098121 0.06957328385899815
0 0.30062630480167013 0.6062152133580705 0.024008350730688934 0.05844155844155844
0 0.32515657620041755 0.5027829313543599 0.020876826722338204 0.05194805194805195
0 0.31497912317327764 0.4652133580705009 0.02661795407098121 0.0640074211502783
0 0.3551670146137787 0.5570500927643784 0.027661795407098122 0.06586270871985157
0 0.38335073068893527 0.5913729128014842 0.02244258872651357 0.0640074211502783
0 0.39196242171189977 0.4972170686456401 0.016701461377870562 0.07421150278293136
0 0.4068371607515658 0.5538033395176253 0.02244258872651357 0.04452690166975881
0 0.4211899791231733 0.5417439703153989 0.021920668058455117 0.05380333951762523
0 0.42719206680584554 0.49211502782931354 0.02661795407098121 0.06215213358070501
0 0.4003131524008351 0.44063079777365494 0.025052192066805846 0.05009276437847866
0 0.45407098121085593 0.525974025974026 0.024008350730688934 0.06493506493506493
0 0.45224425887265135 0.4165120593692022 0.01826722338204593 0.06493506493506493
0 0.4326722338204593 0.3650278293135436 0.028183716075156576 0.06771799628942486
0 0.48329853862212946 0.4907235621521336 0.018789144050104383 0.07235621521335807
0 0.47964509394572025 0.47217068645640076 0.010438413361169102 0.03525046382189239
0 0.4932150313152401 0.538961038961039 0.027139874739039668 0.06493506493506493
0 0.5284446764091858 0.6034322820037106 0.030793319415448852 0.06029684601113173
0 0.49608559498956156 0.6048237476808905 0.02139874739039666 0.06679035250463822
0 0.2578288100208768 0.7583487940630798 0.033402922755741124 0.08070500927643785
0 0.2413883089770355 0.9429499072356216 0.03496868475991649 0.06215213358070501
0 0.5206158663883089 0.7680890538033395 0.02661795407098121 0.07050092764378478
0 0.5336638830897703 0.8650278293135436 0.02661795407098121 0.06586270871985157
0 0.6028183716075156 0.7931354359925789 0.031315240083507306 0.061224489795918366
0 0.5049582463465553 0.9443413729128015 0.029749478079331943 0.07792207792207792
0 0.8001043841336117 0.9554730983302412 0.03653444676409186 0.07235621521335807
0 0.7570459290187892 0.8330241187384044 0.02139874739039666 0.07050092764378478
0 0.7481732776617954 0.7170686456400742 0.02035490605427975 0.04638218923933209
0 0.7288622129436325 0.6957328385899815 0.027661795407098122 0.04452690166975881
0 0.8593423799582464 0.39564007421150277 0.03496868475991649 0.04359925788497217
0 0.8582985386221295 0.2940630797773655 0.0255741127348643 0.07977736549165121
0 0.7888830897703549 0.2787569573283859 0.031837160751565764 0.07699443413729128
0 0.8823068893528184 0.26484230055658625 0.027661795407098122 0.06957328385899815
0 0.8689979123173278 0.22866419294990722 0.029227557411273485 0.06586270871985157
0 0.8368997912317327 0.2323747680890538 0.024530271398747392 0.06957328385899815
0 0.8368997912317327 0.19341372912801486 0.02244258872651357 0.06029684601113173
0 0.901356993736952 0.29081632653061223 0.030271398747390398 0.08256029684601113
0 0.9519832985386222 0.2750463821892393 0.030271398747390398 0.06215213358070501
0 0.9365866388308977 0.21799628942486085 0.03392484342379958 0.0575139146567718
0 0.9376304801670147 0.2012987012987013 0.03288100208768267 0.055658627087198514
0 0.8436847599164927 0.12244897959183673 0.024530271398747392 0.07050092764378478
0 0.8948329853862212 0.036178107606679034 0.01826722338204593 0.05194805194805195
0 0.9102296450939458 0.030148423005565864 0.021920668058455117 0.05287569573283859
0 0.5104384133611691 0.14285714285714285 0.016701461377870562 0.07792207792207792
0 0.47886221294363257 0.1266233766233766 0.016179540709812108 0.05473098330241188
0 0.5099164926931107 0.06725417439703155 0.025052192066805846 0.06586270871985157
0 0.4963465553235908 0.034786641929499075 0.018789144050104383 0.05658627087198516
0 0.42379958246346555 0.05844155844155844 0.017745302713987474 0.05194805194805195
0 0.43815240083507306 0.12569573283858998 0.02244258872651357 0.05102040816326531
0 0.375 0.1326530612244898 0.01826722338204593 0.05380333951762523
0 0.6124739039665971 0.45732838589981445 0.024530271398747392 0.07050092764378478