0 0.6015 0.8263333333333334 0.008 0.015333333333333332
0 0.88075 0.965 0.0115 0.019333333333333334
0 0.8935 0.935 0.01 0.016666666666666666
0 0.881 0.8923333333333333 0.009 0.014
0 0.882 0.8983333333333333 0.009 0.014
0 0.6235 0.7673333333333333 0.006 0.014666666666666666
0 0.82175 0.45966666666666667 0.0045 0.011333333333333334
0 0.8135 0.39 0.004 0.008
0 0.813 0.42533333333333334 0.004 0.009333333333333334
0 0.842 0.654 0.007 0.013333333333333334
0 0.82725 0.5083333333333333 0.0045 0.011333333333333334
0 0.652 0.618 0.006 0.013333333333333334
0 0.6485 0.592 0.006 0.014666666666666666
0 0.65925 0.5166666666666667 0.0055 0.012
0 0.809 0.37366666666666665 0.004 0.008666666666666666
0 0.81375 0.37466666666666665 0.0035 0.009333333333333334