0 0.5675 0.942258883248731 0.012142857142857143 0.044416243654822336
0 0.6335714285714286 0.868020304568528 0.012857142857142857 0.048223350253807105
0 0.9707142857142858 0.2760152284263959 0.01 0.02918781725888325
0 0.5260714285714285 0.4543147208121827 0.013571428571428571 0.03807106598984772
0 0.10642857142857143 0.42956852791878175 0.011428571428571429 0.03934010152284264
0 0.10107142857142858 0.4365482233502538 0.012142857142857143 0.03299492385786802
0 0.34714285714285714 0.30710659898477155 0.005714285714285714 0.03553299492385787
0 0.2689285714285714 0.2436548223350254 0.009285714285714286 0.03807106598984772
0 0.26142857142857145 0.24048223350253808 0.008571428571428572 0.03426395939086294
0 0.19785714285714287 0.1833756345177665 0.008571428571428572 0.0266497461928934
0 0.11428571428571428 0.12563451776649745 0.008571428571428572 0.030456852791878174