0 0.3132142857142857 0.32857142857142857 0.0035714285714285713 0.013333333333333334
0 0.3067857142857143 0.33666666666666667 0.0035714285714285713 0.012380952380952381
0 0.3192857142857143 0.34523809523809523 0.002857142857142857 0.010476190476190476
0 0.32785714285714285 0.3661904761904762 0.002857142857142857 0.010476190476190476
0 0.3225 0.3676190476190476 0.0035714285714285713 0.009523809523809525
0 0.33535714285714285 0.4157142857142857 0.0035714285714285713 0.010476190476190476
0 0.3492857142857143 0.3871428571428571 0.002857142857142857 0.012380952380952381
0 0.39285714285714285 0.49476190476190474 0.004285714285714286 0.014285714285714285
0 0.3578571428571429 0.5161904761904762 0.002857142857142857 0.009523809523809525
0 0.36428571428571427 0.5233333333333333 0.004285714285714286 0.014285714285714285
0 0.32321428571428573 0.5919047619047619 0.005 0.01619047619047619
0 0.3317857142857143 0.7719047619047619 0.0064285714285714285 0.02761904761904762
0 0.38392857142857145 0.69 0.009285714285714286 0.03142857142857143
0 0.395 0.6919047619047619 0.005714285714285714 0.02761904761904762
0 0.4160714285714286 0.5114285714285715 0.007857142857142858 0.024761904761904763
0 0.34214285714285714 0.31476190476190474 0.004285714285714286 0.01619047619047619
0 0.3767857142857143 0.1361904761904762 0.002142857142857143 0.0038095238095238095
0 0.38321428571428573 0.14142857142857143 0.002142857142857143 0.004761904761904762
0 0.3975 0.1657142857142857 0.002142857142857143 0.0038095238095238095
0 0.33321428571428574 0.21619047619047618 0.005 0.007619047619047619
0 0.325 0.2180952380952381 0.002857142857142857 0.005714285714285714