0 0.4144050104384134 0.6855287569573284 0.021920668058455117 0.09647495361781076
0 0.5044363256784968 0.25 0.007828810020876827 0.041743970315398886
0 0.4979123173277662 0.22912801484230055 0.007306889352818371 0.03896103896103896
0 0.49295407098121086 0.24489795918367346 0.004697286012526096 0.027829313543599257
0 0.48851774530271397 0.26159554730983303 0.006263048016701462 0.025974025974025976
0 0.47651356993736954 0.25834879406307976 0.009394572025052192 0.03432282003710575
0 0.5634133611691023 0.17857142857142858 0.005741127348643006 0.026901669758812616
0 0.5678496868475992 0.18320964749536178 0.0041753653444676405 0.017625231910946195
0 0.6471816283924844 0.11038961038961038 0.005219206680584551 0.025974025974025976
0 0.5863778705636743 0.02458256029684601 0.0036534446764091857 0.017625231910946195
0 0.6479645093945721 0.6948051948051948 0.029749478079331943 0.08719851576994433
0 0.5532359081419624 0.08302411873840446 0.003131524008350731 0.017625231910946195
0 0.5621085594989561 0.07421150278293136 0.006263048016701462 0.016697588126159554