0 0.0575 0.024285714285714285 0.005 0.010476190476190476
0 0.16464285714285715 0.024285714285714285 0.005 0.018095238095238095
0 0.22607142857142856 0.11238095238095239 0.009285714285714286 0.02095238095238095
0 0.2392857142857143 0.12761904761904763 0.004285714285714286 0.02095238095238095
0 0.2475 0.12904761904761905 0.005 0.018095238095238095
0 0.2042857142857143 0.23904761904761904 0.011428571428571429 0.02095238095238095
0 0.18642857142857142 0.2966666666666667 0.008571428571428572 0.023809523809523808
0 0.16892857142857143 0.31476190476190474 0.010714285714285714 0.018095238095238095
0 0.11357142857142857 0.44666666666666666 0.014285714285714285 0.02857142857142857
0 0.10714285714285714 0.44 0.008571428571428572 0.022857142857142857
0 0.4642857142857143 0.2885714285714286 0.01 0.017142857142857144
0 0.9178571428571428 0.08619047619047619 0.008571428571428572 0.018095238095238095
0 0.7953571428571429 0.8571428571428571 0.013571428571428571 0.024761904761904763
0 0.7592857142857142 0.9580952380952381 0.015714285714285715 0.03428571428571429