0 0.07785714285714286 0.9371428571428572 0.027142857142857142 0.02857142857142857
0 0.13642857142857143 0.8066666666666666 0.018571428571428572 0.022857142857142857
0 0.019642857142857142 0.7804761904761904 0.012142857142857143 0.01619047619047619
0 0.08071428571428571 0.7204761904761905 0.014285714285714285 0.02
0 0.08535714285714285 0.709047619047619 0.017857142857142856 0.018095238095238095
0 0.05821428571428571 0.6876190476190476 0.017857142857142856 0.022857142857142857
0 0.08607142857142858 0.6723809523809524 0.015 0.024761904761904763
0 0.14607142857142857 0.7133333333333334 0.017857142857142856 0.02095238095238095
0 0.26357142857142857 0.7390476190476191 0.014285714285714285 0.022857142857142857
0 0.3246428571428571 0.6761904761904762 0.012142857142857143 0.02095238095238095
0 0.29892857142857143 0.5666666666666667 0.013571428571428571 0.017142857142857144
0 0.3692857142857143 0.5704761904761905 0.011428571428571429 0.02095238095238095
0 0.041428571428571426 0.7676190476190476 0.022857142857142857 0.024761904761904763
0 0.023928571428571428 0.8076190476190476 0.02214285714285714 0.024761904761904763
0 0.013928571428571429 0.7733333333333333 0.019285714285714285 0.030476190476190476
0 0.4375 0.3 0.0064285714285714285 0.015238095238095238
0 0.42214285714285715 0.31142857142857144 0.005714285714285714 0.013333333333333334
0 0.42428571428571427 0.3138095238095238 0.004285714285714286 0.014285714285714285
0 0.3989285714285714 0.35333333333333333 0.0064285714285714285 0.013333333333333334
0 0.4007142857142857 0.3519047619047619 0.005714285714285714 0.014285714285714285
0 0.39571428571428574 0.36428571428571427 0.008571428571428572 0.01619047619047619
0 0.3628571428571429 0.39285714285714285 0.007142857142857143 0.014285714285714285
0 0.34464285714285714 0.4247619047619048 0.0064285714285714285 0.017142857142857144
0 0.3289285714285714 0.4280952380952381 0.007857142857142858 0.018095238095238095
0 0.32357142857142857 0.44904761904761903 0.008571428571428572 0.021904761904761906
0 0.3117857142857143 0.43523809523809526 0.007857142857142858 0.01904761904761905
0 0.2757142857142857 0.4633333333333333 0.01 0.02
0 0.22964285714285715 0.4514285714285714 0.010714285714285714 0.01904761904761905
0 0.21964285714285714 0.4380952380952381 0.009285714285714286 0.017142857142857144
0 0.2889285714285714 0.4266666666666667 0.009285714285714286 0.024761904761904763
0 0.3628571428571429 0.3419047619047619 0.005714285714285714 0.01904761904761905
0 0.16142857142857142 0.4042857142857143 0.012857142857142857 0.021904761904761906
0 0.34285714285714286 0.3923809523809524 0.005714285714285714 0.01904761904761905
0 0.3485714285714286 0.3904761904761905 0.008571428571428572 0.02095238095238095
0 0.43785714285714283 0.20238095238095238 0.005714285714285714 0.010476190476190476
0 0.4742857142857143 0.20809523809523808 0.004285714285714286 0.014285714285714285
0 0.5110714285714286 0.18761904761904763 0.0035714285714285713 0.011428571428571429
0 0.49642857142857144 0.19952380952380952 0.004285714285714286 0.010476190476190476
0 0.4810714285714286 0.2276190476190476 0.0035714285714285713 0.011428571428571429
0 0.465 0.25142857142857145 0.005714285714285714 0.013333333333333334
0 0.5067857142857143 0.09666666666666666 0.005 0.008571428571428572
0 0.49714285714285716 0.09714285714285714 0.004285714285714286 0.011428571428571429
0 0.5 0.09666666666666666 0.004285714285714286 0.010476190476190476
0 0.5028571428571429 0.09714285714285714 0.004285714285714286 0.013333333333333334
0 0.5153571428571428 0.09238095238095238 0.0035714285714285713 0.011428571428571429
0 0.5457142857142857 0.13476190476190475 0.004285714285714286 0.008571428571428572
0 0.5410714285714285 0.14476190476190476 0.005 0.009523809523809525
0 0.6171428571428571 0.047619047619047616 0.004285714285714286 0.007619047619047619
0 0.615 0.20809523809523808 0.005714285714285714 0.014285714285714285
0 0.705 0.17904761904761904 0.005714285714285714 0.015238095238095238
0 0.5639285714285714 0.4438095238095238 0.007857142857142858 0.017142857142857144
0 0.5485714285714286 0.4642857142857143 0.007142857142857143 0.01619047619047619
0 0.4878571428571429 0.5004761904761905 0.011428571428571429 0.01619047619047619
0 0.47535714285714287 0.5166666666666667 0.012142857142857143 0.01619047619047619
0 0.4717857142857143 0.5233333333333333 0.009285714285714286 0.02
0 0.6064285714285714 0.919047619047619 0.014285714285714285 0.02666666666666667
0 0.5678571428571428 0.8823809523809524 0.011428571428571429 0.021904761904761906
0 0.5546428571428571 0.9180952380952381 0.013571428571428571 0.02666666666666667
0 0.5696428571428571 0.8671428571428571 0.012142857142857143 0.018095238095238095
0 0.5364285714285715 0.9576190476190476 0.02 0.025714285714285714
0 0.49 0.9804761904761905 0.017142857142857144 0.021904761904761906
0 0.5096428571428572 0.9876190476190476 0.017857142857142856 0.022857142857142857
0 0.6871428571428572 0.9619047619047619 0.018571428571428572 0.02857142857142857
0 0.8442857142857143 0.8333333333333334 0.015714285714285715 0.02095238095238095
0 0.7714285714285715 0.8033333333333333 0.017142857142857144 0.023809523809523808
0 0.6789285714285714 0.3523809523809524 0.005 0.013333333333333334
0 0.6657142857142857 0.40714285714285714 0.008571428571428572 0.01619047619047619
0 0.6814285714285714 0.42095238095238097 0.007142857142857143 0.013333333333333334
0 0.6789285714285714 0.4176190476190476 0.007857142857142858 0.012380952380952381
0 0.6967857142857142 0.4319047619047619 0.0064285714285714285 0.01619047619047619
0 0.7032142857142857 0.43714285714285717 0.007857142857142858 0.013333333333333334
0 0.7003571428571429 0.46523809523809523 0.007857142857142858 0.02
0 0.6507142857142857 0.49666666666666665 0.008571428571428572 0.02
0 0.6046428571428571 0.4938095238095238 0.007857142857142858 0.02
0 0.6525 0.5276190476190477 0.013571428571428571 0.02095238095238095
0 0.8292857142857143 0.47285714285714286 0.012857142857142857 0.018095238095238095
0 0.8657142857142858 0.4204761904761905 0.01 0.012380952380952381
0 0.8110714285714286 0.4704761904761905 0.012142857142857143 0.022857142857142857