0 0.135 0.45095238095238094 0.014285714285714285 0.03142857142857143
0 0.9635714285714285 0.9676190476190476 0.032857142857142856 0.047619047619047616
0 0.6346428571428572 0.5371428571428571 0.012142857142857143 0.02666666666666667
0 0.7032142857142857 0.4033333333333333 0.007857142857142858 0.018095238095238095
0 0.6978571428571428 0.3995238095238095 0.007142857142857143 0.018095238095238095
0 0.6610714285714285 0.4804761904761905 0.013571428571428571 0.02
0 0.6557142857142857 0.48 0.01 0.022857142857142857
0 0.7517857142857143 0.44142857142857145 0.010714285714285714 0.021904761904761906
0 0.6328571428571429 0.40714285714285714 0.011428571428571429 0.023809523809523808
0 0.6175 0.4114285714285714 0.012142857142857143 0.024761904761904763
0 0.5814285714285714 0.3304761904761905 0.011428571428571429 0.017142857142857144
0 0.54 0.2719047619047619 0.008571428571428572 0.018095238095238095
0 0.6560714285714285 0.3223809523809524 0.009285714285714286 0.018095238095238095
0 0.5707142857142857 0.15904761904761905 0.004285714285714286 0.009523809523809525
0 0.5285714285714286 0.18 0.005714285714285714 0.007619047619047619
0 0.5189285714285714 0.18095238095238095 0.0064285714285714285 0.011428571428571429
0 0.5253571428571429 0.13 0.0035714285714285713 0.008571428571428572
0 0.5275 0.16428571428571428 0.007857142857142858 0.012380952380952381
0 0.6975 0.3461904761904762 0.007857142857142858 0.029523809523809525
0 0.6892857142857143 0.34476190476190477 0.01 0.03238095238095238
0 0.6732142857142858 0.3219047619047619 0.007857142857142858 0.022857142857142857
0 0.6667857142857143 0.2938095238095238 0.007857142857142858 0.021904761904761906
0 0.6675 0.37714285714285717 0.013571428571428571 0.030476190476190476
0 0.6382142857142857 0.3238095238095238 0.009285714285714286 0.030476190476190476
0 0.6378571428571429 0.31 0.01 0.029523809523809525
0 0.6885714285714286 0.3314285714285714 0.008571428571428572 0.03428571428571429
0 0.9021428571428571 0.18666666666666668 0.007142857142857143 0.015238095238095238
0 0.985 0.21571428571428572 0.007142857142857143 0.02761904761904762
0 0.9785714285714285 0.17857142857142858 0.011428571428571429 0.02