0 0.6571428571428571 0.8771428571428571 0.007142857142857143 0.011428571428571429
0 0.6007142857142858 0.731904761904762 0.007142857142857143 0.010476190476190476
0 0.31035714285714283 0.035238095238095235 0.0064285714285714285 0.015238095238095238
0 0.8696428571428572 0.24333333333333335 0.007857142857142858 0.006666666666666667
0 0.8910714285714286 0.4014285714285714 0.007857142857142858 0.008571428571428572
0 0.26107142857142857 0.6223809523809524 0.007857142857142858 0.006666666666666667
0 0.2646428571428571 0.6147619047619047 0.0064285714285714285 0.008571428571428572
0 0.25107142857142856 0.6257142857142857 0.007857142857142858 0.007619047619047619
0 0.5453571428571429 0.9433333333333334 0.007857142857142858 0.010476190476190476
0 0.7464285714285714 0.7019047619047619 0.008571428571428572 0.009523809523809525
0 0.7742857142857142 0.6880952380952381 0.008571428571428572 0.008571428571428572
0 0.7821428571428571 0.6904761904761905 0.007142857142857143 0.007619047619047619
0 0.7885714285714286 0.6780952380952381 0.007142857142857143 0.007619047619047619
0 0.9664285714285714 0.7766666666666666 0.01 0.010476190476190476
0 0.81 0.6571428571428571 0.005714285714285714 0.009523809523809525
0 0.7917857142857143 0.6457142857142857 0.009285714285714286 0.011428571428571429
0 0.8103571428571429 0.6047619047619047 0.0064285714285714285 0.007619047619047619
0 0.9935714285714285 0.8404761904761905 0.012857142857142857 0.010476190476190476
0 0.9353571428571429 0.9419047619047619 0.009285714285714286 0.011428571428571429