0 0.2382142857142857 0.1719047619047619 0.015 0.040952380952380955
0 0.16464285714285715 0.28095238095238095 0.017857142857142856 0.03238095238095238
0 0.18 0.2557142857142857 0.012857142857142857 0.02761904761904762
0 0.1792857142857143 0.2757142857142857 0.012857142857142857 0.018095238095238095
0 0.4164285714285714 0.035238095238095235 0.008571428571428572 0.04
0 0.40535714285714286 0.08142857142857143 0.010714285714285714 0.037142857142857144
0 0.43857142857142856 0.0980952380952381 0.011428571428571429 0.01904761904761905
0 0.1925 0.6047619047619047 0.027857142857142858 0.0419047619047619
0 0.44107142857142856 0.5657142857142857 0.017857142857142856 0.0380952380952381
0 0.7082142857142857 0.2947619047619048 0.010714285714285714 0.039047619047619046
0 0.8553571428571428 0.4 0.019285714285714285 0.03428571428571429
0 0.8832142857142857 0.5719047619047619 0.019285714285714285 0.04285714285714286
0 0.9096428571428572 0.59 0.027857142857142858 0.04285714285714286
0 0.9353571428571429 0.5838095238095238 0.020714285714285713 0.049523809523809526