0 0.53 0.29533333333333334 0.006 0.012
0 0.51975 0.313 0.0055 0.015333333333333332
0 0.50525 0.30933333333333335 0.0045 0.008
0 0.508 0.3363333333333333 0.007 0.019333333333333334
0 0.493 0.34 0.005 0.017333333333333333
0 0.5135 0.36666666666666664 0.004 0.016
0 0.5155 0.36866666666666664 0.004 0.02
0 0.57225 0.3586666666666667 0.0055 0.017333333333333333
0 0.5695 0.35433333333333333 0.006 0.019333333333333334
0 0.45725 0.3616666666666667 0.0075 0.016666666666666666
0 0.391 0.36 0.006 0.02
0 0.68475 0.7086666666666667 0.0175 0.058666666666666666