0 0.29097077244258873 0.9346011131725418 0.012004175365344467 0.023191094619666047
0 0.32072025052192066 0.8501855287569573 0.012004175365344467 0.030612244897959183
0 0.31393528183716074 0.936456400742115 0.007828810020876827 0.032467532467532464
0 0.36482254697286015 0.5950834879406308 0.005219206680584551 0.015769944341372914
0 0.6724947807933194 0.7198515769944341 0.007828810020876827 0.022263450834879406
0 0.6419624217118998 0.6679035250463822 0.006263048016701462 0.02411873840445269
0 0.5975991649269311 0.5343228200371057 0.007306889352818371 0.01855287569573284
0 0.7267745302713987 0.7871057513914657 0.009916492693110648 0.021335807050092765
0 0.8264613778705637 0.8205009276437848 0.007828810020876827 0.015769944341372914
0 0.6479645093945721 0.38589981447124305 0.004697286012526096 0.012987012987012988
0 0.5863778705636743 0.21150278293135436 0.004697286012526096 0.00927643784786642
0 0.6218684759916493 0.2787569573283859 0.0036534446764091857 0.012059369202226345
0 0.6239561586638831 0.26159554730983303 0.0036534446764091857 0.0074211502782931356
0 0.4298016701461378 0.29916512059369205 0.004697286012526096 0.008348794063079777
0 0.4321503131524008 0.27411873840445267 0.0041753653444676405 0.012059369202226345
0 0.4603340292275574 0.18970315398886828 0.0020876826722338203 0.006493506493506494
0 0.46320459290187893 0.1767161410018553 0.0026096033402922755 0.01020408163265306
0 0.4725991649269311 0.1679035250463822 0.0026096033402922755 0.00927643784786642
0 0.4953027139874739 0.04267161410018553 0.0020876826722338203 0.0055658627087198514
0 0.4963465553235908 0.030148423005565864 0.0020876826722338203 0.006493506493506494
0 0.49765135699373697 0.01437847866419295 0.0015657620041753654 0.006493506493506494
0 0.5762004175365344 0.14935064935064934 0.003131524008350731 0.0074211502782931356
0 0.5759394572025052 0.15445269016697588 0.0026096033402922755 0.01020408163265306
0 0.5738517745302714 0.13404452690166976 0.0036534446764091857 0.015769944341372914
0 0.5832463465553236 0.1507421150278293 0.0026096033402922755 0.01020408163265306
0 0.5822025052192067 0.1461038961038961 0.0026096033402922755 0.012059369202226345
0 0.5639352818371608 0.022727272727272728 0.0015657620041753654 0.008348794063079777