0 0.8942857142857142 0.32 0.014285714285714285 0.030476190476190476
0 0.9032142857142857 0.32047619047619047 0.009285714285714286 0.02761904761904762
0 0.6128571428571429 0.5228571428571429 0.012857142857142857 0.0380952380952381
0 0.6478571428571429 0.52 0.014285714285714285 0.047619047619047616
0 0.6903571428571429 0.5019047619047619 0.016428571428571428 0.0380952380952381
0 0.16964285714285715 0.019523809523809523 0.0064285714285714285 0.02
0 0.30392857142857144 0.0719047619047619 0.007857142857142858 0.023809523809523808
0 0.2914285714285714 0.06761904761904762 0.007142857142857143 0.024761904761904763
0 0.2789285714285714 0.06523809523809523 0.007857142857142858 0.023809523809523808
0 0.28535714285714286 0.06380952380952382 0.0064285714285714285 0.022857142857142857
0 0.275 0.06095238095238095 0.007142857142857143 0.02095238095238095
0 0.30214285714285716 0.06095238095238095 0.007142857142857143 0.02095238095238095
0 0.28214285714285714 0.24761904761904763 0.011428571428571429 0.04
0 0.22214285714285714 0.043333333333333335 0.007142857142857143 0.021904761904761906
0 0.3242857142857143 0.0761904761904762 0.007142857142857143 0.022857142857142857
0 0.3464285714285714 0.08857142857142856 0.008571428571428572 0.02857142857142857