0 0.22357142857142856 0.8324873096446701 0.01 0.025380710659898477
0 0.21785714285714286 0.825507614213198 0.005714285714285714 0.024111675126903553
0 0.26964285714285713 0.7734771573604061 0.0064285714285714285 0.021573604060913704
0 0.2625 0.7709390862944162 0.0064285714285714285 0.024111675126903553
0 0.30392857142857144 0.7531725888324873 0.0064285714285714285 0.02918781725888325
0 0.21642857142857144 0.9765228426395939 0.011428571428571429 0.024111675126903553
0 0.21035714285714285 0.9803299492385786 0.007857142857142858 0.024111675126903553
0 0.3510714285714286 0.4847715736040609 0.0064285714285714285 0.02284263959390863
0 0.6675 0.440989847715736 0.0064285714285714285 0.024111675126903553
0 0.6925 0.3134517766497462 0.0035714285714285713 0.012690355329949238
0 0.6985714285714286 0.31218274111675126 0.004285714285714286 0.02284263959390863
0 0.705 0.29441624365482233 0.007142857142857143 0.02030456852791878
0 0.9410714285714286 0.49619289340101524 0.007857142857142858 0.025380710659898477
0 0.9121428571428571 0.47906091370558374 0.005714285714285714 0.021573604060913704