0 0.7014285714285714 0.7757142857142857 0.015714285714285715 0.025714285714285714
0 0.7017857142857142 0.7490476190476191 0.023571428571428573 0.021904761904761906
0 0.6985714285714286 0.7252380952380952 0.02142857142857143 0.025714285714285714
0 0.7035714285714286 0.6985714285714286 0.02 0.029523809523809525
0 0.7021428571428572 0.68 0.018571428571428572 0.01904761904761905
0 0.7025 0.6352380952380953 0.023571428571428573 0.03428571428571429
0 0.7042857142857143 0.6147619047619047 0.024285714285714285 0.035238095238095235
0 0.6846428571428571 0.63 0.012142857142857143 0.04666666666666667
0 0.6721428571428572 0.6266666666666667 0.014285714285714285 0.0419047619047619
0 0.6571428571428571 0.6414285714285715 0.012857142857142857 0.039047619047619046
0 0.6446428571428572 0.6361904761904762 0.016428571428571428 0.045714285714285714
0 0.6435714285714286 0.6014285714285714 0.017142857142857144 0.04285714285714286
0 0.7178571428571429 0.4157142857142857 0.015714285714285715 0.04285714285714286
0 0.6875 0.3414285714285714 0.012142857142857143 0.039047619047619046
0 0.9107142857142857 0.05619047619047619 0.004285714285714286 0.01904761904761905
0 0.885 0.05047619047619047 0.005714285714285714 0.011428571428571429
0 0.8678571428571429 0.055714285714285716 0.01 0.01619047619047619
0 0.8278571428571428 0.034761904761904765 0.005714285714285714 0.018095238095238095
0 0.8235714285714286 0.02095238095238095 0.005714285714285714 0.015238095238095238
0 0.5757142857142857 0.015714285714285715 0.008571428571428572 0.018095238095238095
0 0.45714285714285713 0.14857142857142858 0.011428571428571429 0.030476190476190476
0 0.3385714285714286 0.09333333333333334 0.01 0.03238095238095238
0 0.3225 0.09761904761904762 0.009285714285714286 0.02761904761904762
0 0.29642857142857143 0.09952380952380953 0.008571428571428572 0.025714285714285714
0 0.21821428571428572 0.09142857142857143 0.010714285714285714 0.02857142857142857
0 0.2546428571428571 0.06142857142857143 0.010714285714285714 0.025714285714285714
0 0.2692857142857143 0.07714285714285714 0.01 0.022857142857142857
0 0.26821428571428574 0.05952380952380952 0.0064285714285714285 0.02761904761904762
0 0.28214285714285714 0.06333333333333334 0.008571428571428572 0.025714285714285714
0 0.2892857142857143 0.062380952380952384 0.008571428571428572 0.021904761904761906
0 0.2907142857142857 0.04904761904761905 0.01 0.021904761904761906
0 0.26321428571428573 0.01619047619047619 0.007857142857142858 0.013333333333333334
0 0.27 0.037142857142857144 0.008571428571428572 0.013333333333333334
0 0.2714285714285714 0.04476190476190476 0.007142857142857143 0.013333333333333334
0 0.29892857142857143 0.08 0.007857142857142858 0.02666666666666667
0 0.2957142857142857 0.07714285714285714 0.007142857142857143 0.02666666666666667
0 0.2735714285714286 0.09380952380952381 0.01 0.01619047619047619
0 0.19071428571428573 0.13666666666666666 0.012857142857142857 0.029523809523809525
0 0.2082142857142857 0.13523809523809524 0.013571428571428571 0.02857142857142857
0 0.19214285714285714 0.12 0.011428571428571429 0.02666666666666667
0 0.1975 0.11714285714285715 0.009285714285714286 0.024761904761904763
0 0.20607142857142857 0.1138095238095238 0.013571428571428571 0.03142857142857143
0 0.19785714285714287 0.10666666666666667 0.012857142857142857 0.030476190476190476
0 0.22178571428571428 0.5776190476190476 0.025 0.05047619047619047
0 0.35892857142857143 0.2057142857142857 0.009285714285714286 0.02095238095238095