0 0.062142857142857146 0.3647619047619048 0.008571428571428572 0.01904761904761905
0 0.09178571428571429 0.3647619047619048 0.007857142857142858 0.015238095238095238
0 0.11607142857142858 0.3628571428571429 0.007857142857142858 0.017142857142857144
0 0.14 0.36333333333333334 0.01 0.025714285714285714
0 0.22428571428571428 0.379047619047619 0.008571428571428572 0.017142857142857144
0 0.17464285714285716 0.3676190476190476 0.012142857142857143 0.02095238095238095
0 0.2357142857142857 0.42238095238095236 0.005714285714285714 0.025714285714285714
0 0.1692857142857143 0.5 0.008571428571428572 0.0380952380952381
0 0.15892857142857142 0.49714285714285716 0.007857142857142858 0.03428571428571429
0 0.53 0.8314285714285714 0.02 0.0419047619047619
0 0.8039285714285714 0.8495238095238096 0.016428571428571428 0.05333333333333334
0 0.38285714285714284 0.17476190476190476 0.004285714285714286 0.014285714285714285
0 0.5771428571428572 0.4361904761904762 0.007142857142857143 0.013333333333333334
0 0.5928571428571429 0.42904761904761907 0.005714285714285714 0.010476190476190476
0 0.7717857142857143 0.370952380952381 0.012142857142857143 0.014285714285714285