0 0.68 0.9626666666666667 0.079 0.07466666666666667
0 0.01675 0.866 0.0335 0.07066666666666667
0 0.0785 0.7056666666666667 0.072 0.06466666666666666
0 0.095 0.6666666666666666 0.074 0.08266666666666667
0 0.2045 0.47833333333333333 0.045 0.07666666666666666
0 0.28775 0.30966666666666665 0.0385 0.094
0 0.2575 0.3396666666666667 0.049 0.08333333333333333
0 0.41825 0.38566666666666666 0.0255 0.06466666666666666
0 0.2465 0.6853333333333333 0.047 0.06666666666666667
0 0.47275 0.31666666666666665 0.0245 0.04933333333333333
0 0.45075 0.3626666666666667 0.0295 0.08666666666666667
0 0.45075 0.45066666666666666 0.0295 0.092