0 0.49175 0.9393333333333334 0.0075 0.02
0 0.4925 0.6923333333333334 0.009 0.019333333333333334
0 0.48375 0.3263333333333333 0.0055 0.012666666666666666
0 0.48875 0.345 0.0075 0.014
0 0.49775 0.379 0.0075 0.011333333333333334
0 0.47425 0.25666666666666665 0.0065 0.014666666666666666
0 0.4685 0.237 0.007 0.016666666666666666
0 0.48 0.24866666666666667 0.005 0.017333333333333333
0 0.5125 0.03766666666666667 0.004 0.011333333333333334
0 0.46275 0.142 0.0045 0.013333333333333334
0 0.4665 0.1 0.005 0.010666666666666666
0 0.47775 0.13366666666666666 0.0055 0.011333333333333334
0 0.471 0.14233333333333334 0.005 0.014
0 0.47 0.113 0.007 0.012666666666666666
0 0.3585 0.08733333333333333 0.003 0.006666666666666667
0 0.335 0.136 0.006 0.010666666666666666
0 0.36825 0.050666666666666665 0.0035 0.009333333333333334
0 0.34475 0.109 0.0045 0.015333333333333332
0 0.36175 0.05366666666666667 0.0045 0.014
0 0.31425 0.22733333333333333 0.0055 0.010666666666666666
0 0.3145 0.251 0.005 0.012666666666666666
0 0.064 0.12633333333333333 0.006 0.014
0 0.2745 0.38033333333333336 0.009 0.019333333333333334
0 0.47775 0.08233333333333333 0.0045 0.008666666666666666