0 0.6017857142857143 0.920952380952381 0.017857142857142856 0.022857142857142857
0 0.5607142857142857 0.8776190476190476 0.014285714285714285 0.021904761904761906
0 0.5914285714285714 0.8185714285714286 0.015714285714285715 0.029523809523809525
0 0.5485714285714286 0.7866666666666666 0.011428571428571429 0.02857142857142857
0 0.5521428571428572 0.8352380952380952 0.017142857142857144 0.022857142857142857
0 0.49107142857142855 0.8952380952380953 0.019285714285714285 0.02666666666666667
0 0.49357142857142855 0.85 0.012857142857142857 0.021904761904761906
0 0.5157142857142857 0.920952380952381 0.017142857142857144 0.02857142857142857
0 0.7221428571428572 0.8552380952380952 0.015714285714285715 0.02666666666666667
0 0.4592857142857143 0.7019047619047619 0.011428571428571429 0.030476190476190476
0 0.5271428571428571 0.8342857142857143 0.015714285714285715 0.022857142857142857
0 0.6228571428571429 0.9066666666666666 0.012857142857142857 0.02857142857142857
0 0.38107142857142856 0.5185714285714286 0.0064285714285714285 0.018095238095238095
0 0.37285714285714283 0.4957142857142857 0.005714285714285714 0.014285714285714285
0 0.36964285714285716 0.4928571428571429 0.0064285714285714285 0.01619047619047619
0 0.3514285714285714 0.4866666666666667 0.008571428571428572 0.011428571428571429
0 0.5878571428571429 0.48904761904761906 0.01 0.021904761904761906
0 0.7221428571428572 0.5004761904761905 0.01 0.018095238095238095
0 0.7985714285714286 0.44 0.01 0.024761904761904763
0 0.6839285714285714 0.42142857142857143 0.007857142857142858 0.018095238095238095
0 0.7371428571428571 0.4147619047619048 0.008571428571428572 0.018095238095238095
0 0.6375 0.31238095238095237 0.0064285714285714285 0.022857142857142857
0 0.5867857142857142 0.28095238095238095 0.0035714285714285713 0.017142857142857144
0 0.5889285714285715 0.2804761904761905 0.005 0.02
0 0.5953571428571428 0.3433333333333333 0.0064285714285714285 0.01619047619047619
0 0.5857142857142857 0.3423809523809524 0.007142857142857143 0.01619047619047619
0 0.6407142857142857 0.2780952380952381 0.007142857142857143 0.013333333333333334
0 0.6485714285714286 0.2923809523809524 0.005714285714285714 0.013333333333333334
0 0.77 0.36714285714285716 0.008571428571428572 0.014285714285714285
0 0.8010714285714285 0.3438095238095238 0.007857142857142858 0.017142857142857144
0 0.8196428571428571 0.31333333333333335 0.0064285714285714285 0.013333333333333334
0 0.8642857142857143 0.29428571428571426 0.008571428571428572 0.02095238095238095