0 0.8196428571428571 0.8238095238095238 0.02642857142857143 0.0838095238095238
0 0.5628571428571428 0.849047619047619 0.025714285714285714 0.08476190476190476
0 0.6353571428571428 0.8466666666666667 0.019285714285714285 0.08952380952380952
0 0.6085714285714285 0.7861904761904762 0.025714285714285714 0.07523809523809524
0 0.6164285714285714 0.8333333333333334 0.032857142857142856 0.06857142857142857
0 0.3896428571428571 0.9052380952380953 0.039285714285714285 0.06952380952380953
0 0.8539285714285715 0.6195238095238095 0.030714285714285715 0.054285714285714284
0 0.20107142857142857 0.3219047619047619 0.010714285714285714 0.02857142857142857
0 0.19964285714285715 0.31333333333333335 0.009285714285714286 0.03238095238095238
0 0.1975 0.33904761904761904 0.010714285714285714 0.03238095238095238
0 0.23035714285714284 0.34285714285714286 0.012142857142857143 0.03238095238095238
0 0.30428571428571427 0.2652380952380952 0.01 0.023809523809523808
0 0.28285714285714286 0.2919047619047619 0.01 0.029523809523809525
0 0.2592857142857143 0.3271428571428571 0.011428571428571429 0.03142857142857143
0 0.21678571428571428 0.34904761904761905 0.013571428571428571 0.029523809523809525
0 0.21035714285714285 0.3476190476190476 0.015 0.030476190476190476
0 0.21678571428571428 0.33666666666666667 0.013571428571428571 0.037142857142857144
0 0.20857142857142857 0.3357142857142857 0.011428571428571429 0.029523809523809525
0 0.1625 0.3547619047619048 0.012142857142857143 0.03142857142857143
0 0.18285714285714286 0.35714285714285715 0.015714285714285715 0.0380952380952381
0 0.17285714285714285 0.34714285714285714 0.011428571428571429 0.03142857142857143
0 0.16857142857142857 0.35714285714285715 0.014285714285714285 0.03428571428571429
0 0.16071428571428573 0.36095238095238097 0.011428571428571429 0.02666666666666667
0 0.14785714285714285 0.3638095238095238 0.012857142857142857 0.022857142857142857
0 0.13964285714285715 0.35904761904761906 0.015 0.03428571428571429
0 0.2517857142857143 0.33714285714285713 0.015 0.03238095238095238
0 0.2935714285714286 0.31666666666666665 0.011428571428571429 0.021904761904761906
0 0.3457142857142857 0.32095238095238093 0.01 0.0380952380952381
0 0.4075 0.32 0.010714285714285714 0.03238095238095238
0 0.45821428571428574 0.2423809523809524 0.0064285714285714285 0.018095238095238095
0 0.42892857142857144 0.1738095238095238 0.0035714285714285713 0.010476190476190476
0 0.35535714285714287 0.21 0.0035714285714285713 0.014285714285714285
0 0.35964285714285715 0.21 0.0035714285714285713 0.01619047619047619
0 0.4132142857142857 0.16476190476190475 0.0035714285714285713 0.011428571428571429
0 0.5160714285714286 0.34095238095238095 0.012142857142857143 0.03238095238095238
0 0.5460714285714285 0.2795238095238095 0.010714285714285714 0.025714285714285714
0 0.61 0.31857142857142856 0.011428571428571429 0.035238095238095235
0 0.6528571428571428 0.2976190476190476 0.012857142857142857 0.03142857142857143
0 0.5614285714285714 0.32761904761904764 0.007142857142857143 0.03238095238095238
0 0.5685714285714286 0.3252380952380952 0.008571428571428572 0.03333333333333333
0 0.6035714285714285 0.3238095238095238 0.008571428571428572 0.02666666666666667
0 0.7778571428571428 0.2957142857142857 0.011428571428571429 0.023809523809523808