0 0.06571428571428571 0.6214285714285714 0.015714285714285715 0.03142857142857143
0 0.14642857142857144 0.6414285714285715 0.014285714285714285 0.029523809523809525
0 0.10142857142857142 0.6557142857142857 0.017142857142857144 0.025714285714285714
0 0.1392857142857143 0.6795238095238095 0.017142857142857144 0.029523809523809525
0 0.11071428571428571 0.69 0.017142857142857144 0.025714285714285714
0 0.12285714285714286 0.7133333333333334 0.012857142857142857 0.024761904761904763
0 0.44107142857142856 0.628095238095238 0.010714285714285714 0.025714285714285714
0 0.4010714285714286 0.7652380952380953 0.016428571428571428 0.03333333333333333
0 0.6585714285714286 0.10666666666666667 0.002857142857142857 0.009523809523809525
0 0.6703571428571429 0.09523809523809523 0.002142857142857143 0.007619047619047619
0 0.6810714285714285 0.08095238095238096 0.002142857142857143 0.005714285714285714