0 0.5325 0.28633333333333333 0.002 0.014
0 0.50325 0.6123333333333333 0.0085 0.023333333333333334
0 0.51375 0.5943333333333334 0.0065 0.015333333333333332
0 0.572 0.5943333333333334 0.006 0.023333333333333334
0 0.5595 0.647 0.004 0.018
0 0.56375 0.6256666666666667 0.0065 0.019333333333333334
0 0.37875 0.8156666666666667 0.0055 0.011333333333333334
0 0.38025 0.831 0.0105 0.016666666666666666
0 0.8965 0.856 0.022 0.02
0 0.596 0.591 0.006 0.014
0 0.59125 0.6103333333333333 0.0075 0.019333333333333334
0 0.649 0.47633333333333333 0.002 0.015333333333333332
0 0.482 0.5123333333333333 0.005 0.020666666666666667
0 0.467 0.4736666666666667 0.004 0.015333333333333332