0 0.5682142857142857 0.7208121827411168 0.007857142857142858 0.02284263959390863
0 0.535 0.7284263959390863 0.007142857142857143 0.017766497461928935
0 0.6435714285714286 0.9035532994923858 0.007142857142857143 0.017766497461928935
0 0.7242857142857143 0.8464467005076142 0.005714285714285714 0.02284263959390863
0 0.735 0.8534263959390863 0.007142857142857143 0.01903553299492386
0 0.74 0.4333756345177665 0.007142857142857143 0.021573604060913704
0 0.7721428571428571 0.4118020304568528 0.007142857142857143 0.021573604060913704
0 0.8114285714285714 0.45241116751269034 0.004285714285714286 0.01649746192893401
0 0.8057142857142857 0.39784263959390864 0.005714285714285714 0.013959390862944163
0 0.7832142857142858 0.383248730964467 0.002142857142857143 0.01015228426395939
0 0.8914285714285715 0.833756345177665 0.007142857142857143 0.02030456852791878
0 0.935 0.7722081218274112 0.011428571428571429 0.01903553299492386
0 0.9382142857142857 0.7284263959390863 0.009285714285714286 0.02284263959390863
0 0.9414285714285714 0.7068527918781726 0.01 0.02030456852791878
0 0.9671428571428572 0.7303299492385786 0.007142857142857143 0.0266497461928934
0 0.9425 0.876269035532995 0.007857142857142858 0.01903553299492386
0 0.9407142857142857 0.7620558375634517 0.01 0.01649746192893401
0 0.8635714285714285 0.3343908629441624 0.005714285714285714 0.021573604060913704
0 0.9564285714285714 0.39847715736040606 0.004285714285714286 0.017766497461928935
0 0.9557142857142857 0.8064720812182741 0.01 0.013959390862944163
0 0.9589285714285715 0.791243654822335 0.009285714285714286 0.01903553299492386
0 0.9817857142857143 0.6618020304568528 0.012142857142857143 0.01649746192893401
0 0.9782142857142857 0.6897208121827412 0.010714285714285714 0.01903553299492386