0 0.05392857142857143 0.7449238578680203 0.009285714285714286 0.02284263959390863
0 0.14857142857142858 0.7645939086294417 0.008571428571428572 0.0266497461928934
0 0.1382142857142857 0.7684010152284264 0.009285714285714286 0.0266497461928934
0 0.26821428571428574 0.48350253807106597 0.007857142857142858 0.012690355329949238
0 0.2842857142857143 0.5038071065989848 0.007142857142857143 0.01015228426395939
0 0.40214285714285714 0.508248730964467 0.005714285714285714 0.021573604060913704
0 0.40214285714285714 0.4980964467005076 0.002857142857142857 0.01903553299492386
0 0.4521428571428571 0.4885786802030457 0.002857142857142857 0.02030456852791878
0 0.45 0.4873096446700508 0.002857142857142857 0.02284263959390863
0 0.5507142857142857 0.3565989847715736 0.004285714285714286 0.02030456852791878
0 0.4539285714285714 0.3496192893401015 0.005 0.021573604060913704
0 0.6546428571428572 0.39403553299492383 0.0064285714285714285 0.021573604060913704
0 0.6528571428571428 0.39086294416243655 0.004285714285714286 0.02284263959390863
0 0.7560714285714286 0.27411167512690354 0.0035714285714285713 0.017766497461928935