0 0.50875 0.6083333333333333 0.0045 0.011333333333333334
0 0.44525 0.49766666666666665 0.0035 0.012666666666666666
0 0.72025 0.4513333333333333 0.0035 0.012
0 0.68925 0.099 0.0035 0.007333333333333333
0 0.6535 0.032 0.003 0.006666666666666667
0 0.66575 0.04 0.0025 0.006666666666666667
0 0.8525 0.369 0.004 0.01
0 0.85975 0.35633333333333334 0.0035 0.01
0 0.85 0.3466666666666667 0.004 0.009333333333333334
0 0.82675 0.384 0.0055 0.014666666666666666
0 0.832 0.32466666666666666 0.004 0.010666666666666666
0 0.8195 0.309 0.005 0.01
0 0.82575 0.2916666666666667 0.0055 0.01
0 0.81725 0.296 0.0035 0.008
0 0.79525 0.2643333333333333 0.0035 0.008666666666666666
0 0.79625 0.24733333333333332 0.0035 0.009333333333333334
0 0.80575 0.25533333333333336 0.0045 0.009333333333333334
0 0.807 0.2633333333333333 0.006 0.010666666666666666
0 0.80575 0.283 0.0035 0.008666666666666666
0 0.81 0.2743333333333333 0.004 0.008666666666666666
0 0.82 0.27066666666666667 0.004 0.009333333333333334
0 0.81525 0.259 0.0045 0.01
0 0.8095 0.226 0.004 0.008
0 0.80175 0.21366666666666667 0.0045 0.006
0 0.818 0.23833333333333334 0.005 0.01
0 0.794 0.298 0.004 0.010666666666666666
0 0.74625 0.18566666666666667 0.0035 0.01