0 0.45357142857142857 0.34809523809523807 0.007142857142857143 0.008571428571428572
0 0.44857142857142857 0.3476190476190476 0.004285714285714286 0.007619047619047619
0 0.4392857142857143 0.34476190476190477 0.005714285714285714 0.007619047619047619
0 0.4635714285714286 0.3676190476190476 0.004285714285714286 0.007619047619047619
0 0.3896428571428571 0.4523809523809524 0.0064285714285714285 0.007619047619047619
0 0.3921428571428571 0.41285714285714287 0.007142857142857143 0.010476190476190476
0 0.6117857142857143 0.4195238095238095 0.0064285714285714285 0.008571428571428572
0 0.5596428571428571 0.4442857142857143 0.005 0.008571428571428572
0 0.5553571428571429 0.44333333333333336 0.005 0.008571428571428572
0 0.3867857142857143 0.7280952380952381 0.0064285714285714285 0.010476190476190476
0 0.3407142857142857 0.8257142857142857 0.011428571428571429 0.011428571428571429
0 0.5410714285714285 0.11523809523809524 0.005 0.015238095238095238
0 0.6125 0.10047619047619048 0.005 0.014285714285714285
0 0.31285714285714283 0.1538095238095238 0.007142857142857143 0.014285714285714285
0 0.4010714285714286 0.03619047619047619 0.0064285714285714285 0.009523809523809525
0 0.7778571428571428 0.5504761904761905 0.008571428571428572 0.007619047619047619
0 0.5692857142857143 0.8366666666666667 0.007142857142857143 0.008571428571428572