0 0.2725 0.7379441624365483 0.013571428571428571 0.01903553299492386
0 0.2689285714285714 0.7246192893401016 0.013571428571428571 0.017766497461928935
0 0.195 0.11421319796954314 0.011428571428571429 0.02284263959390863
0 0.305 0.26586294416243655 0.015714285714285715 0.013959390862944163
0 0.27071428571428574 0.565989847715736 0.017142857142857144 0.015228426395939087
0 0.5021428571428571 0.09898477157360407 0.01 0.017766497461928935
0 0.6375 0.2766497461928934 0.010714285714285714 0.017766497461928935
0 0.6871428571428572 0.33185279187817257 0.014285714285714285 0.01649746192893401
0 0.8525 0.1700507614213198 0.013571428571428571 0.025380710659898477
0 0.8178571428571428 0.29314720812182743 0.014285714285714285 0.017766497461928935
0 0.8221428571428572 0.274746192893401 0.012857142857142857 0.01649746192893401
0 0.9635714285714285 0.4727157360406091 0.014285714285714285 0.01903553299492386
0 0.9635714285714285 0.4035532994923858 0.014285714285714285 0.017766497461928935
0 0.9664285714285714 0.38451776649746194 0.017142857142857144 0.017766497461928935
0 0.9771428571428571 0.3629441624365482 0.017142857142857144 0.017766497461928935
0 0.9914285714285714 0.37944162436548223 0.017142857142857144 0.017766497461928935
0 0.9603571428571429 0.5323604060913706 0.017857142857142856 0.01903553299492386
0 0.9671428571428572 0.506979695431472 0.015714285714285715 0.024111675126903553
0 0.7057142857142857 0.22398477157360405 0.011428571428571429 0.01649746192893401
0 0.4014285714285714 0.7081218274111675 0.014285714285714285 0.017766497461928935
0 0.5135714285714286 0.3470812182741117 0.01 0.013959390862944163
0 0.4975 0.33121827411167515 0.010714285714285714 0.017766497461928935