0 0.12714285714285714 0.19238095238095237 0.004285714285714286 0.013333333333333334
0 0.12571428571428572 0.23714285714285716 0.004285714285714286 0.009523809523809525
0 0.18928571428571428 0.3038095238095238 0.005714285714285714 0.009523809523809525
0 0.2907142857142857 0.3942857142857143 0.007142857142857143 0.013333333333333334
0 0.46 0.5833333333333334 0.007142857142857143 0.01619047619047619
0 0.49964285714285717 0.5885714285714285 0.0064285714285714285 0.017142857142857144
0 0.4710714285714286 0.38285714285714284 0.005 0.015238095238095238
0 0.6485714285714286 0.839047619047619 0.008571428571428572 0.013333333333333334
0 0.6521428571428571 0.8323809523809523 0.007142857142857143 0.015238095238095238
0 0.07535714285714286 0.910952380952381 0.015 0.023809523809523808
0 0.024285714285714285 0.5119047619047619 0.012857142857142857 0.02
0 0.8171428571428572 0.9185714285714286 0.014285714285714285 0.021904761904761906