0 0.9078571428571428 0.940952380952381 0.011428571428571429 0.013333333333333334
0 0.8785714285714286 0.8204761904761905 0.014285714285714285 0.010476190476190476
0 0.5185714285714286 0.8523809523809524 0.007142857142857143 0.009523809523809525
0 0.5082142857142857 0.7652380952380953 0.0064285714285714285 0.012380952380952381
0 0.4853571428571429 0.22095238095238096 0.005 0.009523809523809525
0 0.49392857142857144 0.04666666666666667 0.005 0.007619047619047619
0 0.07892857142857143 0.02095238095238095 0.010714285714285714 0.015238095238095238
0 0.7317857142857143 0.09857142857142857 0.0064285714285714285 0.010476190476190476
0 0.7125 0.1061904761904762 0.007857142857142858 0.010476190476190476
0 0.08821428571428572 0.7971428571428572 0.012142857142857143 0.007619047619047619
0 0.20714285714285716 0.8142857142857143 0.008571428571428572 0.007619047619047619
0 0.21321428571428572 0.9447619047619048 0.009285714285714286 0.011428571428571429
0 0.10928571428571429 0.9004761904761904 0.011428571428571429 0.010476190476190476
0 0.01107142857142857 0.8133333333333334 0.015 0.007619047619047619
0 0.3603571428571429 0.72 0.0064285714285714285 0.007619047619047619
0 0.34714285714285714 0.6171428571428571 0.005714285714285714 0.007619047619047619
0 0.33785714285714286 0.6423809523809524 0.007142857142857143 0.008571428571428572
0 0.33964285714285714 0.6152380952380953 0.005 0.009523809523809525
0 0.2667857142857143 0.5633333333333334 0.007857142857142858 0.008571428571428572
0 0.24214285714285713 0.49714285714285716 0.007142857142857143 0.007619047619047619
0 0.33535714285714285 0.9061904761904762 0.012142857142857143 0.01619047619047619
0 0.3439285714285714 0.96 0.007857142857142858 0.009523809523809525
0 0.43785714285714283 0.9709523809523809 0.008571428571428572 0.012380952380952381