0 0.4828571428571429 0.3238095238095238 0.017142857142857144 0.03428571428571429
0 0.6228571428571429 0.054285714285714284 0.007142857142857143 0.02666666666666667
0 0.6132142857142857 0.07238095238095238 0.0064285714285714285 0.02857142857142857
0 0.5978571428571429 0.06619047619047619 0.007142857142857143 0.03333333333333333
0 0.7425 0.07142857142857142 0.010714285714285714 0.03428571428571429
0 0.9232142857142858 0.12904761904761905 0.010714285714285714 0.039047619047619046
0 0.9546428571428571 0.16714285714285715 0.016428571428571428 0.04285714285714286
0 0.5307142857142857 0.0761904761904762 0.008571428571428572 0.030476190476190476
0 0.5435714285714286 0.02666666666666667 0.01 0.030476190476190476
0 0.5382142857142858 0.012380952380952381 0.007857142857142858 0.02095238095238095
0 0.5507142857142857 0.009523809523809525 0.007142857142857143 0.017142857142857144
0 0.8075 0.048095238095238094 0.009285714285714286 0.03333333333333333
0 0.8242857142857143 0.055714285714285716 0.011428571428571429 0.03142857142857143
0 0.8360714285714286 0.054285714285714284 0.009285714285714286 0.02666666666666667
0 0.7867857142857143 0.16047619047619047 0.012142857142857143 0.035238095238095235
0 0.7817857142857143 0.1380952380952381 0.007857142857142858 0.030476190476190476
0 0.8353571428571429 0.11904761904761904 0.013571428571428571 0.03619047619047619
0 0.7778571428571428 0.02761904761904762 0.008571428571428572 0.02857142857142857
0 0.18857142857142858 0.9447619047619048 0.05142857142857143 0.06476190476190476
0 0.09964285714285714 0.940952380952381 0.06642857142857143 0.06095238095238095