0 0.185 0.8423809523809523 0.032857142857142856 0.07142857142857142
0 0.43214285714285716 0.04238095238095238 0.014285714285714285 0.04476190476190476
0 0.5096428571428572 0.009047619047619047 0.007857142857142858 0.018095238095238095
0 0.6882142857142857 0.1976190476190476 0.016428571428571428 0.04285714285714286
0 0.6775 0.15523809523809523 0.012142857142857143 0.03238095238095238
0 0.7782142857142857 0.14809523809523809 0.016428571428571428 0.040952380952380955
0 0.7435714285714285 0.10714285714285714 0.017142857142857144 0.039047619047619046
0 0.7517857142857143 0.19857142857142857 0.012142857142857143 0.04666666666666667
0 0.7621428571428571 0.19142857142857142 0.015714285714285715 0.045714285714285714
0 0.7557142857142857 0.17476190476190476 0.012857142857142857 0.035238095238095235
0 0.8103571428571429 0.2538095238095238 0.020714285714285713 0.04857142857142857
0 0.7035714285714286 0.06904761904761905 0.01 0.03333333333333333
0 0.685 0.06285714285714286 0.011428571428571429 0.04
0 0.6578571428571428 0.05476190476190476 0.011428571428571429 0.035238095238095235
0 0.6660714285714285 0.019523809523809523 0.013571428571428571 0.039047619047619046
0 0.6446428571428572 0.014761904761904763 0.010714285714285714 0.029523809523809525
0 0.6339285714285714 0.06142857142857143 0.009285714285714286 0.035238095238095235
0 0.6246428571428572 0.032857142857142856 0.009285714285714286 0.035238095238095235
0 0.6160714285714286 0.035238095238095235 0.007857142857142858 0.0419047619047619
0 0.7042857142857143 0.15571428571428572 0.015714285714285715 0.037142857142857144
0 0.8160714285714286 0.19857142857142857 0.02214285714285714 0.035238095238095235