0 0.3057142857142857 0.1819047619047619 0.02 0.03428571428571429
0 0.3246428571428571 0.16428571428571428 0.02642857142857143 0.040952380952380955
0 0.2882142857142857 0.23142857142857143 0.020714285714285713 0.02666666666666667
0 0.4064285714285714 0.14285714285714285 0.02142857142857143 0.03428571428571429
0 0.1667857142857143 0.48904761904761906 0.03357142857142857 0.029523809523809525
0 0.26142857142857145 0.4533333333333333 0.03142857142857143 0.030476190476190476
0 0.3296428571428571 0.5138095238095238 0.02214285714285714 0.021904761904761906
0 0.4592857142857143 0.2661904761904762 0.011428571428571429 0.021904761904761906
0 0.45785714285714285 0.2995238095238095 0.011428571428571429 0.018095238095238095
0 0.3314285714285714 0.12333333333333334 0.02142857142857143 0.035238095238095235
0 0.9078571428571428 0.8628571428571429 0.037142857142857144 0.030476190476190476
0 0.7410714285714286 0.9085714285714286 0.029285714285714286 0.0380952380952381
0 0.7332142857142857 0.9361904761904762 0.02214285714285714 0.049523809523809526
0 0.7507142857142857 0.6923809523809524 0.024285714285714285 0.022857142857142857
0 0.4882142857142857 0.8680952380952381 0.010714285714285714 0.025714285714285714
0 0.41 0.7271428571428571 0.018571428571428572 0.023809523809523808
0 0.28464285714285714 0.7304761904761905 0.025 0.02095238095238095
0 0.38321428571428573 0.6628571428571428 0.020714285714285713 0.015238095238095238
0 0.37785714285714284 0.6538095238095238 0.015714285714285715 0.01619047619047619
0 0.2117857142857143 0.7180952380952381 0.030714285714285715 0.02666666666666667
0 0.22035714285714286 0.6338095238095238 0.023571428571428573 0.02
0 0.22035714285714286 0.6095238095238096 0.02642857142857143 0.022857142857142857
0 0.3132142857142857 0.9771428571428571 0.017857142857142856 0.03428571428571429
0 0.10071428571428571 0.8114285714285714 0.03142857142857143 0.02666666666666667
0 0.22964285714285715 0.9814285714285714 0.019285714285714285 0.025714285714285714
0 0.24285714285714285 0.1319047619047619 0.017142857142857144 0.018095238095238095
0 0.27071428571428574 0.13285714285714287 0.012857142857142857 0.023809523809523808
0 0.2742857142857143 0.1580952380952381 0.014285714285714285 0.02666666666666667
0 0.2907142857142857 0.14047619047619048 0.02 0.035238095238095235