0 0.5092857142857142 0.87 0.012857142857142857 0.018095238095238095
0 0.8967857142857143 0.6819047619047619 0.023571428571428573 0.01904761904761905
0 0.7571428571428571 0.5714285714285714 0.014285714285714285 0.015238095238095238
0 0.7507142857142857 0.5638095238095238 0.015714285714285715 0.017142857142857144
0 0.7457142857142857 0.550952380952381 0.012857142857142857 0.01619047619047619
0 0.7621428571428571 0.5504761904761905 0.014285714285714285 0.017142857142857144
0 0.7692857142857142 0.5619047619047619 0.015714285714285715 0.015238095238095238
0 0.7135714285714285 0.4847619047619048 0.012857142857142857 0.02095238095238095
0 0.7232142857142857 0.4876190476190476 0.013571428571428571 0.022857142857142857
0 0.6442857142857142 0.560952380952381 0.02 0.02095238095238095
0 0.4785714285714286 0.45095238095238094 0.015714285714285715 0.02
0 0.4732142857142857 0.4023809523809524 0.016428571428571428 0.018095238095238095
0 0.5110714285714286 0.22095238095238096 0.013571428571428571 0.024761904761904763
0 0.9882142857142857 0.4976190476190476 0.023571428571428573 0.021904761904761906
0 0.9864285714285714 0.44095238095238093 0.014285714285714285 0.015238095238095238
0 0.96 0.4180952380952381 0.018571428571428572 0.01904761904761905
0 0.9471428571428572 0.4104761904761905 0.014285714285714285 0.017142857142857144
0 0.9585714285714285 0.4038095238095238 0.011428571428571429 0.015238095238095238
0 0.9382142857142857 0.40285714285714286 0.020714285714285713 0.02095238095238095
0 0.9389285714285714 0.39380952380952383 0.019285714285714285 0.014285714285714285
0 0.945 0.3819047619047619 0.015714285714285715 0.017142857142857144
0 0.9146428571428571 0.38666666666666666 0.013571428571428571 0.017142857142857144
0 0.9228571428571428 0.3819047619047619 0.011428571428571429 0.015238095238095238
0 0.9275 0.3742857142857143 0.010714285714285714 0.015238095238095238
0 0.9075 0.37333333333333335 0.012142857142857143 0.017142857142857144
0 0.9196428571428571 0.3628571428571429 0.012142857142857143 0.013333333333333334
0 0.9407142857142857 0.36 0.017142857142857144 0.02095238095238095
0 0.8471428571428572 0.3161904761904762 0.02 0.022857142857142857
0 0.7882142857142858 0.2914285714285714 0.012142857142857143 0.017142857142857144
0 0.7942857142857143 0.2833333333333333 0.01 0.014285714285714285
0 0.7757142857142857 0.28095238095238095 0.012857142857142857 0.01904761904761905
0 0.7878571428571428 0.27476190476190476 0.011428571428571429 0.014285714285714285
0 0.7542857142857143 0.2671428571428571 0.011428571428571429 0.014285714285714285
0 0.735 0.26142857142857145 0.008571428571428572 0.02
0 0.7407142857142858 0.24571428571428572 0.011428571428571429 0.022857142857142857
0 0.7582142857142857 0.25142857142857145 0.013571428571428571 0.024761904761904763
0 0.5410714285714285 0.12476190476190477 0.009285714285714286 0.01904761904761905
0 0.17142857142857143 0.4114285714285714 0.017142857142857144 0.022857142857142857
0 0.12714285714285714 0.3942857142857143 0.012857142857142857 0.022857142857142857
0 0.21785714285714286 0.3495238095238095 0.018571428571428572 0.01904761904761905
0 0.27285714285714285 0.18523809523809523 0.012857142857142857 0.023809523809523808