0 0.37525 0.028 0.0175 0.042666666666666665
0 0.37025 0.11133333333333334 0.0185 0.04133333333333333
0 0.34375 0.07966666666666666 0.0195 0.04066666666666666
0 0.456 0.06533333333333333 0.015 0.042666666666666665
0 0.5035 0.19133333333333333 0.018 0.04
0 0.41775 0.12133333333333333 0.0195 0.029333333333333333
0 0.41675 0.12866666666666668 0.0115 0.02
0 0.53 0.08866666666666667 0.014 0.04133333333333333
0 0.358 0.22033333333333333 0.021 0.04066666666666666
0 0.336 0.287 0.014 0.027333333333333334
0 0.54625 0.36133333333333334 0.0155 0.02666666666666667
0 0.561 0.39966666666666667 0.018 0.028666666666666667
0 0.34825 0.508 0.0215 0.024
0 0.65725 0.9076666666666666 0.0225 0.03266666666666666
0 0.65825 0.941 0.0185 0.027333333333333334
0 0.5445 0.972 0.018 0.04933333333333333
0 0.54225 0.7693333333333333 0.0325 0.029333333333333333
0 0.51775 0.7983333333333333 0.0135 0.028666666666666667
0 0.7995 0.12933333333333333 0.031 0.03333333333333333