0 0.09464285714285714 0.8423809523809523 0.007857142857142858 0.025714285714285714
0 0.2007142857142857 0.8695238095238095 0.005714285714285714 0.02666666666666667
0 0.21357142857142858 0.8680952380952381 0.007142857142857143 0.02761904761904762
0 0.15464285714285714 0.7866666666666666 0.0064285714285714285 0.024761904761904763
0 0.23535714285714285 0.6923809523809524 0.0035714285714285713 0.013333333333333334
0 0.2875 0.6861904761904762 0.0035714285714285713 0.012380952380952381
0 0.27785714285714286 0.6842857142857143 0.002857142857142857 0.010476190476190476
0 0.3525 0.6766666666666666 0.0035714285714285713 0.010476190476190476
0 0.3628571428571429 0.6680952380952381 0.002857142857142857 0.012380952380952381
0 0.4114285714285714 0.6114285714285714 0.0014285714285714286 0.007619047619047619
0 0.4125 0.6019047619047619 0.002142857142857143 0.007619047619047619
0 0.5071428571428571 0.5961904761904762 0.0014285714285714286 0.005714285714285714
0 0.5039285714285714 0.6357142857142857 0.002142857142857143 0.006666666666666667
0 0.5603571428571429 0.5961904761904762 0.002142857142857143 0.005714285714285714
0 0.6075 0.6833333333333333 0.002142857142857143 0.010476190476190476
0 0.6285714285714286 0.7133333333333334 0.002857142857142857 0.013333333333333334
0 0.6321428571428571 0.7138095238095238 0.002857142857142857 0.012380952380952381
0 0.7517857142857143 0.7666666666666667 0.0035714285714285713 0.017142857142857144
0 0.7557142857142857 0.7647619047619048 0.005714285714285714 0.017142857142857144
0 0.44035714285714284 0.7404761904761905 0.0035714285714285713 0.014285714285714285
0 0.33964285714285714 0.6385714285714286 0.0035714285714285713 0.008571428571428572