0 0.039285714285714285 0.021904761904761906 0.011428571428571429 0.01904761904761905
0 0.04214285714285714 0.36428571428571427 0.012857142857142857 0.03142857142857143
0 0.42178571428571426 0.5623809523809524 0.012142857142857143 0.02
0 0.4228571428571429 0.5585714285714286 0.011428571428571429 0.023809523809523808
0 0.42392857142857143 0.5495238095238095 0.010714285714285714 0.01904761904761905
0 0.6996428571428571 0.44285714285714284 0.012142857142857143 0.017142857142857144
0 0.7007142857142857 0.4514285714285714 0.011428571428571429 0.017142857142857144
0 0.7553571428571428 0.4228571428571429 0.013571428571428571 0.01904761904761905
0 0.7546428571428572 0.41523809523809524 0.010714285714285714 0.015238095238095238
0 0.455 0.25476190476190474 0.01 0.02
0 0.7417857142857143 0.21 0.005 0.018095238095238095
0 0.47 0.04238095238095238 0.005714285714285714 0.018095238095238095