0 0.455 0.41523809523809524 0.011428571428571429 0.03619047619047619
0 0.465 0.4095238095238095 0.01 0.0380952380952381
0 0.4589285714285714 0.23761904761904762 0.0064285714285714285 0.023809523809523808
0 0.3607142857142857 0.2261904761904762 0.007142857142857143 0.021904761904761906
0 0.3539285714285714 0.22428571428571428 0.007857142857142858 0.021904761904761906
0 0.40714285714285714 0.11904761904761904 0.005714285714285714 0.017142857142857144
0 0.46964285714285714 0.2638095238095238 0.0064285714285714285 0.02666666666666667
0 0.4789285714285714 0.26142857142857145 0.0064285714285714285 0.023809523809523808
0 0.3775 0.11523809523809524 0.005 0.017142857142857144
0 0.37785714285714284 0.23 0.007142857142857143 0.01619047619047619
0 0.40464285714285714 0.06619047619047619 0.005 0.012380952380952381
0 0.3775 0.09333333333333334 0.005 0.013333333333333334
0 0.37142857142857144 0.1019047619047619 0.004285714285714286 0.013333333333333334
0 0.4675 0.03761904761904762 0.0035714285714285713 0.010476190476190476
0 0.46214285714285713 0.03761904761904762 0.002857142857142857 0.008571428571428572
0 0.5064285714285715 0.5619047619047619 0.011428571428571429 0.03428571428571429
0 0.5303571428571429 0.6342857142857142 0.015 0.03238095238095238
0 0.48428571428571426 0.49666666666666665 0.01 0.037142857142857144