0 0.4064285714285714 0.1998730964467005 0.004285714285714286 0.01649746192893401
0 0.3871428571428571 0.16687817258883247 0.002857142857142857 0.013959390862944163
0 0.7657142857142857 0.12880710659898478 0.002857142857142857 0.013959390862944163
0 0.7632142857142857 0.12753807106598986 0.0035714285714285713 0.013959390862944163
0 0.7553571428571428 0.1313451776649746 0.0035714285714285713 0.013959390862944163
0 0.7521428571428571 0.13071065989847716 0.002857142857142857 0.015228426395939087
0 0.7496428571428572 0.1319796954314721 0.0035714285714285713 0.012690355329949238
0 0.6778571428571428 0.21383248730964466 0.002857142857142857 0.011421319796954314
0 0.7017857142857142 0.23794416243654823 0.0035714285714285713 0.01649746192893401
0 0.7042857142857143 0.2614213197969543 0.004285714285714286 0.02030456852791878
0 0.6889285714285714 0.30076142131979694 0.005 0.017766497461928935