0 0.6407142857142857 0.1598984771573604 0.007142857142857143 0.025380710659898477
0 0.6264285714285714 0.1598984771573604 0.007142857142857143 0.027918781725888325
0 0.7257142857142858 0.48350253807106597 0.005714285714285714 0.025380710659898477
0 0.7789285714285714 0.49555837563451777 0.010714285714285714 0.031725888324873094
0 0.7992857142857143 0.5038071065989848 0.01 0.03299492385786802
0 0.8546428571428571 0.5196700507614214 0.009285714285714286 0.024111675126903553
0 0.8760714285714286 0.5 0.010714285714285714 0.025380710659898477
0 0.8678571428571429 0.491751269035533 0.008571428571428572 0.024111675126903553
0 0.8864285714285715 0.5063451776649747 0.008571428571428572 0.02284263959390863
0 0.8921428571428571 0.4936548223350254 0.005714285714285714 0.025380710659898477
0 0.7267857142857143 0.4784263959390863 0.009285714285714286 0.025380710659898477
0 0.8542857142857143 0.5088832487309645 0.008571428571428572 0.017766497461928935
0 0.9396428571428571 0.5336294416243654 0.009285714285714286 0.0266497461928934
0 0.9328571428571428 0.5228426395939086 0.01 0.030456852791878174
0 0.8532142857142857 0.407994923857868 0.007857142857142858 0.031725888324873094