0 0.14821428571428572 0.4346446700507614 0.0035714285714285713 0.011421319796954314
0 0.16142857142857142 0.4206852791878173 0.002857142857142857 0.013959390862944163
0 0.20464285714285715 0.41243654822335024 0.0035714285714285713 0.012690355329949238
0 0.36392857142857143 0.3635786802030457 0.0035714285714285713 0.011421319796954314
0 0.3992857142857143 0.35913705583756345 0.002857142857142857 0.012690355329949238
0 0.07 0.46383248730964466 0.004285714285714286 0.008883248730964468
0 0.5778571428571428 0.3102791878172589 0.002857142857142857 0.008883248730964468
0 0.6175 0.2614213197969543 0.0035714285714285713 0.012690355329949238
0 0.48857142857142855 0.33375634517766495 0.002857142857142857 0.01015228426395939
0 0.5232142857142857 0.3229695431472081 0.0035714285714285713 0.013959390862944163
0 0.4525 0.35152284263959394 0.002142857142857143 0.007614213197969543
0 0.815 0.8686548223350253 0.005714285714285714 0.013959390862944163
0 0.7828571428571428 0.809010152284264 0.004285714285714286 0.013959390862944163
0 0.7789285714285714 0.8001269035532995 0.0035714285714285713 0.01649746192893401
0 0.7746428571428572 0.7975888324873096 0.0035714285714285713 0.01649746192893401
0 0.7828571428571428 0.7969543147208121 0.004285714285714286 0.015228426395939087
0 0.9010714285714285 0.9663705583756346 0.005 0.011421319796954314