0 0.8196428571428571 0.960952380952381 0.017857142857142856 0.05523809523809524
0 0.8239285714285715 0.9528571428571428 0.013571428571428571 0.05047619047619047
0 0.4575 0.8652380952380953 0.009285714285714286 0.040952380952380955
0 0.22607142857142856 0.8428571428571429 0.009285714285714286 0.03619047619047619
0 0.2175 0.8428571428571429 0.009285714285714286 0.0380952380952381
0 0.12214285714285714 0.6942857142857143 0.005714285714285714 0.022857142857142857
0 0.14785714285714285 0.6242857142857143 0.004285714285714286 0.01619047619047619
0 0.15321428571428572 0.6242857142857143 0.0035714285714285713 0.014285714285714285
0 0.15892857142857142 0.6166666666666667 0.0035714285714285713 0.014285714285714285
0 0.1625 0.6185714285714285 0.002142857142857143 0.008571428571428572
0 0.1657142857142857 0.6161904761904762 0.002857142857142857 0.013333333333333334
0 0.08642857142857142 0.6057142857142858 0.004285714285714286 0.013333333333333334
0 0.0775 0.6028571428571429 0.005 0.015238095238095238
0 0.053214285714285714 0.5457142857142857 0.002142857142857143 0.007619047619047619
0 0.05107142857142857 0.5461904761904762 0.002142857142857143 0.004761904761904762
0 0.044642857142857144 0.5423809523809524 0.002142857142857143 0.006666666666666667
0 0.04285714285714286 0.5428571428571428 0.0014285714285714286 0.005714285714285714
0 0.1957142857142857 0.7242857142857143 0.007142857142857143 0.021904761904761906
0 0.07107142857142858 0.55 0.002142857142857143 0.008571428571428572
0 0.06678571428571428 0.549047619047619 0.002142857142857143 0.006666666666666667
0 0.05821428571428571 0.55 0.002142857142857143 0.006666666666666667