0 0.46175 0.176 0.0105 0.017333333333333333
0 0.2085 0.304 0.013 0.030666666666666665
0 0.23825 0.30466666666666664 0.0135 0.03333333333333333
0 0.20875 0.29533333333333334 0.0125 0.02666666666666667
0 0.222 0.28833333333333333 0.013 0.03666666666666667
0 0.211 0.409 0.01 0.019333333333333334
0 0.20625 0.414 0.0085 0.018666666666666668
0 0.2235 0.41933333333333334 0.014 0.028
0 0.25775 0.4 0.0155 0.03333333333333333
0 0.31875 0.43 0.0155 0.04
0 0.27575 0.43666666666666665 0.0145 0.028
0 0.53075 0.4766666666666667 0.0105 0.042666666666666665
0 0.5545 0.736 0.019 0.04666666666666667
0 0.712 0.7513333333333333 0.028 0.03866666666666667
0 0.69475 0.6883333333333334 0.0225 0.043333333333333335
0 0.7895 0.6553333333333333 0.024 0.04133333333333333
0 0.691 0.6493333333333333 0.02 0.03866666666666667
0 0.695 0.6043333333333333 0.019 0.038
0 0.8755 0.5646666666666667 0.023 0.04133333333333333
0 0.807 0.417 0.017 0.038
0 0.823 0.4176666666666667 0.016 0.038
0 0.96975 0.3933333333333333 0.0125 0.02
0 0.79775 0.2693333333333333 0.0145 0.028
0 0.80875 0.26766666666666666 0.0105 0.03133333333333333
0 0.79975 0.254 0.0105 0.028
0 0.8425 0.2803333333333333 0.012 0.020666666666666667
0 0.98375 0.281 0.0145 0.034
0 0.9915 0.282 0.012 0.034666666666666665
0 0.9635 0.06633333333333333 0.008 0.019333333333333334
0 0.954 0.03833333333333333 0.008 0.016666666666666666
0 0.96975 0.03966666666666667 0.0075 0.019333333333333334
0 0.90525 0.015333333333333332 0.0065 0.014666666666666666
0 0.956 0.459 0.021 0.034