0 0.1405579399141631 0.6145038167938931 0.023605150214592276 0.04007633587786259
0 0.6380543633762518 0.7876908396946565 0.017167381974248927 0.035305343511450385
0 0.7407010014306151 0.8396946564885496 0.022174535050071532 0.03625954198473282
0 0.49427753934191704 0.3926526717557252 0.010014306151645207 0.029580152671755726
0 0.6613018597997139 0.3544847328244275 0.009298998569384835 0.03148854961832061
0 0.7746781115879828 0.21612595419847327 0.008583690987124463 0.02385496183206107
0 0.07439198855507868 0.24427480916030533 0.011444921316165951 0.01717557251908397
0 0.4907010014306152 0.2924618320610687 0.008583690987124463 0.025763358778625955
0 0.4907010014306152 0.2275763358778626 0.008583690987124463 0.01812977099236641
0 0.4853361945636624 0.08969465648854962 0.005007153075822604 0.011450381679389313
0 0.06366237482117311 0.5634541984732825 0.020028612303290415 0.029580152671755726
0 0.5314735336194564 0.5038167938931297 0.011444921316165951 0.026717557251908396
0 0.5007153075822603 0.06393129770992366 0.002861230329041488 0.009541984732824428
0 0.1527181688125894 0.5515267175572519 0.015021459227467811 0.03435114503816794
0 0.1688125894134478 0.5286259541984732 0.015736766809728183 0.02480916030534351
0 0.7317596566523605 0.34923664122137404 0.00715307582260372 0.01717557251908397
0 0.6291130185979972 0.19131679389312978 0.005007153075822604 0.020038167938931296
0 0.7914878397711016 0.11259541984732824 0.006437768240343348 0.019083969465648856
0 0.6398426323319027 0.008110687022900763 0.002145922746781116 0.008587786259541985
0 0.6369814020028612 0.006679389312977099 0.00357653791130186 0.013358778625954198