0 0.29214285714285715 0.8724619289340102 0.008571428571428572 0.024111675126903553
0 0.22785714285714287 0.8718274111675127 0.01 0.02284263959390863
0 0.23785714285714285 0.8527918781725888 0.01 0.02284263959390863
0 0.2825 0.7791878172588832 0.009285714285714286 0.027918781725888325
0 0.255 0.7347715736040609 0.014285714285714285 0.030456852791878174
0 0.2807142857142857 0.641497461928934 0.007142857142857143 0.0266497461928934
0 0.31285714285714283 0.633248730964467 0.007142857142857143 0.02030456852791878
0 0.3875 0.5 0.007857142857142858 0.025380710659898477
0 0.37642857142857145 0.49682741116751267 0.01 0.024111675126903553
0 0.36357142857142855 0.5139593908629442 0.01 0.02284263959390863
0 0.3607142857142857 0.5431472081218274 0.01 0.02030456852791878
0 0.27035714285714285 0.5006345177664975 0.010714285714285714 0.031725888324873094
0 0.3267857142857143 0.22461928934010153 0.007857142857142858 0.025380710659898477
0 0.32285714285714284 0.13388324873096447 0.005714285714285714 0.01903553299492386
0 0.34035714285714286 0.08692893401015228 0.009285714285714286 0.024111675126903553
0 0.33071428571428574 0.13261421319796954 0.007142857142857143 0.021573604060913704
0 0.37892857142857145 0.20114213197969544 0.0064285714285714285 0.01903553299492386
0 0.32785714285714285 0.5501269035532995 0.005714285714285714 0.021573604060913704
0 0.3364285714285714 0.5425126903553299 0.007142857142857143 0.021573604060913704
0 0.3392857142857143 0.5304568527918782 0.007142857142857143 0.02030456852791878
0 0.3364285714285714 0.5184010152284264 0.007142857142857143 0.01649746192893401
0 0.3325 0.5126903553299492 0.007857142857142858 0.02030456852791878
0 0.3192857142857143 0.5088832487309645 0.005714285714285714 0.015228426395939087
0 0.3075 0.5171319796954315 0.007857142857142858 0.021573604060913704
0 0.2978571428571429 0.5310913705583756 0.005714285714285714 0.01649746192893401
0 0.30428571428571427 0.5444162436548223 0.005714285714285714 0.017766497461928935
0 0.3107142857142857 0.5545685279187818 0.007142857142857143 0.02284263959390863
0 0.3264285714285714 0.5291878172588832 0.005714285714285714 0.017766497461928935
0 0.32 0.5272842639593909 0.007142857142857143 0.01903553299492386
0 0.2982142857142857 0.6516497461928934 0.0064285714285714285 0.01649746192893401
0 0.30714285714285716 0.6453045685279187 0.008571428571428572 0.01903553299492386
0 0.2932142857142857 0.6224619289340102 0.007857142857142858 0.01649746192893401
0 0.3025 0.631979695431472 0.007857142857142858 0.015228426395939087
0 0.2932142857142857 0.6529187817258884 0.0064285714285714285 0.01903553299492386
0 0.3264285714285714 0.8020304568527918 0.005714285714285714 0.015228426395939087