0 0.6406576200417536 0.7527829313543599 0.016179540709812108 0.038033395176252316
0 0.6427453027139874 0.7662337662337663 0.012004175365344467 0.03339517625231911
0 0.6568371607515657 0.45454545454545453 0.007828810020876827 0.03339517625231911
0 0.5049582463465553 0.5 0.010960334029227558 0.03153988868274583
0 0.3838726513569937 0.3817254174397032 0.008872651356993737 0.013914656771799629
0 0.4157098121085595 0.3014842300556586 0.005741127348643006 0.01855287569573284
0 0.5422755741127349 0.2829313543599258 0.005219206680584551 0.016697588126159554
0 0.5357515657620042 0.28385899814471244 0.0036534446764091857 0.022263450834879406
0 0.5334029227557411 0.2810760667903525 0.0041753653444676405 0.01855287569573284
0 0.5360125260960334 0.1971243042671614 0.003131524008350731 0.006493506493506494
0 0.5441022964509394 0.1906307977736549 0.0036534446764091857 0.008348794063079777
0 0.5707202505219207 0.14888682745825602 0.0015657620041753654 0.006493506493506494
0 0.5681106471816284 0.14703153988868276 0.0026096033402922755 0.006493506493506494
0 0.5691544885177453 0.13589981447124305 0.0015657620041753654 0.00463821892393321
0 0.5555845511482255 0.12384044526901669 0.0015657620041753654 0.00463821892393321
0 0.5576722338204593 0.11966604823747681 0.0015657620041753654 0.0037105751391465678