0 0.26571428571428574 0.5138095238095238 0.008571428571428572 0.010476190476190476
0 0.28035714285714286 0.4276190476190476 0.0035714285714285713 0.011428571428571429
0 0.24785714285714286 0.42523809523809525 0.004285714285714286 0.012380952380952381
0 0.32035714285714284 0.47095238095238096 0.0035714285714285713 0.010476190476190476
0 0.38285714285714284 0.4328571428571429 0.002857142857142857 0.008571428571428572
0 0.4139285714285714 0.4452380952380952 0.0064285714285714285 0.01619047619047619
0 0.4657142857142857 0.37285714285714283 0.0014285714285714286 0.008571428571428572
0 0.56 0.21333333333333335 0.0014285714285714286 0.005714285714285714
0 0.5575 0.21333333333333335 0.002142857142857143 0.0038095238095238095
0 0.5689285714285715 0.22333333333333333 0.002142857142857143 0.006666666666666667
0 0.5757142857142857 0.2519047619047619 0.0014285714285714286 0.006666666666666667
0 0.5882142857142857 0.2976190476190476 0.002142857142857143 0.006666666666666667
0 0.5857142857142857 0.2980952380952381 0.0014285714285714286 0.005714285714285714
0 0.5914285714285714 0.3171428571428571 0.002857142857142857 0.007619047619047619
0 0.5910714285714286 0.3280952380952381 0.002142857142857143 0.010476190476190476
0 0.6017857142857143 0.32904761904761903 0.002142857142857143 0.010476190476190476
0 0.6396428571428572 0.35619047619047617 0.002142857142857143 0.009523809523809525
0 0.6439285714285714 0.35619047619047617 0.002142857142857143 0.007619047619047619
0 0.3582142857142857 0.4038095238095238 0.009285714285714286 0.009523809523809525
0 0.4225 0.379047619047619 0.0035714285714285713 0.005714285714285714
0 0.4135714285714286 0.4261904761904762 0.007142857142857143 0.006666666666666667
0 0.5692857142857143 0.4857142857142857 0.002857142857142857 0.005714285714285714
0 0.5710714285714286 0.5104761904761905 0.0035714285714285713 0.007619047619047619
0 0.5567857142857143 0.48714285714285716 0.0035714285714285713 0.012380952380952381
0 0.5732142857142857 0.5557142857142857 0.005 0.008571428571428572
0 0.5825 0.6361904761904762 0.005 0.009523809523809525