0 0.8717857142857143 0.800761421319797 0.012142857142857143 0.03299492385786802
0 0.9064285714285715 0.8020304568527918 0.011428571428571429 0.03553299492385787
0 0.9425 0.7284263959390863 0.013571428571428571 0.03807106598984772
0 0.5864285714285714 0.5196700507614214 0.012857142857142857 0.03680203045685279
0 0.595 0.5190355329949239 0.008571428571428572 0.030456852791878174
0 0.5892857142857143 0.5076142131979695 0.008571428571428572 0.030456852791878174
0 0.6664285714285715 0.3381979695431472 0.005714285714285714 0.01649746192893401
0 0.6607142857142857 0.3293147208121827 0.007142857142857143 0.0266497461928934
0 0.6457142857142857 0.30583756345177665 0.007142857142857143 0.027918781725888325
0 0.6553571428571429 0.30647208121827413 0.0064285714285714285 0.0266497461928934
0 0.6221428571428571 0.22779187817258884 0.007142857142857143 0.0266497461928934
0 0.6328571428571429 0.23413705583756345 0.005714285714285714 0.0266497461928934