0 0.23857142857142857 0.03571428571428571 0.012857142857142857 0.029523809523809525
0 0.24535714285714286 0.03857142857142857 0.007857142857142858 0.01619047619047619
0 0.265 0.1457142857142857 0.012857142857142857 0.030476190476190476
0 0.2282142857142857 0.3304761904761905 0.015 0.02857142857142857
0 0.3557142857142857 0.5033333333333333 0.011428571428571429 0.02
0 0.3414285714285714 0.28476190476190477 0.011428571428571429 0.03428571428571429
0 0.33 0.1719047619047619 0.01 0.03333333333333333
0 0.32107142857142856 0.02 0.010714285714285714 0.02666666666666667
0 0.31607142857142856 0.13476190476190475 0.012142857142857143 0.029523809523809525
0 0.3167857142857143 0.1657142857142857 0.009285714285714286 0.03428571428571429
0 0.2292857142857143 0.36238095238095236 0.017142857142857144 0.03142857142857143
0 0.21142857142857144 0.35333333333333333 0.014285714285714285 0.03428571428571429
0 0.24607142857142858 0.06428571428571428 0.012142857142857143 0.025714285714285714
0 0.2392857142857143 0.06714285714285714 0.007142857142857143 0.014285714285714285
0 0.21357142857142858 0.09047619047619047 0.005714285714285714 0.009523809523809525
0 0.2082142857142857 0.07809523809523809 0.010714285714285714 0.022857142857142857
0 0.31892857142857145 0.2042857142857143 0.009285714285714286 0.02761904761904762
0 0.3382142857142857 0.36095238095238097 0.012142857142857143 0.030476190476190476
0 0.28 0.23047619047619047 0.014285714285714285 0.030476190476190476
0 0.335 0.23857142857142857 0.01 0.029523809523809525
0 0.3335714285714286 0.21761904761904763 0.011428571428571429 0.02761904761904762
0 0.27714285714285714 0.729047619047619 0.017142857142857144 0.021904761904761906
0 0.3796428571428571 0.7504761904761905 0.016428571428571428 0.022857142857142857
0 0.26285714285714284 0.5938095238095238 0.015714285714285715 0.03142857142857143
0 0.2882142857142857 0.7161904761904762 0.019285714285714285 0.022857142857142857
0 0.33 0.8966666666666666 0.018571428571428572 0.029523809523809525
0 0.9467857142857142 0.28809523809523807 0.016428571428571428 0.025714285714285714
0 0.9285714285714286 0.42952380952380953 0.014285714285714285 0.017142857142857144
0 0.9185714285714286 0.4261904761904762 0.017142857142857144 0.018095238095238095