0 0.3492857142857143 0.20142857142857143 0.004285714285714286 0.014285714285714285
0 0.305 0.6328571428571429 0.008571428571428572 0.012380952380952381
0 0.38392857142857145 0.09047619047619047 0.002142857142857143 0.009523809523809525
0 0.37857142857142856 0.09857142857142857 0.0014285714285714286 0.006666666666666667
0 0.3889285714285714 0.09761904761904762 0.002142857142857143 0.006666666666666667
0 0.3925 0.09857142857142857 0.002142857142857143 0.006666666666666667
0 0.43607142857142855 0.08190476190476191 0.002142857142857143 0.005714285714285714
0 0.4303571428571429 0.08666666666666667 0.002142857142857143 0.005714285714285714
0 0.3782142857142857 0.14095238095238094 0.0035714285714285713 0.011428571428571429
0 0.3607142857142857 0.11476190476190476 0.002857142857142857 0.008571428571428572
0 0.3967857142857143 0.67 0.012142857142857143 0.035238095238095235
0 0.38785714285714284 0.6566666666666666 0.01 0.037142857142857144
0 0.95 0.6947619047619048 0.015714285714285715 0.035238095238095235
0 0.9707142857142858 0.7171428571428572 0.014285714285714285 0.030476190476190476
0 0.9660714285714286 0.7085714285714285 0.015 0.03428571428571429
0 0.4075 0.26285714285714284 0.0064285714285714285 0.011428571428571429
0 0.38785714285714284 0.27666666666666667 0.004285714285714286 0.010476190476190476
0 0.38285714285714284 0.5861904761904762 0.007142857142857143 0.018095238095238095
0 0.4307142857142857 0.13714285714285715 0.002857142857142857 0.005714285714285714
0 0.40964285714285714 0.24142857142857144 0.0035714285714285713 0.008571428571428572