0 0.2849686847599165 0.2588126159554731 0.0041753653444676405 0.022263450834879406
0 0.3076722338204593 0.2787569573283859 0.006784968684759917 0.02504638218923933
0 0.4024008350730689 0.3344155844155844 0.006263048016701462 0.017625231910946195
0 0.40005219206680587 0.4684601113172542 0.008872651356993737 0.01855287569573284
0 0.4963465553235908 0.576530612244898 0.008350730688935281 0.03432282003710575
0 0.6615344467640919 0.9679962894248608 0.016179540709812108 0.041743970315398886
0 0.6025574112734864 0.8010204081632653 0.013048016701461378 0.039888682745825604
0 0.6129958246346555 0.8237476808905381 0.010960334029227558 0.04267161410018553
0 0.6218684759916493 0.8237476808905381 0.009916492693110648 0.03339517625231911
0 0.9031837160751566 0.5078849721706865 0.012004175365344467 0.0287569573283859
0 0.8418580375782881 0.4550092764378479 0.010438413361169102 0.01948051948051948
0 0.8342901878914405 0.45640074211502785 0.008872651356993737 0.02040816326530612
0 0.6962421711899791 0.4809833024118738 0.008350730688935281 0.021335807050092765
0 0.6688413361169102 0.46938775510204084 0.005741127348643006 0.029684601113172542