0 0.25 0.1438095238095238 0.012857142857142857 0.013333333333333334
0 0.23285714285714285 0.3242857142857143 0.008571428571428572 0.012380952380952381
0 0.2557142857142857 0.32142857142857145 0.01 0.012380952380952381
0 0.2382142857142857 0.3495238095238095 0.007857142857142858 0.009523809523809525
0 0.23 0.3676190476190476 0.008571428571428572 0.009523809523809525
0 0.22321428571428573 0.36952380952380953 0.0064285714285714285 0.005714285714285714
0 0.11642857142857142 0.9804761904761905 0.008571428571428572 0.01619047619047619
0 0.45321428571428574 0.4042857142857143 0.007857142857142858 0.01619047619047619
0 0.36142857142857143 0.4185714285714286 0.008571428571428572 0.008571428571428572
0 0.49785714285714283 0.9414285714285714 0.008571428571428572 0.018095238095238095
0 0.5217857142857143 0.8319047619047619 0.007857142857142858 0.014285714285714285
0 0.6714285714285714 0.12142857142857143 0.007142857142857143 0.012380952380952381