0 0.8660714285714286 0.5038071065989848 0.009285714285714286 0.03553299492385787
0 0.8853571428571428 0.5710659898477157 0.010714285714285714 0.02030456852791878
0 0.8935714285714286 0.6040609137055838 0.011428571428571429 0.02030456852791878
0 0.8153571428571429 0.3153553299492386 0.0064285714285714285 0.013959390862944163
0 0.83 0.3737309644670051 0.004285714285714286 0.021573604060913704
0 0.8228571428571428 0.3756345177664975 0.005714285714285714 0.012690355329949238
0 0.8160714285714286 0.37246192893401014 0.005 0.011421319796954314
0 0.8371428571428572 0.4352791878172589 0.005714285714285714 0.012690355329949238
0 0.8435714285714285 0.4384517766497462 0.005714285714285714 0.021573604060913704
0 0.845 0.45241116751269034 0.007142857142857143 0.01903553299492386
0 0.7685714285714286 0.19733502538071065 0.002857142857142857 0.011421319796954314
0 0.7732142857142857 0.22842639593908629 0.005 0.02284263959390863
0 0.7442857142857143 0.08375634517766498 0.004285714285714286 0.01015228426395939
0 0.7346428571428572 0.08312182741116751 0.0064285714285714285 0.008883248730964468
0 0.7403571428571428 0.08121827411167512 0.0035714285714285713 0.01015228426395939
0 0.7596428571428572 0.11421319796954314 0.005 0.02030456852791878
0 0.7442857142857143 0.13705583756345177 0.005714285714285714 0.02030456852791878