0 0.5414285714285715 0.07233502538071065 0.002857142857142857 0.01015228426395939
0 0.5192857142857142 0.08312182741116751 0.002857142857142857 0.011421319796954314
0 0.3842857142857143 0.2430203045685279 0.002857142857142857 0.011421319796954314
0 0.37214285714285716 0.25380710659898476 0.002857142857142857 0.015228426395939087
0 0.28964285714285715 0.3565989847715736 0.0064285714285714285 0.01015228426395939
0 0.2814285714285714 0.37055837563451777 0.002857142857142857 0.012690355329949238
0 0.2507142857142857 0.41116751269035534 0.004285714285714286 0.01015228426395939
0 0.24571428571428572 0.41243654822335024 0.004285714285714286 0.01015228426395939
0 0.7617857142857143 0.47081218274111675 0.005 0.017766497461928935
0 0.6742857142857143 0.7328680203045685 0.005714285714285714 0.006345177664974619
0 0.6985714285714286 0.583756345177665 0.002857142857142857 0.007614213197969543
0 0.3317857142857143 0.20241116751269037 0.0035714285714285713 0.008883248730964468