0 0.3067857142857143 0.25888324873096447 0.0035714285714285713 0.01015228426395939
0 0.1792857142857143 0.4517766497461929 0.004285714285714286 0.01015228426395939
0 0.1757142857142857 0.4536802030456853 0.004285714285714286 0.008883248730964468
0 0.03642857142857143 0.3883248730964467 0.004285714285714286 0.007614213197969543
0 0.3557142857142857 0.19923857868020303 0.004285714285714286 0.007614213197969543
0 0.31642857142857145 0.8407360406091371 0.004285714285714286 0.011421319796954314
0 0.4275 0.5095177664974619 0.002142857142857143 0.008883248730964468
0 0.5560714285714285 0.3756345177664975 0.002142857142857143 0.007614213197969543
0 0.42857142857142855 0.4866751269035533 0.002857142857142857 0.006345177664974619
0 0.4632142857142857 0.5006345177664975 0.002142857142857143 0.006345177664974619
0 0.47285714285714286 0.4930203045685279 0.002857142857142857 0.008883248730964468
0 0.46964285714285714 0.48223350253807107 0.002142857142857143 0.007614213197969543
0 0.4714285714285714 0.5057106598984772 0.002857142857142857 0.008883248730964468
0 0.4607142857142857 0.5050761421319797 0.002857142857142857 0.01015228426395939
0 0.4785714285714286 0.4930203045685279 0.002857142857142857 0.008883248730964468
0 0.4767857142857143 0.4815989847715736 0.002142857142857143 0.008883248730964468
0 0.4725 0.4784263959390863 0.0035714285714285713 0.007614213197969543
0 0.4835714285714286 0.48413705583756345 0.002857142857142857 0.008883248730964468
0 0.5121428571428571 0.5406091370558376 0.002857142857142857 0.007614213197969543
0 0.9396428571428571 0.40418781725888325 0.005 0.008883248730964468