0 0.5981210855949896 0.8933209647495362 0.04592901878914405 0.19480519480519481
0 0.4078810020876827 0.6326530612244898 0.029749478079331943 0.137291280148423
0 0.33716075156576203 0.3974953617810761 0.024008350730688934 0.06586270871985157
0 0.4715553235908142 0.40584415584415584 0.019311064718162838 0.06029684601113173
0 0.7403444676409185 0.3098330241187384 0.01722338204592902 0.04452690166975881
0 0.6631002087682673 0.3302411873840445 0.016179540709812108 0.04638218923933209
0 0.5414926931106472 0.29545454545454547 0.013048016701461378 0.036178107606679034
0 0.2588726513569937 0.34786641929499074 0.018789144050104383 0.05194805194805195
0 0.30245302713987476 0.30936920222634506 0.008872651356993737 0.045454545454545456
0 0.31184759916492694 0.3205009276437848 0.012004175365344467 0.05102040816326531
0 0.40292275574112735 0.21985157699443414 0.007306889352818371 0.01855287569573284
0 0.45041753653444677 0.22263450834879406 0.006263048016701462 0.025974025974025976
0 0.4290187891440501 0.21289424860853431 0.005219206680584551 0.017625231910946195
0 0.5206158663883089 0.26762523191094617 0.013048016701461378 0.0287569573283859
0 0.5127870563674322 0.26113172541743973 0.004697286012526096 0.015769944341372914
0 0.5169624217118998 0.2569573283858998 0.008872651356993737 0.025974025974025976
0 0.5247912317327766 0.25834879406307976 0.006784968684759917 0.03432282003710575
0 0.5294885177453027 0.262987012987013 0.004697286012526096 0.030612244897959183
0 0.5255741127348643 0.2481447124304267 0.0041753653444676405 0.013914656771799629
0 0.5255741127348643 0.24768089053803338 0.006263048016701462 0.025974025974025976
0 0.6315240083507306 0.2820037105751391 0.013569937369519834 0.03339517625231911
0 0.9342379958246346 0.6326530612244898 0.032359081419624215 0.14656771799628943
0 0.9512004175365344 0.6136363636363636 0.0255741127348643 0.12523191094619665
0 0.4780793319415449 0.1813543599257885 0.003131524008350731 0.01020408163265306
0 0.47860125260960334 0.1794990723562152 0.003131524008350731 0.012059369202226345
0 0.5007828810020877 0.18042671614100186 0.0026096033402922755 0.013914656771799629
0 0.5326200417536534 0.18228200371057515 0.0036534446764091857 0.013914656771799629
0 0.5352296450939458 0.21382189239332097 0.0026096033402922755 0.012059369202226345
0 0.5279227557411273 0.21846011131725418 0.005741127348643006 0.021335807050092765
0 0.5146137787056367 0.22356215213358072 0.005219206680584551 0.016697588126159554
0 0.5143528183716075 0.22263450834879406 0.005741127348643006 0.022263450834879406
0 0.4772964509394572 0.16743970315398887 0.0026096033402922755 0.006493506493506494
0 0.49765135699373697 0.1614100185528757 0.0036534446764091857 0.011131725417439703