0 0.7896428571428571 0.6256345177664975 0.0064285714285714285 0.015228426395939087
0 0.7935714285714286 0.6186548223350253 0.005714285714285714 0.021573604060913704
0 0.7403571428571428 0.5843908629441624 0.007857142857142858 0.01649746192893401
0 0.7375 0.5723350253807107 0.005 0.015228426395939087
0 0.6367857142857143 0.4498730964467005 0.0064285714285714285 0.021573604060913704
0 0.42214285714285715 0.3934010152284264 0.005714285714285714 0.02284263959390863
0 0.3989285714285714 0.37055837563451777 0.0064285714285714285 0.025380710659898477
0 0.39035714285714285 0.37246192893401014 0.0064285714285714285 0.021573604060913704
0 0.5075 0.4143401015228426 0.005 0.024111675126903553
0 0.5042857142857143 0.41624365482233505 0.005714285714285714 0.02284263959390863
0 0.31142857142857144 0.45558375634517767 0.01 0.015228426395939087
0 0.31214285714285717 0.43718274111675126 0.008571428571428572 0.013959390862944163
0 0.295 0.4530456852791878 0.007142857142857143 0.02030456852791878
0 0.33035714285714285 0.4219543147208122 0.005 0.01903553299492386
0 0.2785714285714286 0.42576142131979694 0.007142857142857143 0.021573604060913704
0 0.6021428571428571 0.022208121827411168 0.005714285714285714 0.01903553299492386
0 0.6060714285714286 0.02030456852791878 0.0064285714285714285 0.025380710659898477