0 0.43642857142857144 0.6352380952380953 0.01 0.013333333333333334
0 0.495 0.6647619047619048 0.007142857142857143 0.015238095238095238
0 0.4492857142857143 0.6180952380952381 0.008571428571428572 0.015238095238095238
0 0.48428571428571426 0.6271428571428571 0.007142857142857143 0.014285714285714285
0 0.4207142857142857 0.6490476190476191 0.008571428571428572 0.012380952380952381
0 0.6489285714285714 0.5276190476190477 0.010714285714285714 0.013333333333333334
0 0.8132142857142857 0.5171428571428571 0.010714285714285714 0.011428571428571429
0 0.8457142857142858 0.47523809523809524 0.01 0.009523809523809525
0 0.6264285714285714 0.4104761904761905 0.01 0.015238095238095238
0 0.5121428571428571 0.23 0.008571428571428572 0.012380952380952381
0 0.6932142857142857 0.5133333333333333 0.0064285714285714285 0.009523809523809525
0 0.43 0.14857142857142858 0.005714285714285714 0.011428571428571429
0 0.7792857142857142 0.33 0.014285714285714285 0.010476190476190476
0 0.7875 0.3376190476190476 0.013571428571428571 0.012380952380952381
0 0.7842857142857143 0.34714285714285714 0.015714285714285715 0.008571428571428572
0 0.7864285714285715 0.35523809523809524 0.012857142857142857 0.009523809523809525
0 0.78 0.3638095238095238 0.014285714285714285 0.009523809523809525