0 0.545 0.5404761904761904 0.027142857142857142 0.06952380952380953
0 0.48892857142857143 0.5366666666666666 0.023571428571428573 0.06761904761904762
0 0.4542857142857143 0.4195238095238095 0.011428571428571429 0.04476190476190476
0 0.4664285714285714 0.4195238095238095 0.014285714285714285 0.040952380952380955
0 0.08821428571428572 0.3557142857142857 0.012142857142857143 0.02761904761904762
0 0.11142857142857143 0.34714285714285714 0.01 0.029523809523809525
0 0.12285714285714286 0.3423809523809524 0.011428571428571429 0.02761904761904762
0 0.7171428571428572 0.4085714285714286 0.01 0.0419047619047619
0 0.7282142857142857 0.4085714285714286 0.010714285714285714 0.047619047619047616
0 0.3775 0.37857142857142856 0.0064285714285714285 0.035238095238095235
0 0.38142857142857145 0.37333333333333335 0.004285714285714286 0.030476190476190476
0 0.395 0.3757142857142857 0.01 0.037142857142857144
0 0.40464285714285714 0.3719047619047619 0.009285714285714286 0.029523809523809525
0 0.11035714285714286 0.32047619047619047 0.0064285714285714285 0.021904761904761906
0 0.11785714285714285 0.319047619047619 0.004285714285714286 0.01904761904761905
0 0.12178571428571429 0.31952380952380954 0.005 0.02
0 0.1275 0.32047619047619047 0.0035714285714285713 0.02
0 0.13035714285714287 0.3223809523809524 0.005 0.018095238095238095
0 0.1357142857142857 0.31952380952380954 0.007142857142857143 0.021904761904761906
0 0.1432142857142857 0.32 0.0064285714285714285 0.02095238095238095
0 0.1717857142857143 0.31952380952380954 0.0064285714285714285 0.02
0 0.18214285714285713 0.3180952380952381 0.005714285714285714 0.01904761904761905
0 0.05357142857142857 0.29904761904761906 0.005714285714285714 0.015238095238095238
0 0.0675 0.30238095238095236 0.0064285714285714285 0.014285714285714285
0 0.10285714285714286 0.29904761904761906 0.005714285714285714 0.015238095238095238
0 0.9442857142857143 0.38285714285714284 0.015714285714285715 0.030476190476190476
0 0.985 0.39714285714285713 0.012857142857142857 0.03428571428571429
0 0.9953571428571428 0.4038095238095238 0.009285714285714286 0.045714285714285714
0 0.5821428571428572 0.3880952380952381 0.014285714285714285 0.04285714285714286
0 0.6253571428571428 0.5238095238095238 0.023571428571428573 0.06095238095238095
0 0.305 0.43523809523809526 0.015714285714285715 0.04
0 0.2292857142857143 0.3838095238095238 0.011428571428571429 0.02095238095238095