0 0.2671428571428571 0.6211928934010152 0.017142857142857144 0.03934010152284264
0 0.39071428571428574 0.5894670050761421 0.014285714285714285 0.03426395939086294
0 0.48964285714285716 0.6395939086294417 0.013571428571428571 0.03553299492385787
0 0.5553571428571429 0.5006345177664975 0.013571428571428571 0.02918781725888325
0 0.5903571428571428 0.33248730964467005 0.013571428571428571 0.030456852791878174
0 0.5960714285714286 0.39086294416243655 0.010714285714285714 0.025380710659898477
0 0.5985714285714285 0.15545685279187818 0.011428571428571429 0.024111675126903553
0 0.6010714285714286 0.19225888324873097 0.009285714285714286 0.024111675126903553
0 0.49642857142857144 0.7468274111675127 0.011428571428571429 0.02918781725888325
0 0.3217857142857143 0.7868020304568528 0.015 0.03299492385786802
0 0.02892857142857143 0.618020304568528 0.016428571428571428 0.03299492385786802
0 0.11107142857142857 0.3616751269035533 0.017857142857142856 0.03807106598984772
0 0.48928571428571427 0.4200507614213198 0.007142857142857143 0.03553299492385787
0 0.4785714285714286 0.4149746192893401 0.008571428571428572 0.03553299492385787