0 0.6460714285714285 0.26666666666666666 0.009285714285714286 0.022857142857142857
0 0.6489285714285714 0.2619047619047619 0.012142857142857143 0.01904761904761905
0 0.6728571428571428 0.2938095238095238 0.01 0.021904761904761906
0 0.6242857142857143 0.3476190476190476 0.008571428571428572 0.01904761904761905
0 0.62 0.35285714285714287 0.011428571428571429 0.02
0 0.525 0.63 0.014285714285714285 0.021904761904761906
0 0.6292857142857143 0.6542857142857142 0.01 0.022857142857142857
0 0.6264285714285714 0.6642857142857143 0.012857142857142857 0.023809523809523808
0 0.49392857142857144 0.6666666666666666 0.013571428571428571 0.02666666666666667
0 0.49 0.68 0.02 0.03619047619047619
0 0.5117857142857143 0.71 0.019285714285714285 0.029523809523809525
0 0.5632142857142857 0.741904761904762 0.012142857142857143 0.02095238095238095
0 0.5628571428571428 0.7576190476190476 0.02142857142857143 0.03333333333333333
0 0.6057142857142858 0.7352380952380952 0.017142857142857144 0.024761904761904763
0 0.6260714285714286 0.7628571428571429 0.012142857142857143 0.02666666666666667
0 0.6225 0.7733333333333333 0.016428571428571428 0.02666666666666667
0 0.32285714285714284 0.6719047619047619 0.012857142857142857 0.023809523809523808
0 0.31535714285714284 0.6838095238095238 0.015 0.02666666666666667
0 0.19964285714285715 0.5871428571428572 0.019285714285714285 0.02761904761904762
0 0.49142857142857144 0.6847619047619048 0.018571428571428572 0.05714285714285714
0 0.5107142857142857 0.7152380952380952 0.018571428571428572 0.06285714285714286
0 0.5632142857142857 0.7614285714285715 0.017857142857142856 0.06761904761904762
0 0.6057142857142858 0.7385714285714285 0.02142857142857143 0.06190476190476191
0 0.6214285714285714 0.7728571428571429 0.024285714285714285 0.06
0 0.6264285714285714 0.6742857142857143 0.018571428571428572 0.05523809523809524
0 0.5225 0.6376190476190476 0.016428571428571428 0.05047619047619047
0 0.3339285714285714 0.5128571428571429 0.03785714285714286 0.03142857142857143
0 0.2507142857142857 0.5276190476190477 0.015714285714285715 0.02666666666666667
0 0.45 0.22476190476190477 0.007142857142857143 0.03238095238095238
0 0.9871428571428571 0.4661904761904762 0.014285714285714285 0.029523809523809525
0 0.9842857142857143 0.569047619047619 0.022857142857142857 0.02761904761904762