0 0.08535714285714285 0.7404761904761905 0.020714285714285713 0.04476190476190476
0 0.30357142857142855 0.18523809523809523 0.004285714285714286 0.012380952380952381
0 0.3078571428571429 0.1819047619047619 0.002857142857142857 0.015238095238095238
0 0.31392857142857145 0.18476190476190477 0.005 0.01904761904761905
0 0.3382142857142857 0.04 0.002142857142857143 0.009523809523809525
0 0.4660714285714286 0.2361904761904762 0.005 0.024761904761904763
0 0.5971428571428572 0.3295238095238095 0.004285714285714286 0.013333333333333334
0 0.6071428571428571 0.3233333333333333 0.005714285714285714 0.021904761904761906
0 0.5885714285714285 0.54 0.01 0.02666666666666667
0 0.6946428571428571 0.7552380952380953 0.009285714285714286 0.03619047619047619
0 0.6139285714285714 0.8204761904761905 0.017857142857142856 0.03333333333333333
0 0.8057142857142857 0.6533333333333333 0.014285714285714285 0.024761904761904763