0 0.4155 0.6793333333333333 0.023 0.08266666666666667
0 0.33975 0.6753333333333333 0.0175 0.06933333333333333
0 0.32225 0.685 0.0185 0.048666666666666664
0 0.34625 0.6016666666666667 0.0235 0.06466666666666666
0 0.51675 0.703 0.0175 0.04466666666666667
0 0.52775 0.6793333333333333 0.0205 0.076
0 0.7275 0.9206666666666666 0.045 0.08266666666666667
0 0.673 0.7016666666666667 0.014 0.08066666666666666
0 0.6785 0.6886666666666666 0.014 0.028
0 0.6675 0.6863333333333334 0.013 0.07
0 0.60875 0.6716666666666666 0.0205 0.07
0 0.61925 0.6566666666666666 0.0245 0.07466666666666667
0 0.22575 0.84 0.0365 0.07866666666666666
0 0.2625 0.8176666666666667 0.035 0.08466666666666667
0 0.2695 0.6806666666666666 0.026 0.068
0 0.27125 0.6533333333333333 0.0225 0.06266666666666666
0 0.2775 0.632 0.022 0.06
0 0.37875 0.585 0.0225 0.059333333333333335
0 0.17525 0.49633333333333335 0.0125 0.03266666666666666
0 0.24125 0.48 0.0185 0.03866666666666667
0 0.2845 0.48733333333333334 0.014 0.04666666666666667
0 0.3015 0.47533333333333333 0.019 0.04533333333333334
0 0.3575 0.48933333333333334 0.011 0.04533333333333334
0 0.36225 0.4656666666666667 0.0125 0.054
0 0.3405 0.48966666666666664 0.014 0.05
0 0.5275 0.485 0.018 0.043333333333333335
0 0.54175 0.48233333333333334 0.0085 0.028666666666666667
0 0.38925 0.5083333333333333 0.0135 0.03933333333333333
0 0.489 0.4886666666666667 0.011 0.05333333333333334
0 0.4605 0.47433333333333333 0.014 0.05
0 0.46975 0.4703333333333333 0.0115 0.046
0 0.47075 0.45466666666666666 0.0085 0.04
0 0.4775 0.46066666666666667 0.014 0.036
0 0.51625 0.4706666666666667 0.0135 0.03866666666666667
0 0.4275 0.42966666666666664 0.009 0.014
0 0.41825 0.41533333333333333 0.0115 0.037333333333333336
0 0.391 0.401 0.009 0.034
0 0.34375 0.43166666666666664 0.0125 0.03266666666666666
0 0.07275 0.52 0.0205 0.050666666666666665
0 0.0495 0.5113333333333333 0.025 0.04666666666666667
0 0.033 0.49066666666666664 0.023 0.050666666666666665
0 0.0505 0.4876666666666667 0.022 0.051333333333333335
0 0.02725 0.489 0.0155 0.043333333333333335
0 0.05825 0.3883333333333333 0.0135 0.027333333333333334
0 0.0705 0.3893333333333333 0.012 0.024
0 0.43125 0.36766666666666664 0.0095 0.034
0 0.3825 0.32166666666666666 0.011 0.027333333333333334
0 0.449 0.319 0.006 0.028666666666666667
0 0.4525 0.32133333333333336 0.006 0.021333333333333333
0 0.45825 0.32266666666666666 0.0075 0.021333333333333333
0 0.476 0.32066666666666666 0.007 0.02666666666666667
0 0.46925 0.316 0.0085 0.028
0 0.4905 0.32966666666666666 0.006 0.027333333333333334
0 0.498 0.31966666666666665 0.006 0.03
0 0.48625 0.318 0.0065 0.016
0 0.8125 0.31166666666666665 0.006 0.018
0 0.74925 0.308 0.0075 0.021333333333333333
0 0.75525 0.31133333333333335 0.0075 0.02266666666666667
0 0.6985 0.31 0.005 0.02
0 0.6485 0.315 0.005 0.023333333333333334
0 0.754 0.357 0.009 0.024666666666666667
0 0.5165 0.4196666666666667 0.012 0.03666666666666667
0 0.5505 0.436 0.015 0.036
0 0.58525 0.464 0.0115 0.04533333333333334
0 0.572 0.443 0.012 0.04066666666666666
0 0.5335 0.42533333333333334 0.01 0.02266666666666667
0 0.053 0.552 0.02 0.044
0 0.03375 0.559 0.0115 0.03133333333333333
0 0.32625 0.31966666666666665 0.0095 0.018
0 0.3625 0.404 0.007 0.036
0 0.337 0.408 0.01 0.037333333333333336
0 0.335 0.37933333333333336 0.008 0.032
0 0.35725 0.3963333333333333 0.0075 0.034
0 0.66325 0.62 0.0175 0.06266666666666666
0 0.6515 0.5826666666666667 0.012 0.050666666666666665
0 0.72025 0.7466666666666667 0.0265 0.08
0 0.74925 0.7576666666666667 0.0315 0.08466666666666667
0 0.702 0.6753333333333333 0.018 0.07466666666666667