0 0.47964509394572025 0.6767161410018553 0.010438413361169102 0.021335807050092765
0 0.4825156576200417 0.6094619666048238 0.006784968684759917 0.025974025974025976
0 0.4890396659707724 0.47309833024118736 0.006263048016701462 0.01855287569573284
0 0.4945198329853862 0.4684601113172542 0.007828810020876827 0.016697588126159554
0 0.5005219206680585 0.4587198515769944 0.007306889352818371 0.0287569573283859
0 0.5715031315240083 0.3432282003710575 0.006263048016701462 0.025974025974025976
0 0.5811586638830898 0.3395176252319109 0.004697286012526096 0.027829313543599257
0 0.5913361169102297 0.3297773654916512 0.006263048016701462 0.01948051948051948
0 0.5187891440501043 0.3228200371057514 0.006263048016701462 0.01855287569573284
0 0.5331419624217119 0.29684601113172543 0.006784968684759917 0.02411873840445269
0 0.47990605427974947 0.2787569573283859 0.004697286012526096 0.015769944341372914
0 0.48173277661795405 0.2755102040816326 0.0041753653444676405 0.01855287569573284
0 0.4953027139874739 0.17439703153988867 0.0041753653444676405 0.02040816326530612
0 0.5146137787056367 0.12708719851576994 0.0041753653444676405 0.01855287569573284
0 0.5117432150313153 0.12708719851576994 0.004697286012526096 0.016697588126159554
0 0.5101774530271399 0.05705009276437848 0.0036534446764091857 0.015769944341372914
0 0.4986951983298539 0.059369202226345084 0.004697286012526096 0.012987012987012988
0 0.49739039665970775 0.05612244897959184 0.003131524008350731 0.015769944341372914
0 0.4932150313152401 0.05797773654916512 0.003131524008350731 0.01020408163265306
0 0.49191022964509395 0.05705009276437848 0.0036534446764091857 0.013914656771799629
0 0.49582463465553234 0.04313543599257885 0.003131524008350731 0.01020408163265306
0 0.5227035490605428 0.021335807050092765 0.0026096033402922755 0.012987012987012988
0 0.5853340292275574 0.09740259740259741 0.005741127348643006 0.016697588126159554
0 0.5323590814196242 0.03571428571428571 0.0041753653444676405 0.015769944341372914
0 0.7998434237995825 0.5913729128014842 0.009916492693110648 0.023191094619666047
0 0.80741127348643 0.5862708719851577 0.009394572025052192 0.022263450834879406
0 0.920929018789144 0.2189239332096475 0.006784968684759917 0.016697588126159554
0 0.8940501043841336 0.23608534322820038 0.006263048016701462 0.008348794063079777
0 0.8781315240083507 0.1836734693877551 0.005741127348643006 0.014842300556586271
0 0.8622129436325678 0.16048237476808905 0.005219206680584551 0.02040816326530612
0 0.8676931106471816 0.16094619666048238 0.006784968684759917 0.021335807050092765
0 0.8614300626304802 0.14888682745825602 0.004697286012526096 0.017625231910946195
0 0.795929018789144 0.12523191094619665 0.0041753653444676405 0.016697588126159554
0 0.6941544885177453 0.27087198515769945 0.0041753653444676405 0.025974025974025976
0 0.6711899791231732 0.3585343228200371 0.009394572025052192 0.017625231910946195
0 0.7291231732776617 0.3339517625231911 0.006263048016701462 0.022263450834879406
0 0.732776617954071 0.32142857142857145 0.007306889352818371 0.021335807050092765
0 0.7520876826722338 0.3172541743970315 0.008350730688935281 0.01855287569573284
0 0.767223382045929 0.3269944341372913 0.006263048016701462 0.026901669758812616
0 0.7095511482254697 0.017625231910946195 0.0026096033402922755 0.011131725417439703
0 0.7100730688935282 0.01855287569573284 0.0026096033402922755 0.0074211502782931356