0 0.25626304801670147 0.9652133580705009 0.018789144050104383 0.045454545454545456
0 0.2745302713987474 0.8896103896103896 0.016701461377870562 0.04267161410018553
0 0.29592901878914407 0.9294990723562152 0.013569937369519834 0.029684601113172542
0 0.4136221294363257 0.3682745825602968 0.007828810020876827 0.03896103896103896
0 0.4230167014613779 0.37755102040816324 0.008872651356993737 0.03525046382189239
0 0.42954070981210857 0.4137291280148423 0.008350730688935281 0.022263450834879406
0 0.43580375782881003 0.41233766233766234 0.009394572025052192 0.023191094619666047
0 0.4846033402922756 0.37662337662337664 0.010960334029227558 0.04081632653061224
0 0.6826722338204593 0.14471243042671614 0.008350730688935281 0.022263450834879406
0 0.511482254697286 0.06447124304267161 0.006263048016701462 0.01948051948051948
0 0.5070459290187892 0.09740259740259741 0.005741127348643006 0.014842300556586271