0 0.0075 0.03362944162436548 0.002142857142857143 0.006345177664974619
0 0.16892857142857143 0.07233502538071065 0.002142857142857143 0.007614213197969543
0 0.18678571428571428 0.07487309644670051 0.002142857142857143 0.01015228426395939
0 0.18928571428571428 0.09137055837563451 0.002857142857142857 0.007614213197969543
0 0.15321428571428572 0.09263959390862944 0.0035714285714285713 0.007614213197969543
0 0.15 0.0983502538071066 0.0014285714285714286 0.006345177664974619
0 0.19178571428571428 0.10406091370558376 0.002142857142857143 0.007614213197969543
0 0.24392857142857144 0.005710659898477157 0.002142857142857143 0.008883248730964468
0 0.25035714285714283 0.005076142131979695 0.002142857142857143 0.007614213197969543
0 0.25285714285714284 0.005076142131979695 0.0014285714285714286 0.007614213197969543
0 0.19 0.02982233502538071 0.002857142857142857 0.008883248730964468
0 0.2125 0.09454314720812183 0.002142857142857143 0.008883248730964468
0 0.21071428571428572 0.0983502538071066 0.002857142857142857 0.008883248730964468
0 0.2 0.108502538071066 0.0014285714285714286 0.006345177664974619
0 0.20642857142857143 0.10723350253807107 0.002857142857142857 0.008883248730964468
0 0.20785714285714285 0.1065989847715736 0.002857142857142857 0.007614213197969543
0 0.21071428571428572 0.11104060913705584 0.002857142857142857 0.008883248730964468
0 0.2067857142857143 0.15418781725888325 0.002142857142857143 0.008883248730964468
0 0.2007142857142857 0.14911167512690354 0.0014285714285714286 0.006345177664974619
0 0.2025 0.1649746192893401 0.002142857142857143 0.007614213197969543
0 0.05857142857142857 0.16624365482233502 0.002857142857142857 0.007614213197969543
0 0.055714285714285716 0.16370558375634517 0.0014285714285714286 0.005076142131979695
0 0.0525 0.22906091370558376 0.0035714285714285713 0.008883248730964468
0 0.0475 0.24048223350253808 0.0035714285714285713 0.011421319796954314
0 0.055714285714285716 0.2519035532994924 0.002857142857142857 0.011421319796954314
0 0.0475 0.22271573604060912 0.0035714285714285713 0.008883248730964468
0 0.052142857142857144 0.23921319796954316 0.002857142857142857 0.008883248730964468
0 0.04285714285714286 0.2823604060913706 0.004285714285714286 0.008883248730964468
0 0.06964285714285715 0.28553299492385786 0.0035714285714285713 0.01015228426395939
0 0.06392857142857143 0.22271573604060912 0.0035714285714285713 0.008883248730964468
0 0.25357142857142856 0.2436548223350254 0.002857142857142857 0.012690355329949238
0 0.03964285714285714 0.41814720812182743 0.005 0.008883248730964468
0 0.046785714285714285 0.43908629441624364 0.002142857142857143 0.007614213197969543
0 0.20964285714285713 0.3762690355329949 0.002142857142857143 0.008883248730964468
0 0.19071428571428573 0.39149746192893403 0.002857142857142857 0.008883248730964468
0 0.08214285714285714 0.5222081218274112 0.005714285714285714 0.013959390862944163
0 0.21785714285714286 0.7036802030456852 0.004285714285714286 0.021573604060913704
0 0.18535714285714286 0.8039340101522843 0.005 0.006345177664974619
0 0.17892857142857144 0.891497461928934 0.005 0.006345177664974619
0 0.1757142857142857 0.9003807106598984 0.004285714285714286 0.008883248730964468
0 0.1675 0.9568527918781726 0.005 0.007614213197969543
0 0.16857142857142857 0.9809644670050761 0.005714285714285714 0.01015228426395939
0 0.18035714285714285 0.9796954314720813 0.0035714285714285713 0.01015228426395939
0 0.1775 0.9574873096446701 0.0035714285714285713 0.008883248730964468
0 0.2292857142857143 0.8984771573604061 0.002857142857142857 0.007614213197969543
0 0.17464285714285716 0.9955583756345178 0.002142857142857143 0.006345177664974619
0 0.38107142857142856 0.9130710659898477 0.005 0.006345177664974619
0 0.275 0.9536802030456852 0.002857142857142857 0.008883248730964468
0 0.31214285714285717 0.9530456852791879 0.002857142857142857 0.012690355329949238
0 0.415 0.8445431472081218 0.002857142857142857 0.011421319796954314
0 0.2617857142857143 0.2950507614213198 0.002142857142857143 0.008883248730964468
0 0.27785714285714286 0.29251269035532995 0.002857142857142857 0.008883248730964468
0 0.2885714285714286 0.28616751269035534 0.002857142857142857 0.008883248730964468
0 0.29214285714285715 0.28553299492385786 0.002857142857142857 0.007614213197969543
0 0.29678571428571426 0.28045685279187815 0.0035714285714285713 0.01015228426395939
0 0.31607142857142856 0.26903553299492383 0.002142857142857143 0.01015228426395939
0 0.33071428571428574 0.2848984771573604 0.002857142857142857 0.011421319796954314
0 0.3221428571428571 0.25380710659898476 0.0014285714285714286 0.01015228426395939
0 0.32035714285714284 0.25380710659898476 0.002142857142857143 0.01015228426395939
0 0.3475 0.26078680203045684 0.002142857142857143 0.011421319796954314
0 0.3425 0.24555837563451777 0.0035714285714285713 0.008883248730964468
0 0.35535714285714287 0.2569796954314721 0.002142857142857143 0.011421319796954314
0 0.3896428571428571 0.25380710659898476 0.002142857142857143 0.007614213197969543
0 0.4014285714285714 0.24619289340101522 0.002857142857142857 0.015228426395939087
0 0.37 0.2398477157360406 0.002857142857142857 0.012690355329949238
0 0.38642857142857145 0.23730964467005075 0.002857142857142857 0.012690355329949238
0 0.37857142857142856 0.23096446700507614 0.0014285714285714286 0.01015228426395939
0 0.36714285714285716 0.2639593908629442 0.002857142857142857 0.007614213197969543
0 0.37142857142857144 0.23730964467005075 0.002857142857142857 0.01015228426395939
0 0.37642857142857145 0.2265228426395939 0.002857142857142857 0.011421319796954314
0 0.2642857142857143 0.26078680203045684 0.002857142857142857 0.011421319796954314
0 0.2596428571428571 0.2753807106598985 0.005 0.012690355329949238
0 0.25785714285714284 0.24175126903553298 0.002857142857142857 0.011421319796954314
0 0.2689285714285714 0.2468274111675127 0.0035714285714285713 0.011421319796954314
0 0.2725 0.24555837563451777 0.002142857142857143 0.008883248730964468
0 0.2757142857142857 0.24428934010152284 0.002857142857142857 0.011421319796954314
0 0.3482142857142857 0.21192893401015228 0.0035714285714285713 0.01015228426395939
0 0.3757142857142857 0.2017766497461929 0.002857142857142857 0.012690355329949238
0 0.36607142857142855 0.1865482233502538 0.002142857142857143 0.01015228426395939
0 0.3507142857142857 0.1967005076142132 0.002857142857142857 0.007614213197969543
0 0.35678571428571426 0.19098984771573604 0.002142857142857143 0.013959390862944163
0 0.35964285714285715 0.1916243654822335 0.002142857142857143 0.01015228426395939
0 0.3632142857142857 0.18972081218274112 0.0035714285714285713 0.013959390862944163
0 0.415 0.1884517766497462 0.0014285714285714286 0.008883248730964468
0 0.41678571428571426 0.1865482233502538 0.002142857142857143 0.01015228426395939
0 0.4110714285714286 0.16624365482233502 0.002142857142857143 0.01015228426395939
0 0.415 0.1649746192893401 0.002857142857142857 0.005076142131979695
0 0.41964285714285715 0.16624365482233502 0.002142857142857143 0.007614213197969543
0 0.4185714285714286 0.17195431472081218 0.002857142857142857 0.008883248730964468
0 0.41714285714285715 0.16243654822335024 0.0014285714285714286 0.01015228426395939
0 0.3582142857142857 0.13705583756345177 0.002142857142857143 0.01015228426395939
0 0.3557142857142857 0.13705583756345177 0.002857142857142857 0.01015228426395939
0 0.2978571428571429 0.1034263959390863 0.002857142857142857 0.008883248730964468
0 0.2875 0.13769035532994925 0.0035714285714285713 0.006345177664974619
0 0.29892857142857143 0.11802030456852793 0.0035714285714285713 0.01015228426395939
0 0.2975 0.08058375634517767 0.002142857142857143 0.008883248730964468
0 0.3535714285714286 0.0799492385786802 0.002857142857142857 0.007614213197969543
0 0.3007142857142857 0.13071065989847716 0.0014285714285714286 0.01015228426395939
0 0.5346428571428572 0.015862944162436547 0.002142857142857143 0.008883248730964468
0 0.5417857142857143 0.0266497461928934 0.002142857142857143 0.012690355329949238
0 0.5389285714285714 0.03426395939086294 0.002142857142857143 0.007614213197969543
0 0.5417857142857143 0.04568527918781726 0.002142857142857143 0.01015228426395939
0 0.5539285714285714 0.04314720812182741 0.002142857142857143 0.01015228426395939
0 0.5560714285714285 0.0399746192893401 0.002142857142857143 0.008883248730964468
0 0.5467857142857143 0.04949238578680203 0.0035714285714285713 0.01015228426395939
0 0.5917857142857142 0.011421319796954314 0.002142857142857143 0.01015228426395939
0 0.5739285714285715 0.05710659898477157 0.002142857142857143 0.005076142131979695
0 0.5914285714285714 0.04885786802030457 0.004285714285714286 0.008883248730964468
0 0.5928571428571429 0.06218274111675127 0.002857142857142857 0.007614213197969543
0 0.5964285714285714 0.07106598984771574 0.002857142857142857 0.01015228426395939
0 0.5460714285714285 0.09581218274111675 0.0035714285714285713 0.011421319796954314
0 0.5285714285714286 0.0850253807106599 0.002857142857142857 0.007614213197969543
0 0.5321428571428571 0.08312182741116751 0.0014285714285714286 0.008883248730964468
0 0.5328571428571428 0.11294416243654823 0.002857142857142857 0.01015228426395939
0 0.5278571428571428 0.1116751269035533 0.002857142857142857 0.01015228426395939
0 0.5389285714285714 0.13451776649746192 0.002142857142857143 0.01015228426395939
0 0.5410714285714285 0.13451776649746192 0.002142857142857143 0.007614213197969543
0 0.545 0.13324873096446702 0.002857142857142857 0.012690355329949238
0 0.5692857142857143 0.1446700507614213 0.002857142857142857 0.012690355329949238
0 0.5846428571428571 0.16370558375634517 0.002142857142857143 0.01015228426395939
0 0.59 0.16370558375634517 0.0014285714285714286 0.01015228426395939
0 0.5646428571428571 0.17893401015228427 0.002142857142857143 0.01015228426395939
0 0.5492857142857143 0.21637055837563451 0.002857142857142857 0.011421319796954314
0 0.5457142857142857 0.2151015228426396 0.002857142857142857 0.011421319796954314
0 0.5928571428571429 0.2633248730964467 0.002857142857142857 0.008883248730964468
0 0.5953571428571428 0.2633248730964467 0.002142857142857143 0.011421319796954314
0 0.5728571428571428 0.1116751269035533 0.002857142857142857 0.007614213197969543
0 0.5889285714285715 0.10723350253807107 0.002142857142857143 0.011421319796954314
0 0.6 0.14657360406091371 0.002857142857142857 0.008883248730964468
0 0.5967857142857143 0.1434010152284264 0.002142857142857143 0.01015228426395939
0 0.49714285714285716 0.19860406091370558 0.002857142857142857 0.008883248730964468
0 0.4810714285714286 0.13769035532994925 0.002142857142857143 0.006345177664974619
0 0.4857142857142857 0.1567258883248731 0.002857142857142857 0.006345177664974619
0 0.48642857142857143 0.14784263959390864 0.002857142857142857 0.008883248730964468
0 0.44821428571428573 0.16116751269035534 0.002142857142857143 0.007614213197969543
0 0.4367857142857143 0.19543147208121828 0.002142857142857143 0.007614213197969543
0 0.4328571428571429 0.19225888324873097 0.002857142857142857 0.008883248730964468
0 0.42678571428571427 0.1782994923857868 0.002142857142857143 0.008883248730964468
0 0.42678571428571427 0.16687817258883247 0.002142857142857143 0.008883248730964468
0 0.4432142857142857 0.17068527918781726 0.002142857142857143 0.008883248730964468
0 0.44607142857142856 0.15926395939086294 0.002142857142857143 0.008883248730964468
0 0.45107142857142857 0.17068527918781726 0.002142857142857143 0.008883248730964468
0 0.4417857142857143 0.1681472081218274 0.0035714285714285713 0.008883248730964468
0 0.4357142857142857 0.19098984771573604 0.0014285714285714286 0.008883248730964468
0 0.5992857142857143 0.32043147208121825 0.002857142857142857 0.011421319796954314
0 0.5575 0.3769035532994924 0.002142857142857143 0.01015228426395939
0 0.5439285714285714 0.38261421319796957 0.002142857142857143 0.011421319796954314
0 0.5603571428571429 0.3870558375634518 0.0035714285714285713 0.007614213197969543
0 0.5967857142857143 0.47715736040609136 0.0035714285714285713 0.012690355329949238
0 0.6010714285714286 0.475253807106599 0.002142857142857143 0.008883248730964468
0 0.6039285714285715 0.4784263959390863 0.002142857142857143 0.012690355329949238
0 0.5846428571428571 0.5044416243654822 0.002142857142857143 0.008883248730964468
0 0.5814285714285714 0.5031725888324873 0.002857142857142857 0.011421319796954314
0 0.5492857142857143 0.5456852791878173 0.002857142857142857 0.012690355329949238
0 0.5457142857142857 0.5463197969543148 0.002857142857142857 0.011421319796954314
0 0.5828571428571429 0.5964467005076142 0.002857142857142857 0.01015228426395939
0 0.5907142857142857 0.6998730964467005 0.004285714285714286 0.011421319796954314
0 0.5392857142857143 0.6605329949238579 0.002857142857142857 0.008883248730964468
0 0.5396428571428571 0.6516497461928934 0.002142857142857143 0.008883248730964468
0 0.4325 0.6947969543147208 0.0035714285714285713 0.008883248730964468
0 0.5242857142857142 0.8534263959390863 0.002857142857142857 0.008883248730964468
0 0.5828571428571429 0.8115482233502538 0.002857142857142857 0.008883248730964468
0 0.6696428571428571 0.9942893401015228 0.0035714285714285713 0.006345177664974619
0 0.6182142857142857 0.8902284263959391 0.002142857142857143 0.011421319796954314
0 0.6503571428571429 0.9073604060913706 0.005 0.01015228426395939
0 0.6103571428571428 0.7918781725888325 0.0035714285714285713 0.01015228426395939
0 0.6182142857142857 0.9073604060913706 0.0035714285714285713 0.01015228426395939
0 0.6221428571428571 0.9225888324873096 0.002857142857142857 0.01015228426395939
0 0.6214285714285714 0.9118020304568528 0.002857142857142857 0.006345177664974619
0 0.6964285714285714 0.8623096446700508 0.002857142857142857 0.011421319796954314
0 0.7042857142857143 0.7931472081218274 0.002857142857142857 0.007614213197969543
0 0.7025 0.799492385786802 0.0035714285714285713 0.01015228426395939
0 0.6896428571428571 0.7772842639593909 0.005 0.013959390862944163
0 0.6717857142857143 0.7772842639593909 0.0035714285714285713 0.011421319796954314
0 0.6867857142857143 0.7480964467005076 0.0035714285714285713 0.013959390862944163
0 0.6139285714285714 0.7696700507614214 0.0035714285714285713 0.011421319796954314
0 0.61 0.7696700507614214 0.002857142857142857 0.008883248730964468
0 0.6085714285714285 0.7601522842639594 0.002857142857142857 0.007614213197969543
0 0.6328571428571429 0.7328680203045685 0.002857142857142857 0.011421319796954314
0 0.6385714285714286 0.7036802030456852 0.0014285714285714286 0.008883248730964468
0 0.6510714285714285 0.6592639593908629 0.0035714285714285713 0.011421319796954314
0 0.6439285714285714 0.6649746192893401 0.0035714285714285713 0.007614213197969543
0 0.5935714285714285 0.75 0.002857142857142857 0.007614213197969543
0 0.64 0.7011421319796954 0.0014285714285714286 0.008883248730964468
0 0.6267857142857143 0.7030456852791879 0.0035714285714285713 0.007614213197969543
0 0.6478571428571429 0.6116751269035533 0.004285714285714286 0.01015228426395939
0 0.6217857142857143 0.6142131979695431 0.0035714285714285713 0.012690355329949238
0 0.6125 0.5983502538071066 0.0035714285714285713 0.008883248730964468
0 0.6082142857142857 0.6027918781725888 0.0035714285714285713 0.01015228426395939
0 0.6075 0.583756345177665 0.0035714285714285713 0.01015228426395939
0 0.6435714285714286 0.5532994923857868 0.004285714285714286 0.01015228426395939
0 0.6789285714285714 0.49619289340101524 0.0035714285714285713 0.012690355329949238
0 0.6835714285714286 0.5304568527918782 0.002857142857142857 0.012690355329949238
0 0.6796428571428571 0.5368020304568528 0.0035714285714285713 0.012690355329949238
0 0.6042857142857143 0.5786802030456852 0.002857142857142857 0.007614213197969543
0 0.62 0.5571065989847716 0.002857142857142857 0.01015228426395939
0 0.6710714285714285 0.5425126903553299 0.002142857142857143 0.008883248730964468
0 0.6717857142857143 0.5329949238578681 0.002142857142857143 0.007614213197969543
0 0.72 0.43147208121827413 0.002857142857142857 0.01015228426395939
0 0.695 0.45685279187817257 0.002857142857142857 0.01015228426395939
0 0.6985714285714286 0.4746192893401015 0.002857142857142857 0.012690355329949238
0 0.6953571428571429 0.4682741116751269 0.002142857142857143 0.01015228426395939
0 0.6753571428571429 0.47588832487309646 0.0035714285714285713 0.007614213197969543
0 0.6560714285714285 0.4612944162436548 0.002142857142857143 0.011421319796954314
0 0.6532142857142857 0.4606598984771574 0.002142857142857143 0.01015228426395939
0 0.6503571428571429 0.4651015228426396 0.002142857142857143 0.008883248730964468
0 0.6682142857142858 0.4403553299492386 0.002142857142857143 0.01015228426395939
0 0.6753571428571429 0.44543147208121825 0.002142857142857143 0.01015228426395939
0 0.7135714285714285 0.4860406091370558 0.002857142857142857 0.01015228426395939
0 0.7032142857142857 0.4619289340101523 0.0035714285714285713 0.012690355329949238
0 0.6942857142857143 0.5647208121827412 0.002857142857142857 0.01015228426395939
0 0.7257142857142858 0.48984771573604063 0.002857142857142857 0.01015228426395939
0 0.6471428571428571 0.4130710659898477 0.0014285714285714286 0.011421319796954314
0 0.6528571428571428 0.4067258883248731 0.002857142857142857 0.011421319796954314
0 0.6392857142857142 0.4200507614213198 0.002857142857142857 0.01015228426395939
0 0.6421428571428571 0.41878172588832485 0.002857142857142857 0.007614213197969543
0 0.6417857142857143 0.39213197969543145 0.0035714285714285713 0.012690355329949238
0 0.6392857142857142 0.3946700507614213 0.002857142857142857 0.01015228426395939
0 0.65 0.38451776649746194 0.002857142857142857 0.01015228426395939
0 0.655 0.37753807106598986 0.002857142857142857 0.011421319796954314
0 0.7014285714285714 0.3895939086294416 0.002857142857142857 0.007614213197969543
0 0.6489285714285714 0.4067258883248731 0.002142857142857143 0.008883248730964468
0 0.6278571428571429 0.3946700507614213 0.002857142857142857 0.01015228426395939
0 0.635 0.3426395939086294 0.002857142857142857 0.01015228426395939
0 0.6278571428571429 0.34454314720812185 0.0014285714285714286 0.008883248730964468
0 0.625 0.3369289340101523 0.002857142857142857 0.011421319796954314
0 0.6339285714285714 0.33375634517766495 0.002142857142857143 0.01015228426395939
0 0.6339285714285714 0.32614213197969544 0.002142857142857143 0.01015228426395939
0 0.625 0.32741116751269034 0.002857142857142857 0.01015228426395939
0 0.6692857142857143 0.2633248730964467 0.0014285714285714286 0.008883248730964468
0 0.6675 0.26776649746192893 0.002142857142857143 0.01015228426395939
0 0.6625 0.21192893401015228 0.002142857142857143 0.01015228426395939
0 0.6553571428571429 0.21256345177664976 0.002142857142857143 0.011421319796954314
0 0.6503571428571429 0.19923857868020303 0.002142857142857143 0.01015228426395939
0 0.6478571428571429 0.20050761421319796 0.002857142857142857 0.01015228426395939
0 0.6603571428571429 0.20748730964467005 0.002142857142857143 0.008883248730964468
0 0.6971428571428572 0.12626903553299493 0.002857142857142857 0.011421319796954314
0 0.6425 0.2049492385786802 0.002142857142857143 0.008883248730964468
0 0.6217857142857143 0.22461928934010153 0.0035714285714285713 0.007614213197969543
0 0.6178571428571429 0.22271573604060912 0.002857142857142857 0.008883248730964468
0 0.7410714285714286 0.2296954314720812 0.002142857142857143 0.01015228426395939
0 0.7375 0.23096446700507614 0.002142857142857143 0.01015228426395939
0 0.7378571428571429 0.32423857868020306 0.002857142857142857 0.013959390862944163
0 0.7446428571428572 0.33756345177664976 0.0035714285714285713 0.012690355329949238
0 0.8128571428571428 0.39276649746192893 0.002857142857142857 0.011421319796954314
0 0.8171428571428572 0.37246192893401014 0.0014285714285714286 0.008883248730964468
0 0.8207142857142857 0.38071065989847713 0.002857142857142857 0.01015228426395939
0 0.8164285714285714 0.3813451776649746 0.002857142857142857 0.008883248730964468
0 0.8385714285714285 0.4536802030456853 0.004285714285714286 0.013959390862944163
0 0.8328571428571429 0.4606598984771574 0.004285714285714286 0.012690355329949238
0 0.7553571428571428 0.4682741116751269 0.005 0.012690355329949238
0 0.7389285714285714 0.4784263959390863 0.005 0.01015228426395939
0 0.7492857142857143 0.4784263959390863 0.004285714285714286 0.01015228426395939
0 0.8367857142857142 0.4873096446700508 0.0035714285714285713 0.007614213197969543
0 0.8392857142857143 0.633248730964467 0.002857142857142857 0.01015228426395939
0 0.8446428571428571 0.6300761421319797 0.0064285714285714285 0.013959390862944163
0 0.8364285714285714 0.6288071065989848 0.002857142857142857 0.013959390862944163
0 0.8364285714285714 0.6243654822335025 0.004285714285714286 0.012690355329949238
0 0.7789285714285714 0.7182741116751269 0.005 0.015228426395939087
0 0.7657142857142857 0.7639593908629442 0.002857142857142857 0.01015228426395939
0 0.77 0.7633248730964467 0.004285714285714286 0.008883248730964468
0 0.8546428571428571 0.7519035532994924 0.0035714285714285713 0.008883248730964468
0 0.8592857142857143 0.7550761421319797 0.002857142857142857 0.012690355329949238
0 0.845 0.7709390862944162 0.004285714285714286 0.013959390862944163
0 0.8396428571428571 0.7810913705583756 0.0035714285714285713 0.01649746192893401
0 0.8346428571428571 0.7753807106598984 0.005 0.012690355329949238
0 0.8332142857142857 0.8052030456852792 0.0064285714285714285 0.011421319796954314
0 0.8428571428571429 0.815989847715736 0.004285714285714286 0.012690355329949238
0 0.8357142857142857 0.8274111675126904 0.008571428571428572 0.01015228426395939
0 0.8257142857142857 0.8692893401015228 0.005714285714285714 0.012690355329949238
0 0.8021428571428572 0.9232233502538071 0.004285714285714286 0.011421319796954314
0 0.8810714285714286 0.8756345177664975 0.0064285714285714285 0.007614213197969543
0 0.8814285714285715 0.883248730964467 0.004285714285714286 0.007614213197969543
0 0.945 0.7271573604060914 0.005714285714285714 0.012690355329949238
0 0.9496428571428571 0.7239847715736041 0.0035714285714285713 0.008883248730964468
0 0.9303571428571429 0.6846446700507615 0.0035714285714285713 0.011421319796954314
0 0.9271428571428572 0.6846446700507615 0.004285714285714286 0.011421319796954314
0 0.885 0.574238578680203 0.004285714285714286 0.011421319796954314
0 0.8778571428571429 0.5736040609137056 0.004285714285714286 0.012690355329949238
0 0.8717857142857143 0.565989847715736 0.0035714285714285713 0.012690355329949238
0 0.8839285714285714 0.5596446700507615 0.0035714285714285713 0.01015228426395939
0 0.8592857142857143 0.5222081218274112 0.004285714285714286 0.013959390862944163
0 0.9903571428571428 0.350253807106599 0.0035714285714285713 0.015228426395939087
0 0.9942857142857143 0.3483502538071066 0.002857142857142857 0.011421319796954314
0 0.9825 0.3432741116751269 0.0035714285714285713 0.013959390862944163
0 0.9867857142857143 0.34073604060913704 0.0035714285714285713 0.013959390862944163