0 0.20142857142857143 0.5114285714285715 0.017142857142857144 0.030476190476190476
0 0.21607142857142858 0.5223809523809524 0.015 0.023809523809523808
0 0.3510714285714286 0.5119047619047619 0.0064285714285714285 0.018095238095238095
0 0.35 0.5295238095238095 0.007142857142857143 0.02095238095238095
0 0.3525 0.5628571428571428 0.005 0.02095238095238095
0 0.3464285714285714 0.7252380952380952 0.008571428571428572 0.02
0 0.3382142857142857 0.7214285714285714 0.009285714285714286 0.018095238095238095
0 0.3485714285714286 0.7619047619047619 0.01 0.01904761904761905
0 0.3607142857142857 0.7790476190476191 0.012857142857142857 0.013333333333333334
0 0.3439285714285714 0.2985714285714286 0.007857142857142858 0.018095238095238095
0 0.33464285714285713 0.3357142857142857 0.0064285714285714285 0.018095238095238095
0 0.3367857142857143 0.37714285714285717 0.007857142857142858 0.02095238095238095
0 0.31285714285714283 0.5423809523809524 0.007142857142857143 0.010476190476190476