0 0.9921316165951359 0.5438931297709924 0.012875536480686695 0.030534351145038167
0 0.8147353361945636 0.4484732824427481 0.012875536480686695 0.03816793893129771
0 0.82689556509299 0.5729961832061069 0.012875536480686695 0.02385496183206107
0 0.11337625178826896 0.1946564885496183 0.01072961373390558 0.026717557251908396
0 0.008226037195994278 0.19704198473282442 0.009298998569384835 0.025763358778625955
0 0.13340486409155938 0.8554389312977099 0.029327610872675252 0.046755725190839696
0 0.0661659513590844 0.9122137404580153 0.032188841201716736 0.03625954198473282
0 0.21530758226037197 0.9270038167938931 0.024320457796852647 0.046755725190839696
0 0.39413447782546496 0.41603053435114506 0.011444921316165951 0.04007633587786259
0 0.4356223175965665 0.3683206106870229 0.01430615164520744 0.026717557251908396
0 0.34120171673819744 0.8334923664122137 0.020028612303290415 0.033396946564885496
0 0.33583690987124465 0.8115458015267175 0.0178826895565093 0.03721374045801527
0 0.90379113018598 0.32872137404580154 0.012160228898426323 0.029580152671755726
0 0.26502145922746784 0.1760496183206107 0.01072961373390558 0.02385496183206107
0 0.25357653791130186 0.14456106870229007 0.006437768240343348 0.01431297709923664
0 0.26430615164520743 0.2056297709923664 0.009298998569384835 0.020038167938931296
0 0.4688841201716738 0.4327290076335878 0.009298998569384835 0.033396946564885496
0 0.7135193133047211 0.12022900763358779 0.005007153075822604 0.01717557251908397
0 0.5418454935622318 0.3654580152671756 0.012160228898426323 0.019083969465648856
0 0.928826895565093 0.08158396946564886 0.005007153075822604 0.01431297709923664