0 0.5275 0.5880952380952381 0.013571428571428571 0.018095238095238095
0 0.20714285714285716 0.5695238095238095 0.017142857142857144 0.02095238095238095
0 0.30214285714285716 0.4661904761904762 0.015714285714285715 0.025714285714285714
0 0.32821428571428574 0.4723809523809524 0.010714285714285714 0.01904761904761905
0 0.3417857142857143 0.48142857142857143 0.012142857142857143 0.023809523809523808
0 0.3757142857142857 0.5190476190476191 0.014285714285714285 0.02095238095238095
0 0.3607142857142857 0.47523809523809524 0.012857142857142857 0.02095238095238095
0 0.37392857142857144 0.47904761904761906 0.010714285714285714 0.024761904761904763
0 0.43107142857142855 0.4533333333333333 0.010714285714285714 0.02666666666666667
0 0.44535714285714284 0.44857142857142857 0.015 0.02095238095238095
0 0.4432142857142857 0.4895238095238095 0.010714285714285714 0.022857142857142857
0 0.46285714285714286 0.5114285714285715 0.012857142857142857 0.024761904761904763
0 0.4835714285714286 0.5171428571428571 0.008571428571428572 0.01904761904761905
0 0.4689285714285714 0.47714285714285715 0.012142857142857143 0.024761904761904763
0 0.4807142857142857 0.49523809523809526 0.015714285714285715 0.02095238095238095
0 0.7953571428571429 0.4514285714285714 0.019285714285714285 0.01904761904761905
0 0.8642857142857143 0.45380952380952383 0.02 0.018095238095238095
0 0.009642857142857142 0.21904761904761905 0.019285714285714285 0.02666666666666667