0 0.5460714285714285 0.4473350253807107 0.0064285714285714285 0.021573604060913704
0 0.44285714285714284 0.23857868020304568 0.004285714285714286 0.012690355329949238
0 0.46714285714285714 0.2899746192893401 0.002857142857142857 0.01649746192893401
0 0.4689285714285714 0.2893401015228426 0.0035714285714285713 0.015228426395939087
0 0.41035714285714286 0.18908629441624367 0.0035714285714285713 0.012690355329949238
0 0.01107142857142857 0.4619289340101523 0.005 0.02030456852791878
0 0.006071428571428571 0.4631979695431472 0.0035714285714285713 0.02030456852791878
0 0.08071428571428571 0.33946700507614214 0.005714285714285714 0.01649746192893401
0 0.09392857142857143 0.3604060913705584 0.0035714285714285713 0.015228426395939087
0 0.0975 0.3610406091370558 0.0035714285714285713 0.01649746192893401
0 0.09892857142857144 0.34390862944162437 0.005 0.017766497461928935
0 0.08535714285714285 0.33375634517766495 0.0064285714285714285 0.017766497461928935
0 0.08857142857142856 0.3280456852791878 0.005714285714285714 0.01649746192893401
0 0.10535714285714286 0.3464467005076142 0.0035714285714285713 0.012690355329949238
0 0.11642857142857142 0.31725888324873097 0.004285714285714286 0.017766497461928935
0 0.11857142857142858 0.3369289340101523 0.004285714285714286 0.01649746192893401
0 0.14714285714285713 0.2633248730964467 0.004285714285714286 0.013959390862944163
0 0.15892857142857142 0.25253807106598986 0.0035714285714285713 0.01015228426395939
0 0.21571428571428572 0.16116751269035534 0.002857142857142857 0.01015228426395939
0 0.205 0.1751269035532995 0.002857142857142857 0.01015228426395939
0 0.19357142857142856 0.1814720812182741 0.002857142857142857 0.01015228426395939
0 0.2 0.17449238578680204 0.002857142857142857 0.008883248730964468
0 0.17357142857142857 0.2315989847715736 0.004285714285714286 0.011421319796954314