0 0.10142857142857142 0.580952380952381 0.002857142857142857 0.007619047619047619
0 0.08071428571428571 0.5966666666666667 0.002857142857142857 0.008571428571428572
0 0.7675 0.8523809523809524 0.0035714285714285713 0.011428571428571429
0 0.7285714285714285 0.9080952380952381 0.002857142857142857 0.008571428571428572
0 0.7325 0.9085714285714286 0.0035714285714285713 0.011428571428571429
0 0.7389285714285714 0.9076190476190477 0.002142857142857143 0.007619047619047619
0 0.745 0.9161904761904762 0.002857142857142857 0.009523809523809525
0 0.7396428571428572 0.9171428571428571 0.002142857142857143 0.009523809523809525
0 0.7421428571428571 0.9180952380952381 0.002857142857142857 0.007619047619047619
0 0.7103571428571429 0.9023809523809524 0.002142857142857143 0.006666666666666667
0 0.8103571428571429 0.8376190476190476 0.0035714285714285713 0.010476190476190476
0 0.8057142857142857 0.9223809523809524 0.002857142857142857 0.008571428571428572
0 0.8135714285714286 0.9366666666666666 0.002857142857142857 0.008571428571428572
0 0.8067857142857143 0.93 0.002142857142857143 0.006666666666666667
0 0.8307142857142857 0.8838095238095238 0.002857142857142857 0.009523809523809525
0 0.8346428571428571 0.8838095238095238 0.002142857142857143 0.009523809523809525
0 0.8078571428571428 0.8771428571428571 0.002857142857142857 0.007619047619047619
0 0.8510714285714286 0.830952380952381 0.0035714285714285713 0.008571428571428572
0 0.8575 0.83 0.002142857142857143 0.006666666666666667
0 0.8603571428571428 0.8319047619047619 0.002142857142857143 0.008571428571428572
0 0.7332142857142857 0.9838095238095238 0.005 0.007619047619047619
0 0.7685714285714286 0.9923809523809524 0.002857142857142857 0.011428571428571429
0 0.7617857142857143 0.991904761904762 0.0035714285714285713 0.010476190476190476
0 0.7414285714285714 0.9861904761904762 0.002857142857142857 0.010476190476190476
0 0.7496428571428572 0.99 0.002142857142857143 0.008571428571428572
0 0.7464285714285714 0.9914285714285714 0.002857142857142857 0.005714285714285714
0 0.7203571428571428 0.6166666666666667 0.002142857142857143 0.006666666666666667
0 0.6946428571428571 0.8695238095238095 0.002142857142857143 0.007619047619047619
0 0.8175 0.789047619047619 0.002142857142857143 0.008571428571428572
0 0.8071428571428572 0.7914285714285715 0.002857142857142857 0.005714285714285714
0 0.7757142857142857 0.7557142857142857 0.002857142857142857 0.008571428571428572
0 0.7728571428571429 0.7557142857142857 0.0014285714285714286 0.006666666666666667
0 0.7710714285714285 0.7547619047619047 0.002142857142857143 0.004761904761904762
0 0.7735714285714286 0.7366666666666667 0.0014285714285714286 0.006666666666666667
0 0.7942857142857143 0.7866666666666666 0.002857142857142857 0.009523809523809525
0 0.8446428571428571 0.74 0.002142857142857143 0.007619047619047619
0 0.8053571428571429 0.699047619047619 0.002142857142857143 0.005714285714285714
0 0.77 0.6957142857142857 0.002857142857142857 0.008571428571428572
0 0.7882142857142858 0.7028571428571428 0.002142857142857143 0.005714285714285714
0 0.7707142857142857 0.69 0.0014285714285714286 0.006666666666666667
0 0.8367857142857142 0.6533333333333333 0.002142857142857143 0.005714285714285714
0 0.765 0.6333333333333333 0.0014285714285714286 0.005714285714285714
0 0.7625 0.6338095238095238 0.002142857142857143 0.004761904761904762
0 0.8503571428571428 0.6628571428571428 0.002142857142857143 0.009523809523809525
0 0.8746428571428572 0.6052380952380952 0.002142857142857143 0.006666666666666667
0 0.8539285714285715 0.6376190476190476 0.002142857142857143 0.006666666666666667
0 0.8653571428571428 0.6347619047619047 0.002142857142857143 0.006666666666666667
0 0.8475 0.6347619047619047 0.002142857142857143 0.006666666666666667
0 0.8517857142857143 0.6366666666666667 0.002142857142857143 0.006666666666666667
0 0.845 0.6376190476190476 0.002857142857142857 0.004761904761904762
0 0.8439285714285715 0.6357142857142857 0.002142857142857143 0.006666666666666667
0 0.8503571428571428 0.7238095238095238 0.002142857142857143 0.007619047619047619