0 0.42964285714285716 0.849047619047619 0.005 0.01619047619047619
0 0.43392857142857144 0.06 0.002142857142857143 0.005714285714285714
0 0.4685714285714286 0.007142857142857143 0.0014285714285714286 0.006666666666666667
0 0.6089285714285714 0.24761904761904763 0.002142857142857143 0.011428571428571429
0 0.605 0.24714285714285714 0.002857142857142857 0.006666666666666667
0 0.5989285714285715 0.24761904761904763 0.002142857142857143 0.005714285714285714
0 0.5964285714285714 0.24714285714285714 0.0014285714285714286 0.008571428571428572
0 0.6121428571428571 0.2661904761904762 0.0014285714285714286 0.008571428571428572
0 0.615 0.2671428571428571 0.0014285714285714286 0.006666666666666667
0 0.54 0.040952380952380955 0.0014285714285714286 0.005714285714285714
0 0.5375 0.041428571428571426 0.002142857142857143 0.004761904761904762
0 0.5875 0.18285714285714286 0.002142857142857143 0.005714285714285714
0 0.6996428571428571 0.5476190476190477 0.0035714285714285713 0.015238095238095238
0 0.7071428571428572 0.5561904761904762 0.004285714285714286 0.02095238095238095
0 0.6325 0.2723809523809524 0.002142857142857143 0.005714285714285714