0 0.4967857142857143 0.5380952380952381 0.002142857142857143 0.005714285714285714
0 0.48892857142857143 0.5519047619047619 0.002142857142857143 0.010476190476190476
0 0.5535714285714286 0.5419047619047619 0.0014285714285714286 0.007619047619047619
0 0.5539285714285714 0.5495238095238095 0.002142857142857143 0.007619047619047619
0 0.5421428571428571 0.5685714285714286 0.002857142857142857 0.013333333333333334
0 0.5460714285714285 0.560952380952381 0.002142857142857143 0.011428571428571429
0 0.5753571428571429 0.5680952380952381 0.0035714285714285713 0.012380952380952381
0 0.6957142857142857 0.6223809523809524 0.005714285714285714 0.021904761904761906
0 0.695 0.6166666666666667 0.005714285714285714 0.02
0 0.41964285714285715 0.6838095238095238 0.0064285714285714285 0.03238095238095238
0 0.40785714285714286 0.6842857142857143 0.007142857142857143 0.03142857142857143
0 0.2953571428571429 0.6680952380952381 0.0064285714285714285 0.025714285714285714
0 0.21428571428571427 0.6414285714285715 0.007142857142857143 0.023809523809523808
0 0.19857142857142857 0.7 0.007142857142857143 0.02857142857142857
0 0.19428571428571428 0.699047619047619 0.005714285714285714 0.030476190476190476
0 0.10464285714285715 0.6666666666666666 0.007857142857142858 0.022857142857142857
0 0.10535714285714286 0.6661904761904762 0.007857142857142858 0.023809523809523808
0 0.04535714285714286 0.7733333333333333 0.016428571428571428 0.047619047619047616