0 0.49125 0.8733333333333333 0.0275 0.07333333333333333
0 0.3965 0.7633333333333333 0.027 0.076
0 0.44575 0.7926666666666666 0.0255 0.06666666666666667
0 0.54475 0.6203333333333333 0.0215 0.042
0 0.4915 0.547 0.018 0.059333333333333335
0 0.50725 0.5476666666666666 0.0135 0.059333333333333335
0 0.519 0.42533333333333334 0.012 0.036
0 0.45775 0.38333333333333336 0.0105 0.024
0 0.49075 0.32233333333333336 0.0105 0.03266666666666666
0 0.5075 0.289 0.009 0.026
0 0.5425 0.3 0.009 0.02266666666666667
0 0.54375 0.30633333333333335 0.0085 0.020666666666666667
0 0.5435 0.26666666666666666 0.007 0.02
0 0.59225 0.34 0.0145 0.032
0 0.47325 0.25866666666666666 0.0065 0.02666666666666667
0 0.47125 0.22633333333333333 0.0075 0.015333333333333332
0 0.48125 0.21466666666666667 0.0045 0.014666666666666666
0 0.589 0.2763333333333333 0.007 0.028666666666666667
0 0.558 0.245 0.004 0.03
0 0.5555 0.244 0.005 0.02266666666666667
0 0.53575 0.21033333333333334 0.0065 0.014
0 0.5355 0.21566666666666667 0.004 0.015333333333333332
0 0.5365 0.189 0.005 0.016666666666666666
0 0.5375 0.19333333333333333 0.004 0.009333333333333334
0 0.4995 0.17866666666666667 0.005 0.018666666666666668
0 0.531 0.15666666666666668 0.004 0.016
0 0.5395 0.15666666666666668 0.004 0.017333333333333333
0 0.54525 0.15866666666666668 0.0045 0.016
0 0.49225 0.161 0.0075 0.015333333333333332
0 0.5195 0.147 0.004 0.01
0 0.529 0.149 0.004 0.012666666666666666
0 0.495 0.12033333333333333 0.004 0.011333333333333334
0 0.44675 0.18966666666666668 0.0055 0.023333333333333334
0 0.43825 0.191 0.0035 0.022
0 0.44125 0.188 0.0025 0.02
0 0.5285 0.12766666666666668 0.004 0.014
0 0.53425 0.128 0.0035 0.014666666666666666
0 0.55625 0.183 0.0055 0.01