0 0.4953571428571429 0.6409523809523809 0.0064285714285714285 0.02666666666666667
0 0.5239285714285714 0.7442857142857143 0.007857142857142858 0.029523809523809525
0 0.4992857142857143 0.5971428571428572 0.007142857142857143 0.024761904761904763
0 0.435 0.5480952380952381 0.007142857142857143 0.029523809523809525
0 0.5178571428571429 0.9871428571428571 0.018571428571428572 0.025714285714285714
0 0.31892857142857145 0.43857142857142856 0.007857142857142858 0.025714285714285714
0 0.3782142857142857 0.42428571428571427 0.0064285714285714285 0.02
0 0.5682142857142857 0.4452380952380952 0.005 0.018095238095238095
0 0.5425 0.41095238095238096 0.0064285714285714285 0.01619047619047619
0 0.3792857142857143 0.3780952380952381 0.005714285714285714 0.015238095238095238
0 0.32607142857142857 0.3780952380952381 0.007857142857142858 0.015238095238095238
0 0.3842857142857143 0.2966666666666667 0.002857142857142857 0.010476190476190476
0 0.26785714285714285 0.35714285714285715 0.002857142857142857 0.015238095238095238
0 0.2739285714285714 0.3547619047619048 0.005 0.018095238095238095
0 0.19785714285714287 0.3576190476190476 0.004285714285714286 0.018095238095238095
0 0.13642857142857143 0.37857142857142856 0.004285714285714286 0.014285714285714285
0 0.14107142857142857 0.37761904761904763 0.005 0.014285714285714285
0 0.24785714285714286 0.40904761904761905 0.008571428571428572 0.018095238095238095
0 0.4442857142857143 0.2938095238095238 0.002857142857142857 0.010476190476190476
0 0.45 0.29285714285714287 0.002857142857142857 0.012380952380952381
0 0.485 0.2947619047619048 0.005714285714285714 0.01619047619047619
0 0.04321428571428571 0.789047619047619 0.017857142857142856 0.039047619047619046