0 0.562 0.5593333333333333 0.013 0.03333333333333333
0 0.554 0.5903333333333334 0.017 0.04733333333333333
0 0.409 0.569 0.012 0.04466666666666667
0 0.115 0.629 0.022 0.048666666666666664
0 0.31075 0.509 0.0115 0.03933333333333333
0 0.35075 0.52 0.0145 0.03333333333333333
0 0.33975 0.513 0.0115 0.028666666666666667
0 0.362 0.4196666666666667 0.006 0.03
0 0.592 0.4066666666666667 0.006 0.02
0 0.56775 0.29433333333333334 0.0025 0.007333333333333333
0 0.57025 0.2936666666666667 0.0025 0.01
0 0.573 0.293 0.003 0.012666666666666666
0 0.62425 0.265 0.0025 0.008666666666666666
0 0.59675 0.2633333333333333 0.0025 0.009333333333333334
0 0.599 0.2683333333333333 0.002 0.008666666666666666