0 0.16214285714285714 0.4118020304568528 0.0014285714285714286 0.008883248730964468
0 0.16785714285714284 0.5425126903553299 0.002857142857142857 0.008883248730964468
0 0.1707142857142857 0.5418781725888325 0.002857142857142857 0.01015228426395939
0 0.17214285714285715 0.5399746192893401 0.002857142857142857 0.008883248730964468
0 0.16535714285714287 0.5444162436548223 0.002142857142857143 0.01015228426395939
0 0.06928571428571428 0.6065989847715736 0.002857142857142857 0.01015228426395939
0 0.4060714285714286 0.8895939086294417 0.0035714285714285713 0.02030456852791878
0 0.3792857142857143 0.9111675126903553 0.004285714285714286 0.017766497461928935
0 0.4328571428571429 0.8464467005076142 0.002857142857142857 0.015228426395939087
0 0.4496428571428571 0.8274111675126904 0.002142857142857143 0.01015228426395939
0 0.4685714285714286 0.8102791878172588 0.002857142857142857 0.011421319796954314
0 0.455 0.8274111675126904 0.002857142857142857 0.01015228426395939
0 0.45535714285714285 0.8197969543147208 0.0035714285714285713 0.01015228426395939
0 0.4317857142857143 0.7848984771573604 0.005 0.008883248730964468
0 0.57 0.9644670050761421 0.004285714285714286 0.012690355329949238
0 0.9457142857142857 0.3020304568527919 0.0014285714285714286 0.01015228426395939
0 0.9382142857142857 0.30774111675126903 0.002142857142857143 0.006345177664974619
0 0.9360714285714286 0.3083756345177665 0.002142857142857143 0.005076142131979695
0 0.9296428571428571 0.3210659898477157 0.002142857142857143 0.005076142131979695
0 0.9346428571428571 0.3413705583756345 0.002142857142857143 0.007614213197969543