0 0.2592857142857143 0.006979695431472081 0.002857142857142857 0.013959390862944163
0 0.39714285714285713 0.05710659898477157 0.002857142857142857 0.012690355329949238
0 0.4542857142857143 0.1034263959390863 0.002857142857142857 0.01649746192893401
0 0.44642857142857145 0.09263959390862944 0.002857142857142857 0.012690355329949238
0 0.44285714285714284 0.09708121827411167 0.0014285714285714286 0.011421319796954314
0 0.4982142857142857 0.11611675126903553 0.0035714285714285713 0.01649746192893401
0 0.4860714285714286 0.17385786802030456 0.0035714285714285713 0.01015228426395939
0 0.49607142857142855 0.8921319796954315 0.007857142857142858 0.02030456852791878
0 0.3896428571428571 0.9828680203045685 0.005 0.021573604060913704
0 0.0175 0.6630710659898477 0.005 0.01903553299492386
0 0.6917857142857143 0.758248730964467 0.005 0.0266497461928934
0 0.7360714285714286 0.7277918781725888 0.0035714285714285713 0.024111675126903553
0 0.615 0.7563451776649747 0.005714285714285714 0.025380710659898477
0 0.4017857142857143 0.8934010152284264 0.005 0.017766497461928935
0 0.6407142857142857 0.6897208121827412 0.005714285714285714 0.021573604060913704
0 0.7810714285714285 0.5488578680203046 0.005 0.021573604060913704
0 0.7585714285714286 0.5374365482233503 0.002857142857142857 0.01903553299492386
0 0.7521428571428571 0.5323604060913706 0.004285714285714286 0.021573604060913704
0 0.7707142857142857 0.5260152284263959 0.002857142857142857 0.01649746192893401
0 0.7642857142857142 0.5222081218274112 0.004285714285714286 0.01649746192893401
0 0.7557142857142857 0.5171319796954315 0.002857142857142857 0.01649746192893401
0 0.7596428571428572 0.5184010152284264 0.0035714285714285713 0.01903553299492386
0 0.7242857142857143 0.5152284263959391 0.005714285714285714 0.017766497461928935
0 0.7335714285714285 0.5006345177664975 0.004285714285714286 0.011421319796954314
0 0.7282142857142857 0.5 0.002142857142857143 0.012690355329949238
0 0.7235714285714285 0.49682741116751267 0.004285714285714286 0.011421319796954314
0 0.7178571428571429 0.5095177664974619 0.005714285714285714 0.01649746192893401
0 0.7128571428571429 0.5063451776649747 0.004285714285714286 0.015228426395939087
0 0.71 0.49048223350253806 0.004285714285714286 0.013959390862944163
0 0.7007142857142857 0.49746192893401014 0.002857142857142857 0.012690355329949238
0 0.6921428571428572 0.4936548223350254 0.005714285714285714 0.015228426395939087
0 0.6871428571428572 0.49111675126903553 0.004285714285714286 0.015228426395939087
0 0.6842857142857143 0.47588832487309646 0.002857142857142857 0.01015228426395939
0 0.6925 0.4784263959390863 0.002142857142857143 0.01015228426395939
0 0.6589285714285714 0.4543147208121827 0.0035714285714285713 0.015228426395939087
0 0.6721428571428572 0.4803299492385787 0.005714285714285714 0.01649746192893401
0 0.6771428571428572 0.4854060913705584 0.004285714285714286 0.01649746192893401
0 0.6667857142857143 0.44225888324873097 0.0064285714285714285 0.013959390862944163
0 0.8307142857142857 0.9359137055837563 0.008571428571428572 0.021573604060913704
0 0.8378571428571429 0.9302030456852792 0.004285714285714286 0.01015228426395939
0 0.8528571428571429 0.9352791878172588 0.007142857142857143 0.02030456852791878
0 0.8439285714285715 0.9175126903553299 0.0064285714285714285 0.017766497461928935
0 0.8232142857142857 0.9060913705583756 0.007857142857142858 0.017766497461928935
0 0.8296428571428571 0.9194162436548223 0.0064285714285714285 0.01649746192893401
0 0.8517857142857143 0.9175126903553299 0.0064285714285714285 0.02030456852791878
0 0.8253571428571429 0.7195431472081218 0.007857142857142858 0.025380710659898477