0 0.4228571428571429 0.39213197969543145 0.011428571428571429 0.027918781725888325
0 0.3892857142857143 0.350253807106599 0.008571428571428572 0.03299492385786802
0 0.38285714285714284 0.3489847715736041 0.008571428571428572 0.03299492385786802
0 0.4825 0.16434010152284265 0.0064285714285714285 0.01903553299492386
0 0.48214285714285715 0.15545685279187818 0.007142857142857143 0.01903553299492386
0 0.44821428571428573 0.5463197969543148 0.009285714285714286 0.02918781725888325
0 0.4707142857142857 0.6802030456852792 0.008571428571428572 0.02030456852791878
0 0.3725 0.6833756345177665 0.007857142857142858 0.031725888324873094
0 0.5514285714285714 0.6643401015228426 0.007142857142857143 0.031725888324873094
0 0.5564285714285714 0.6548223350253807 0.005714285714285714 0.025380710659898477
0 0.7303571428571428 0.060279187817258884 0.005 0.02918781725888325