0 0.09733820459290188 0.49443413729128016 0.015135699373695199 0.03153988868274583
0 0.06993736951983298 0.6108534322820037 0.016701461377870562 0.036178107606679034
0 0.12552192066805845 0.6841372912801484 0.01722338204592902 0.03432282003710575
0 0.042014613778705634 0.8399814471243042 0.02244258872651357 0.032467532467532464
0 0.3288100208768267 0.7713358070500927 0.013569937369519834 0.026901669758812616
0 0.505741127348643 0.7801484230055659 0.012526096033402923 0.03525046382189239
0 0.5156576200417536 0.7847866419294991 0.009394572025052192 0.03339517625231911
0 0.7909707724425887 0.7323747680890538 0.016179540709812108 0.036178107606679034
0 0.6591858037578288 0.7360853432282004 0.010438413361169102 0.03432282003710575
0 0.5493215031315241 0.6799628942486086 0.014091858037578288 0.03153988868274583
0 0.5399269311064718 0.575139146567718 0.008872651356993737 0.022263450834879406
0 0.5065240083507306 0.5941558441558441 0.009916492693110648 0.026901669758812616
0 0.4835594989561587 0.5960111317254174 0.008872651356993737 0.02504638218923933
0 0.5401878914405011 0.5500927643784786 0.008350730688935281 0.03153988868274583
0 0.5331419624217119 0.5477736549165121 0.009916492693110648 0.030612244897959183
0 0.5018267223382046 0.019944341372912802 0.007828810020876827 0.013914656771799629
0 0.519572025052192 0.07328385899814471 0.005741127348643006 0.01855287569573284
0 0.6936325678496869 0.4962894248608534 0.012526096033402923 0.03339517625231911