0 0.020714285714285713 0.21714285714285714 0.01 0.03428571428571429
0 0.11321428571428571 0.16904761904761906 0.013571428571428571 0.029523809523809525
0 0.17857142857142858 0.14095238095238094 0.01 0.022857142857142857
0 0.18571428571428572 0.14142857142857143 0.008571428571428572 0.025714285714285714
0 0.5157142857142857 0.10857142857142857 0.005714285714285714 0.01904761904761905
0 0.4446428571428571 0.2680952380952381 0.009285714285714286 0.029523809523809525
0 0.4407142857142857 0.3028571428571429 0.01 0.03238095238095238
0 0.555 0.30142857142857143 0.01 0.021904761904761906
0 0.5521428571428572 0.2857142857142857 0.01 0.02666666666666667
0 0.5328571428571428 0.23333333333333334 0.007142857142857143 0.01904761904761905
0 0.5253571428571429 0.10952380952380952 0.0064285714285714285 0.017142857142857144
0 0.6021428571428571 0.26571428571428574 0.01 0.03428571428571429
0 0.5782142857142857 0.12095238095238095 0.005 0.013333333333333334
0 0.5828571428571429 0.12285714285714286 0.004285714285714286 0.011428571428571429
0 0.6289285714285714 0.15142857142857144 0.007857142857142858 0.01904761904761905
0 0.5903571428571428 0.15428571428571428 0.005 0.02095238095238095
0 0.6117857142857143 0.5138095238095238 0.017857142857142856 0.04857142857142857
0 0.49392857142857144 0.15 0.009285714285714286 0.021904761904761906
0 0.02892857142857143 0.2219047619047619 0.013571428571428571 0.03238095238095238