0 0.18714285714285714 0.18527918781725888 0.008571428571428572 0.012690355329949238
0 0.18392857142857144 0.1865482233502538 0.007857142857142858 0.012690355329949238
0 0.1682142857142857 0.13705583756345177 0.0064285714285714285 0.01015228426395939
0 0.16428571428571428 0.12944162436548223 0.005714285714285714 0.01015228426395939
0 0.22428571428571428 0.2817258883248731 0.004285714285714286 0.012690355329949238
0 0.22178571428571428 0.28426395939086296 0.0064285714285714285 0.012690355329949238
0 0.21928571428571428 0.28553299492385786 0.007142857142857143 0.01015228426395939
0 0.21357142857142858 0.22779187817258884 0.007142857142857143 0.011421319796954314
0 0.3942857142857143 0.7956852791878173 0.005714285714285714 0.01015228426395939
0 0.5503571428571429 0.5558375634517766 0.0035714285714285713 0.017766497461928935
0 0.38 0.9644670050761421 0.005714285714285714 0.012690355329949238