0 0.4307142857142857 0.9866666666666667 0.007142857142857143 0.009523809523809525
0 0.4392857142857143 0.9361904761904762 0.007142857142857143 0.007619047619047619
0 0.44571428571428573 0.9376190476190476 0.005714285714285714 0.008571428571428572
0 0.4492857142857143 0.9442857142857143 0.005714285714285714 0.008571428571428572
0 0.45 0.6442857142857142 0.007142857142857143 0.012380952380952381
0 0.4607142857142857 0.6528571428571428 0.007142857142857143 0.008571428571428572
0 0.49642857142857144 0.2914285714285714 0.007142857142857143 0.013333333333333334
0 0.5060714285714286 0.2733333333333333 0.0064285714285714285 0.013333333333333334
0 0.5010714285714286 0.2523809523809524 0.005 0.015238095238095238
0 0.5010714285714286 0.24285714285714285 0.0064285714285714285 0.013333333333333334
0 0.5185714285714286 0.20809523809523808 0.008571428571428572 0.02
0 0.5039285714285714 0.16333333333333333 0.0064285714285714285 0.021904761904761906
0 0.5267857142857143 0.1676190476190476 0.009285714285714286 0.015238095238095238
0 0.5575 0.02 0.0064285714285714285 0.017142857142857144