0 0.05219206680584551 0.9420222634508348 0.008350730688935281 0.030612244897959183
0 0.042014613778705634 0.9369202226345084 0.006784968684759917 0.027829313543599257
0 0.032359081419624215 0.9605751391465677 0.010438413361169102 0.017625231910946195
0 0.3366388308977035 0.9243970315398887 0.008350730688935281 0.032467532467532464
0 0.45772442588726514 0.800556586270872 0.008350730688935281 0.025974025974025976
0 0.3817849686847599 0.24675324675324675 0.004697286012526096 0.012987012987012988
0 0.4525052192066806 0.0575139146567718 0.0041753653444676405 0.012987012987012988
0 0.5328810020876826 0.274582560296846 0.0041753653444676405 0.014842300556586271
0 0.5777661795407099 0.32142857142857145 0.005219206680584551 0.021335807050092765
0 0.7137265135699373 0.5510204081632653 0.008872651356993737 0.01855287569573284
0 0.7742693110647182 0.6776437847866419 0.008872651356993737 0.023191094619666047
0 0.6847599164926931 0.37337662337662336 0.006263048016701462 0.021335807050092765
0 0.9817327766179541 0.725417439703154 0.011482254697286013 0.03153988868274583
0 0.48930062630480164 0.007884972170686457 0.0036534446764091857 0.013914656771799629