0 0.15 0.02238095238095238 0.011428571428571429 0.029523809523809525
0 0.20892857142857144 0.14952380952380953 0.012142857142857143 0.04
0 0.21678571428571428 0.1538095238095238 0.015 0.039047619047619046
0 0.22285714285714286 0.13952380952380952 0.011428571428571429 0.03333333333333333
0 0.22214285714285714 0.1295238095238095 0.007142857142857143 0.015238095238095238
0 0.24321428571428572 0.18285714285714286 0.015 0.04
0 0.25285714285714284 0.21095238095238095 0.015714285714285715 0.035238095238095235
0 0.7896428571428571 0.08190476190476191 0.012142857142857143 0.04
0 0.8128571428571428 0.07095238095238095 0.012857142857142857 0.040952380952380955
0 0.4232142857142857 0.37952380952380954 0.016428571428571428 0.04857142857142857
0 0.4664285714285714 0.7666666666666667 0.02142857142857143 0.047619047619047616
0 0.48428571428571426 0.7528571428571429 0.02 0.054285714285714284
0 0.5235714285714286 0.8733333333333333 0.02857142857142857 0.04
0 0.38535714285714284 0.9019047619047619 0.030714285714285715 0.05904761904761905
0 0.3582142857142857 0.32904761904761903 0.016428571428571428 0.03333333333333333
0 0.2042857142857143 0.8666666666666667 0.03 0.07047619047619047
0 0.555 0.8114285714285714 0.041428571428571426 0.08952380952380952