0 0.7439285714285714 0.22714285714285715 0.012142857142857143 0.029523809523809525
0 0.6507142857142857 0.2957142857142857 0.014285714285714285 0.03142857142857143
0 0.6246428571428572 0.2842857142857143 0.010714285714285714 0.03142857142857143
0 0.8267857142857142 0.5361904761904762 0.020714285714285713 0.045714285714285714
0 0.8614285714285714 0.5623809523809524 0.024285714285714285 0.039047619047619046
0 0.8867857142857143 0.7019047619047619 0.02214285714285714 0.0419047619047619
0 0.45785714285714285 0.5752380952380952 0.017142857142857144 0.0380952380952381
0 0.5260714285714285 0.5904761904761905 0.019285714285714285 0.04380952380952381
0 0.14035714285714285 0.5119047619047619 0.019285714285714285 0.04285714285714286
0 0.8564285714285714 0.6138095238095238 0.02142857142857143 0.029523809523809525
0 0.8621428571428571 0.621904761904762 0.022857142857142857 0.03238095238095238
0 0.4517857142857143 0.2795238095238095 0.009285714285714286 0.03333333333333333
0 0.4185714285714286 0.24904761904761905 0.014285714285714285 0.03333333333333333
0 0.2675 0.25952380952380955 0.012142857142857143 0.040952380952380955
0 0.2710714285714286 0.1976190476190476 0.010714285714285714 0.03333333333333333
0 0.29714285714285715 0.12523809523809523 0.011428571428571429 0.02761904761904762
0 0.3117857142857143 0.14095238095238094 0.009285714285714286 0.02666666666666667
0 0.21535714285714286 0.24333333333333335 0.015 0.03142857142857143
0 0.28214285714285714 0.12428571428571429 0.011428571428571429 0.029523809523809525
0 0.3367857142857143 0.06904761904761905 0.005 0.023809523809523808
0 0.42392857142857143 0.15333333333333332 0.009285714285714286 0.02095238095238095
0 0.010357142857142856 0.28095238095238095 0.015 0.02857142857142857
0 0.4592857142857143 0.24666666666666667 0.008571428571428572 0.02666666666666667
0 0.9882142857142857 0.5857142857142857 0.023571428571428573 0.03619047619047619