0 0.7514285714285714 0.8252380952380952 0.015714285714285715 0.04857142857142857
0 0.7660714285714286 0.8280952380952381 0.012142857142857143 0.05619047619047619
0 0.6482142857142857 0.621904761904762 0.007857142857142858 0.022857142857142857
0 0.7221428571428572 0.6042857142857143 0.007142857142857143 0.02
0 0.6939285714285715 0.5985714285714285 0.0035714285714285713 0.02
0 0.6935714285714286 0.5904761904761905 0.004285714285714286 0.017142857142857144
0 0.6882142857142857 0.5880952380952381 0.0064285714285714285 0.01619047619047619
0 0.6821428571428572 0.6 0.005714285714285714 0.017142857142857144
0 0.7010714285714286 0.5847619047619048 0.0035714285714285713 0.015238095238095238
0 0.7064285714285714 0.5895238095238096 0.002857142857142857 0.017142857142857144
0 0.705 0.5842857142857143 0.002857142857142857 0.018095238095238095
0 0.7196428571428571 0.5566666666666666 0.002142857142857143 0.012380952380952381
0 0.7396428571428572 0.5580952380952381 0.0035714285714285713 0.011428571428571429
0 0.5925 0.57 0.002142857142857143 0.012380952380952381
0 0.5942857142857143 0.5685714285714286 0.002857142857142857 0.013333333333333334
0 0.6007142857142858 0.57 0.002857142857142857 0.014285714285714285
0 0.6046428571428571 0.5685714285714286 0.0035714285714285713 0.015238095238095238
0 0.6114285714285714 0.5685714285714286 0.004285714285714286 0.015238095238095238