0 0.4232142857142857 0.3238095238095238 0.0035714285714285713 0.013333333333333334
0 0.42607142857142855 0.3233333333333333 0.0035714285714285713 0.014285714285714285
0 0.44607142857142856 0.2814285714285714 0.0035714285714285713 0.012380952380952381
0 0.40535714285714286 0.7728571428571429 0.007857142857142858 0.018095238095238095
0 0.4717857142857143 0.8357142857142857 0.0064285714285714285 0.01619047619047619
0 0.47285714285714286 0.829047619047619 0.008571428571428572 0.018095238095238095
0 0.5321428571428571 0.7204761904761905 0.005714285714285714 0.014285714285714285
0 0.4675 0.3842857142857143 0.0035714285714285713 0.008571428571428572
0 0.46785714285714286 0.45095238095238094 0.004285714285714286 0.010476190476190476
0 0.4685714285714286 0.4280952380952381 0.002857142857142857 0.010476190476190476
0 0.4614285714285714 0.4328571428571429 0.004285714285714286 0.010476190476190476
0 0.4735714285714286 0.2619047619047619 0.002857142857142857 0.009523809523809525
0 0.47714285714285715 0.32285714285714284 0.002857142857142857 0.009523809523809525