0 0.2953571428571429 0.5266666666666666 0.016428571428571428 0.05904761904761905
0 0.4057142857142857 0.8219047619047619 0.02142857142857143 0.06857142857142857
0 0.44142857142857145 0.8095238095238095 0.027142857142857142 0.07428571428571429
0 0.41 0.7147619047619047 0.02 0.06571428571428571
0 0.24357142857142858 0.5214285714285715 0.017142857142857144 0.05047619047619047
0 0.13 0.43238095238095237 0.024285714285714285 0.06095238095238095
0 0.03 0.2842857142857143 0.012857142857142857 0.039047619047619046
0 0.020714285714285713 0.2842857142857143 0.011428571428571429 0.035238095238095235
0 0.01107142857142857 0.28714285714285714 0.012142857142857143 0.03333333333333333
0 0.6617857142857143 0.47619047619047616 0.015 0.05523809523809524
0 0.6810714285714285 0.4747619047619048 0.013571428571428571 0.054285714285714284
0 0.7107142857142857 0.4471428571428571 0.011428571428571429 0.023809523809523808
0 0.6139285714285714 0.45285714285714285 0.016428571428571428 0.04666666666666667
0 0.6171428571428571 0.43238095238095237 0.01 0.0380952380952381
0 0.6085714285714285 0.42142857142857143 0.01 0.04666666666666667
0 0.3921428571428571 0.4 0.012857142857142857 0.045714285714285714
0 0.37357142857142855 0.3838095238095238 0.012857142857142857 0.045714285714285714
0 0.395 0.36428571428571427 0.01 0.025714285714285714
0 0.49714285714285716 0.3657142857142857 0.011428571428571429 0.0380952380952381
0 0.4853571428571429 0.3638095238095238 0.010714285714285714 0.030476190476190476
0 0.5689285714285715 0.2714285714285714 0.0064285714285714285 0.05142857142857143
0 0.5807142857142857 0.2761904761904762 0.01 0.0419047619047619
0 0.5864285714285714 0.26857142857142857 0.007142857142857143 0.0380952380952381
0 0.6510714285714285 0.2652380952380952 0.013571428571428571 0.040952380952380955
0 0.9375 0.6614285714285715 0.02642857142857143 0.054285714285714284
0 0.9557142857142857 0.4504761904761905 0.02 0.047619047619047616
0 0.48035714285714287 0.5333333333333333 0.015 0.05523809523809524
0 0.6203571428571428 0.5504761904761905 0.016428571428571428 0.05333333333333334
0 0.2889285714285714 0.25333333333333335 0.013571428571428571 0.03238095238095238
0 0.30357142857142855 0.2619047619047619 0.012857142857142857 0.030476190476190476
0 0.2882142857142857 0.36333333333333334 0.012142857142857143 0.02761904761904762
0 0.2982142857142857 0.3719047619047619 0.013571428571428571 0.029523809523809525
0 0.30714285714285716 0.37142857142857144 0.01 0.030476190476190476
0 0.30392857142857144 0.36142857142857143 0.009285714285714286 0.037142857142857144
0 0.4032142857142857 0.4123809523809524 0.010714285714285714 0.03238095238095238
0 0.4164285714285714 0.2876190476190476 0.014285714285714285 0.03619047619047619
0 0.4185714285714286 0.2795238095238095 0.011428571428571429 0.035238095238095235
0 0.4421428571428571 0.28523809523809524 0.011428571428571429 0.039047619047619046
0 0.4642857142857143 0.2838095238095238 0.014285714285714285 0.04380952380952381
0 0.48714285714285716 0.2842857142857143 0.02 0.04285714285714286
0 0.5125 0.2861904761904762 0.015 0.040952380952380955
0 0.6307142857142857 0.2866666666666667 0.015714285714285715 0.030476190476190476
0 0.605 0.28714285714285714 0.014285714285714285 0.03142857142857143
0 0.6042857142857143 0.2866666666666667 0.012857142857142857 0.04
0 0.6271428571428571 0.2833333333333333 0.017142857142857144 0.03333333333333333
0 0.6378571428571429 0.40904761904761905 0.012857142857142857 0.02761904761904762
0 0.5132142857142857 0.40904761904761905 0.012142857142857143 0.03333333333333333
0 0.5167857142857143 0.41714285714285715 0.010714285714285714 0.02857142857142857
0 0.49142857142857144 0.4142857142857143 0.014285714285714285 0.030476190476190476
0 0.4675 0.4138095238095238 0.013571428571428571 0.035238095238095235
0 0.44821428571428573 0.4166666666666667 0.013571428571428571 0.040952380952380955
0 0.4057142857142857 0.3676190476190476 0.01 0.030476190476190476
0 0.4235714285714286 0.36095238095238097 0.01 0.02666666666666667
0 0.42178571428571426 0.38095238095238093 0.010714285714285714 0.024761904761904763
0 0.42642857142857143 0.38476190476190475 0.011428571428571429 0.024761904761904763
0 0.44357142857142856 0.3852380952380952 0.01 0.02761904761904762
0 0.4525 0.3842857142857143 0.010714285714285714 0.02761904761904762
0 0.4539285714285714 0.3823809523809524 0.013571428571428571 0.03333333333333333