0 0.9675 0.8852380952380953 0.016428571428571428 0.02
0 0.7857142857142857 0.6838095238095238 0.011428571428571429 0.022857142857142857
0 0.49892857142857144 0.8923809523809524 0.013571428571428571 0.017142857142857144
0 0.48142857142857143 0.7157142857142857 0.008571428571428572 0.01619047619047619
0 0.5175 0.6966666666666667 0.0064285714285714285 0.012380952380952381
0 0.5242857142857142 0.6966666666666667 0.004285714285714286 0.010476190476190476
0 0.4517857142857143 0.5633333333333334 0.007857142857142858 0.012380952380952381
0 0.4546428571428571 0.5223809523809524 0.005 0.010476190476190476
0 0.465 0.5128571428571429 0.004285714285714286 0.01619047619047619
0 0.5178571428571429 0.48714285714285716 0.004285714285714286 0.014285714285714285
0 0.32535714285714284 0.7023809523809523 0.0064285714285714285 0.012380952380952381
0 0.31 0.6523809523809524 0.005714285714285714 0.017142857142857144
0 0.18142857142857144 0.7014285714285714 0.007142857142857143 0.014285714285714285
0 0.09714285714285714 0.7761904761904762 0.008571428571428572 0.015238095238095238
0 0.10285714285714286 0.7761904761904762 0.007142857142857143 0.015238095238095238
0 0.044642857142857144 0.7885714285714286 0.010714285714285714 0.017142857142857144