0 0.5307933194154488 0.6943413729128015 0.006263048016701462 0.030612244897959183
0 0.5268789144050104 0.9318181818181818 0.013048016701461378 0.0287569573283859
0 0.5394050104384134 0.9039888682745826 0.008872651356993737 0.01948051948051948
0 0.5884655532359081 0.8812615955473099 0.006784968684759917 0.03339517625231911
0 0.5566283924843424 0.602504638218924 0.006784968684759917 0.017625231910946195
0 0.5694154488517745 0.5923005565862709 0.006263048016701462 0.015769944341372914
0 0.526356993736952 0.5732838589981447 0.006784968684759917 0.012987012987012988
0 0.5268789144050104 0.5667903525046383 0.006784968684759917 0.012987012987012988
0 0.5391440501043842 0.5371057513914657 0.006263048016701462 0.01855287569573284
0 0.5490605427974948 0.5315398886827458 0.005219206680584551 0.016697588126159554
0 0.531054279749478 0.550556586270872 0.004697286012526096 0.012059369202226345
0 0.5289665970772442 0.5431354359925789 0.004697286012526096 0.01020408163265306
0 0.5268789144050104 0.50139146567718 0.005741127348643006 0.017625231910946195
0 0.5135699373695198 0.48886827458256027 0.007306889352818371 0.016697588126159554
0 0.524008350730689 0.6567717996289425 0.006263048016701462 0.014842300556586271
0 0.5255741127348643 0.648886827458256 0.007306889352818371 0.013914656771799629
0 0.5247912317327766 0.3455473098330241 0.004697286012526096 0.01020408163265306
0 0.5242693110647182 0.400278293135436 0.0036534446764091857 0.017625231910946195
0 0.5219206680584552 0.3974953617810761 0.0041753653444676405 0.015769944341372914
0 0.5164405010438413 0.4007421150278293 0.0036534446764091857 0.016697588126159554
0 0.5514091858037579 0.41465677179962895 0.004697286012526096 0.011131725417439703
0 0.5579331941544885 0.4165120593692022 0.0041753653444676405 0.011131725417439703
0 0.5169624217118998 0.4160482374768089 0.0036534446764091857 0.012059369202226345
0 0.453027139874739 0.42207792207792205 0.006263048016701462 0.01855287569573284
0 0.548277661795407 0.41187384044526903 0.0036534446764091857 0.012987012987012988
0 0.5456680584551148 0.4141929499072356 0.004697286012526096 0.012059369202226345