0 0.8846428571428572 0.41714285714285715 0.0064285714285714285 0.017142857142857144
0 0.8585714285714285 0.5114285714285715 0.008571428571428572 0.01904761904761905
0 0.8225 0.56 0.009285714285714286 0.01904761904761905
0 0.9125 0.6242857142857143 0.015 0.03333333333333333
0 0.3889285714285714 0.5128571428571429 0.007857142857142858 0.025714285714285714
0 0.5157142857142857 0.5752380952380952 0.008571428571428572 0.02666666666666667
0 0.5935714285714285 0.5652380952380952 0.008571428571428572 0.02761904761904762
0 0.5828571428571429 0.5642857142857143 0.008571428571428572 0.02761904761904762
0 0.5435714285714286 0.5557142857142857 0.005714285714285714 0.025714285714285714
0 0.5342857142857143 0.5614285714285714 0.01 0.02761904761904762
0 0.5475 0.5880952380952381 0.012142857142857143 0.029523809523809525
0 0.05964285714285714 0.5247619047619048 0.012142857142857143 0.02857142857142857
0 0.16857142857142857 0.5652380952380952 0.011428571428571429 0.029523809523809525