0 0.24464285714285713 0.4251269035532995 0.005 0.015228426395939087
0 0.25035714285714283 0.39403553299492383 0.0064285714285714285 0.013959390862944163
0 0.24071428571428571 0.4035532994923858 0.005714285714285714 0.02030456852791878
0 0.23392857142857143 0.4739847715736041 0.0064285714285714285 0.01903553299492386
0 0.29928571428571427 0.5044416243654822 0.005714285714285714 0.01903553299492386
0 0.3003571428571429 0.5729695431472082 0.005 0.01649746192893401
0 0.29642857142857143 0.5685279187817259 0.004285714285714286 0.017766497461928935
0 0.2860714285714286 0.5736040609137056 0.0064285714285714285 0.015228426395939087
0 0.285 0.5431472081218274 0.005714285714285714 0.017766497461928935
0 0.3221428571428571 0.5406091370558376 0.005714285714285714 0.02030456852791878
0 0.3367857142857143 0.4860406091370558 0.005 0.012690355329949238
0 0.2767857142857143 0.5862944162436549 0.0064285714285714285 0.015228426395939087
0 0.27035714285714285 0.6478426395939086 0.0064285714285714285 0.021573604060913704
0 0.24107142857142858 0.9403553299492385 0.0064285714285714285 0.017766497461928935
0 0.23642857142857143 0.9378172588832487 0.005714285714285714 0.015228426395939087
0 0.215 0.9892131979695431 0.005714285714285714 0.01649746192893401
0 0.26964285714285713 0.6205583756345178 0.0035714285714285713 0.017766497461928935
0 0.27214285714285713 0.618020304568528 0.007142857142857143 0.02284263959390863
0 0.32571428571428573 0.36484771573604063 0.004285714285714286 0.01903553299492386
0 0.35428571428571426 0.258248730964467 0.004285714285714286 0.013959390862944163
0 0.29392857142857143 0.13642131979695432 0.0064285714285714285 0.01649746192893401
0 0.29 0.15355329949238578 0.004285714285714286 0.012690355329949238
0 0.30857142857142855 0.06472081218274112 0.005714285714285714 0.01015228426395939
0 0.3067857142857143 0.0532994923857868 0.002142857142857143 0.01015228426395939
0 0.3707142857142857 0.0850253807106599 0.004285714285714286 0.015228426395939087
0 0.385 0.08058375634517767 0.004285714285714286 0.013959390862944163
0 0.37892857142857145 0.08883248730964467 0.0035714285714285713 0.012690355329949238
0 0.34964285714285714 0.1998730964467005 0.0035714285714285713 0.013959390862944163
0 0.3682142857142857 0.08375634517766498 0.0035714285714285713 0.012690355329949238
0 0.3732142857142857 0.03299492385786802 0.0035714285714285713 0.012690355329949238
0 0.6239285714285714 0.350253807106599 0.0035714285714285713 0.015228426395939087
0 0.5667857142857143 0.018401015228426396 0.0035714285714285713 0.011421319796954314