0 0.26035714285714284 0.8519047619047619 0.015 0.01619047619047619
0 0.4317857142857143 0.7 0.016428571428571428 0.02095238095238095
0 0.3364285714285714 0.6571428571428571 0.015714285714285715 0.02095238095238095
0 0.19892857142857143 0.6923809523809524 0.015 0.017142857142857144
0 0.23107142857142857 0.7038095238095238 0.015 0.017142857142857144
0 0.004642857142857143 0.2780952380952381 0.009285714285714286 0.01904761904761905
0 0.18607142857142858 0.3919047619047619 0.015 0.02
0 0.25 0.2723809523809524 0.011428571428571429 0.017142857142857144
0 0.25892857142857145 0.22142857142857142 0.015 0.029523809523809525
0 0.1332142857142857 0.19666666666666666 0.017857142857142856 0.02761904761904762
0 0.1467857142857143 0.1880952380952381 0.016428571428571428 0.025714285714285714
0 0.03785714285714286 0.030476190476190476 0.011428571428571429 0.01904761904761905
0 0.06714285714285714 0.08047619047619048 0.011428571428571429 0.018095238095238095
0 0.105 0.08476190476190476 0.014285714285714285 0.02095238095238095
0 0.38785714285714284 0.5133333333333333 0.015714285714285715 0.022857142857142857
0 0.39071428571428574 0.4880952380952381 0.014285714285714285 0.02
0 0.6228571428571429 0.9052380952380953 0.017142857142857144 0.021904761904761906
0 0.7185714285714285 0.39285714285714285 0.015714285714285715 0.021904761904761906
0 0.755 0.44095238095238093 0.012857142857142857 0.02095238095238095
0 0.7142857142857143 0.4042857142857143 0.01 0.021904761904761906
0 0.9346428571428571 0.3661904761904762 0.015 0.021904761904761906
0 0.935 0.5076190476190476 0.02142857142857143 0.022857142857142857
0 0.9614285714285714 0.5352380952380953 0.015714285714285715 0.02095238095238095
0 0.9317857142857143 0.7585714285714286 0.020714285714285713 0.01619047619047619