0 0.7635 0.8113333333333334 0.013 0.02
0 0.954 0.9846666666666667 0.018 0.014666666666666666
0 0.95 0.9953333333333333 0.015 0.009333333333333334
0 0.907 0.8406666666666667 0.016 0.016
0 0.93 0.8513333333333334 0.017 0.025333333333333333
0 0.9205 0.847 0.017 0.015333333333333332
0 0.69975 0.5646666666666667 0.0105 0.014666666666666666
0 0.607 0.548 0.008 0.018666666666666668
0 0.596 0.541 0.006 0.018
0 0.54175 0.5436666666666666 0.0075 0.018
0 0.545 0.5263333333333333 0.007 0.019333333333333334
0 0.536 0.525 0.008 0.020666666666666667
0 0.53675 0.5106666666666667 0.0055 0.018666666666666668
0 0.5115 0.4816666666666667 0.007 0.019333333333333334
0 0.8015 0.41433333333333333 0.008 0.018
0 0.7935 0.41133333333333333 0.008 0.017333333333333333
0 0.79475 0.392 0.0085 0.018666666666666668
0 0.68425 0.4083333333333333 0.0085 0.014
0 0.4 0.37133333333333335 0.007 0.017333333333333333
0 0.46425 0.25466666666666665 0.0065 0.016
0 0.43475 0.231 0.0045 0.014
0 0.27225 0.272 0.0065 0.017333333333333333
0 0.4015 0.13066666666666665 0.004 0.013333333333333334
0 0.399 0.121 0.004 0.011333333333333334
0 0.4015 0.12066666666666667 0.004 0.012
0 0.30225 0.13333333333333333 0.0065 0.012
0 0.23475 0.08766666666666667 0.0035 0.008666666666666666
0 0.2075 0.075 0.004 0.01
0 0.21275 0.07366666666666667 0.0045 0.008666666666666666