0 0.32357142857142857 0.02761904761904762 0.007142857142857143 0.017142857142857144
0 0.3292857142857143 0.035238095238095235 0.007142857142857143 0.013333333333333334
0 0.32285714285714284 0.05904761904761905 0.007142857142857143 0.01904761904761905
0 0.32392857142857145 0.04857142857142857 0.007857142857142858 0.017142857142857144
0 0.33107142857142857 0.04619047619047619 0.007857142857142858 0.018095238095238095
0 0.33107142857142857 0.06761904761904762 0.007857142857142858 0.01904761904761905
0 0.335 0.09761904761904762 0.008571428571428572 0.018095238095238095
0 0.37392857142857144 0.1380952380952381 0.0064285714285714285 0.01904761904761905
0 0.34714285714285714 0.10142857142857142 0.004285714285714286 0.012380952380952381
0 0.3082142857142857 0.21476190476190476 0.007857142857142858 0.021904761904761906
0 0.3 0.22714285714285715 0.007142857142857143 0.021904761904761906
0 0.3167857142857143 0.2842857142857143 0.009285714285714286 0.01619047619047619
0 0.18821428571428572 0.4804761904761905 0.010714285714285714 0.012380952380952381
0 0.3003571428571429 0.5552380952380952 0.007857142857142858 0.011428571428571429
0 0.3 0.5747619047619048 0.01 0.010476190476190476
0 0.2875 0.5838095238095238 0.009285714285714286 0.011428571428571429
0 0.28214285714285714 0.5676190476190476 0.008571428571428572 0.009523809523809525
0 0.3514285714285714 0.62 0.008571428571428572 0.011428571428571429
0 0.38857142857142857 0.5523809523809524 0.007142857142857143 0.015238095238095238
0 0.3821428571428571 0.560952380952381 0.01 0.011428571428571429
0 0.3792857142857143 0.5719047619047619 0.011428571428571429 0.010476190476190476
0 0.38107142857142856 0.5823809523809523 0.009285714285714286 0.012380952380952381
0 0.3896428571428571 0.5842857142857143 0.007857142857142858 0.012380952380952381
0 0.3982142857142857 0.5647619047619048 0.007857142857142858 0.009523809523809525
0 0.3975 0.5785714285714286 0.007857142857142858 0.010476190476190476
0 0.4067857142857143 0.5138095238095238 0.009285714285714286 0.010476190476190476
0 0.4446428571428571 0.5195238095238095 0.009285714285714286 0.012380952380952381
0 0.4317857142857143 0.5166666666666667 0.0064285714285714285 0.010476190476190476
0 0.42464285714285716 0.5276190476190477 0.007857142857142858 0.011428571428571429
0 0.4367857142857143 0.5738095238095238 0.005 0.008571428571428572
0 0.4275 0.5876190476190476 0.0064285714285714285 0.011428571428571429
0 0.4307142857142857 0.5638095238095238 0.008571428571428572 0.007619047619047619
0 0.4039285714285714 0.7033333333333334 0.009285714285714286 0.02
0 0.3575 0.7457142857142857 0.0064285714285714285 0.011428571428571429
0 0.40964285714285714 0.7266666666666667 0.009285714285714286 0.013333333333333334
0 0.3221428571428571 0.7428571428571429 0.01 0.013333333333333334
0 0.3507142857142857 0.7476190476190476 0.005714285714285714 0.011428571428571429
0 0.3467857142857143 0.7566666666666667 0.009285714285714286 0.010476190476190476
0 0.3457142857142857 0.7671428571428571 0.008571428571428572 0.008571428571428572
0 0.3475 0.7757142857142857 0.007857142857142858 0.008571428571428572
0 0.3632142857142857 0.7723809523809524 0.009285714285714286 0.011428571428571429
0 0.36392857142857143 0.7595238095238095 0.009285714285714286 0.010476190476190476
0 0.3775 0.7976190476190477 0.012142857142857143 0.012380952380952381
0 0.3075 0.7676190476190476 0.013571428571428571 0.011428571428571429
0 0.31642857142857145 0.7847619047619048 0.011428571428571429 0.013333333333333334
0 0.31107142857142855 0.7542857142857143 0.010714285714285714 0.013333333333333334
0 0.32821428571428574 0.7690476190476191 0.007857142857142858 0.010476190476190476
0 0.2525 0.7866666666666666 0.010714285714285714 0.017142857142857144
0 0.3625 0.840952380952381 0.0064285714285714285 0.009523809523809525
0 0.2910714285714286 0.8176190476190476 0.012142857142857143 0.010476190476190476
0 0.4467857142857143 0.8176190476190476 0.009285714285714286 0.010476190476190476
0 0.2082142857142857 0.63 0.009285714285714286 0.012380952380952381
0 0.18571428571428572 0.6423809523809524 0.01 0.010476190476190476
0 0.185 0.6580952380952381 0.011428571428571429 0.011428571428571429
0 0.2032142857142857 0.6642857142857143 0.009285714285714286 0.012380952380952381
0 0.21142857142857144 0.66 0.008571428571428572 0.017142857142857144
0 0.22178571428571428 0.6490476190476191 0.015 0.012380952380952381
0 0.21857142857142858 0.6366666666666667 0.012857142857142857 0.012380952380952381
0 0.19357142857142856 0.7233333333333334 0.014285714285714285 0.012380952380952381
0 0.12178571428571429 0.6861904761904762 0.009285714285714286 0.010476190476190476
0 0.11678571428571428 0.679047619047619 0.007857142857142858 0.007619047619047619
0 0.10321428571428572 0.6842857142857143 0.009285714285714286 0.008571428571428572
0 0.1 0.6942857142857143 0.008571428571428572 0.009523809523809525
0 0.10357142857142858 0.7057142857142857 0.01 0.013333333333333334
0 0.15321428571428572 0.77 0.009285714285714286 0.012380952380952381
0 0.1407142857142857 0.7861904761904762 0.011428571428571429 0.010476190476190476
0 0.18035714285714285 0.7838095238095238 0.009285714285714286 0.009523809523809525
0 0.21785714285714286 0.7733333333333333 0.012857142857142857 0.009523809523809525
0 0.22321428571428573 0.7414285714285714 0.012142857142857143 0.010476190476190476
0 0.18928571428571428 0.7904761904761904 0.004285714285714286 0.005714285714285714
0 0.1875 0.768095238095238 0.0064285714285714285 0.010476190476190476
0 0.32821428571428574 0.4095238095238095 0.0064285714285714285 0.015238095238095238
0 0.3289285714285714 0.4 0.009285714285714286 0.015238095238095238
0 0.40035714285714286 0.32285714285714284 0.007857142857142858 0.009523809523809525
0 0.39 0.32285714285714284 0.007142857142857143 0.007619047619047619
0 0.3892857142857143 0.3385714285714286 0.008571428571428572 0.008571428571428572
0 0.3960714285714286 0.34714285714285714 0.007857142857142858 0.010476190476190476
0 0.6692857142857143 0.24666666666666667 0.007142857142857143 0.017142857142857144
0 0.6771428571428572 0.24571428571428572 0.005714285714285714 0.015238095238095238
0 0.7092857142857143 0.24619047619047618 0.007142857142857143 0.014285714285714285
0 0.7039285714285715 0.23238095238095238 0.005 0.009523809523809525
0 0.7103571428571429 0.2257142857142857 0.007857142857142858 0.009523809523809525
0 0.7246428571428571 0.24 0.007857142857142858 0.013333333333333334
0 0.7196428571428571 0.25 0.007857142857142858 0.012380952380952381
0 0.6575 0.36095238095238097 0.009285714285714286 0.013333333333333334
0 0.5710714285714286 0.5385714285714286 0.007857142857142858 0.014285714285714285
0 0.5385714285714286 0.5680952380952381 0.007142857142857143 0.012380952380952381
0 0.6410714285714286 0.5695238095238095 0.010714285714285714 0.011428571428571429
0 0.6310714285714286 0.5738095238095238 0.007857142857142858 0.012380952380952381
0 0.6317857142857143 0.6133333333333333 0.0064285714285714285 0.013333333333333334
0 0.6260714285714286 0.6133333333333333 0.0064285714285714285 0.005714285714285714
0 0.5539285714285714 0.5833333333333334 0.009285714285714286 0.01619047619047619
0 0.7096428571428571 0.6352380952380953 0.009285714285714286 0.011428571428571429
0 0.6896428571428571 0.7590476190476191 0.009285714285714286 0.013333333333333334
0 0.6589285714285714 0.9319047619047619 0.010714285714285714 0.012380952380952381
0 0.6442857142857142 0.9295238095238095 0.007142857142857143 0.011428571428571429
0 0.6292857142857143 0.930952380952381 0.007142857142857143 0.010476190476190476
0 0.6164285714285714 0.9252380952380952 0.011428571428571429 0.012380952380952381
0 0.635 0.9552380952380952 0.007142857142857143 0.013333333333333334
0 0.41214285714285714 0.9661904761904762 0.01 0.010476190476190476
0 0.3896428571428571 0.9666666666666667 0.010714285714285714 0.011428571428571429
0 0.37535714285714283 0.9809523809523809 0.007857142857142858 0.011428571428571429
0 0.2714285714285714 0.9504761904761905 0.01 0.01904761904761905
0 0.08928571428571429 0.8495238095238096 0.017142857142857144 0.011428571428571429
0 0.11214285714285714 0.8819047619047619 0.008571428571428572 0.005714285714285714
0 0.11714285714285715 0.9 0.012857142857142857 0.009523809523809525
0 0.18821428571428572 0.9257142857142857 0.015 0.013333333333333334