0 0.10964285714285714 0.501269035532995 0.012142857142857143 0.017766497461928935
0 0.9564285714285714 0.45748730964467005 0.02142857142857143 0.02918781725888325
0 0.9196428571428571 0.41624365482233505 0.016428571428571428 0.015228426395939087
0 0.9007142857142857 0.36484771573604063 0.018571428571428572 0.01649746192893401
0 0.9517857142857142 0.16243654822335024 0.017857142857142856 0.025380710659898477
0 0.9410714285714286 0.15291878172588833 0.015 0.024111675126903553
0 0.9225 0.1833756345177665 0.019285714285714285 0.024111675126903553
0 0.9121428571428571 0.17703045685279187 0.02 0.024111675126903553
0 0.9771428571428571 0.9397208121827412 0.02 0.024111675126903553
0 0.9842857142857143 0.9143401015228426 0.017142857142857144 0.0266497461928934
0 0.22321428571428573 0.8959390862944162 0.007857142857142858 0.02284263959390863