0 0.22892857142857143 0.274746192893401 0.012142857142857143 0.03680203045685279
0 0.445 0.19035532994923857 0.01 0.03553299492385787
0 0.08642857142857142 0.18591370558375633 0.01 0.024111675126903553
0 0.20535714285714285 0.2049492385786802 0.010714285714285714 0.04187817258883249
0 0.06821428571428571 0.2100253807106599 0.012142857142857143 0.02918781725888325
0 0.05714285714285714 0.21065989847715735 0.015714285714285715 0.030456852791878174
0 0.05714285714285714 0.21890862944162437 0.008571428571428572 0.021573604060913704
0 0.16178571428571428 0.24175126903553298 0.007857142857142858 0.0266497461928934
0 0.08428571428571428 0.22906091370558376 0.011428571428571429 0.031725888324873094
0 0.245 0.0133248730964467 0.01 0.0266497461928934
0 0.5303571428571429 0.48413705583756345 0.007857142857142858 0.024111675126903553
0 0.49714285714285716 0.5571065989847716 0.007142857142857143 0.027918781725888325
0 0.41214285714285714 0.5913705583756346 0.011428571428571429 0.027918781725888325
0 0.49142857142857144 0.5488578680203046 0.007142857142857143 0.024111675126903553
0 0.5132142857142857 0.5532994923857868 0.009285714285714286 0.027918781725888325
0 0.5317857142857143 0.5571065989847716 0.0064285714285714285 0.027918781725888325
0 0.5753571428571429 0.5628172588832487 0.0064285714285714285 0.021573604060913704
0 0.6785714285714286 0.49746192893401014 0.008571428571428572 0.027918781725888325
0 0.6839285714285714 0.5076142131979695 0.009285714285714286 0.030456852791878174
0 0.7021428571428572 0.4270304568527919 0.01 0.02918781725888325
0 0.7185714285714285 0.38451776649746194 0.011428571428571429 0.027918781725888325
0 0.7289285714285715 0.4149746192893401 0.009285714285714286 0.027918781725888325
0 0.7235714285714285 0.4118020304568528 0.007142857142857143 0.03680203045685279
0 0.7864285714285715 0.22398477157360405 0.01 0.024111675126903553
0 0.5771428571428572 0.47715736040609136 0.011428571428571429 0.02284263959390863
0 0.5103571428571428 0.5215736040609137 0.009285714285714286 0.030456852791878174
0 0.5092857142857142 0.5190355329949239 0.007142857142857143 0.02284263959390863
0 0.5285714285714286 0.5425126903553299 0.01 0.021573604060913704
0 0.7271428571428571 0.3934010152284264 0.008571428571428572 0.027918781725888325
0 0.7517857142857143 0.29758883248730966 0.007857142857142858 0.0266497461928934
0 0.7485714285714286 0.3102791878172589 0.005714285714285714 0.011421319796954314
0 0.4685714285714286 0.873730964467005 0.011428571428571429 0.01903553299492386
0 0.4575 0.8629441624365483 0.009285714285714286 0.015228426395939087