0 0.28964285714285715 0.6723809523809524 0.0035714285714285713 0.013333333333333334
0 0.19035714285714286 0.4361904761904762 0.0035714285714285713 0.009523809523809525
0 0.24392857142857144 0.44 0.005 0.009523809523809525
0 0.1957142857142857 0.4328571428571429 0.002857142857142857 0.008571428571428572
0 0.25857142857142856 0.6838095238095238 0.004285714285714286 0.005714285714285714
0 0.2592857142857143 0.6923809523809524 0.004285714285714286 0.005714285714285714
0 0.2725 0.689047619047619 0.005 0.004761904761904762
0 0.2867857142857143 0.6904761904761905 0.005 0.005714285714285714
0 0.3092857142857143 0.690952380952381 0.005714285714285714 0.006666666666666667
0 0.3217857142857143 0.6904761904761905 0.005 0.007619047619047619
0 0.5525 0.5419047619047619 0.005 0.007619047619047619
0 0.5975 0.52 0.005 0.007619047619047619
0 0.30714285714285716 0.7038095238095238 0.004285714285714286 0.005714285714285714
0 0.3175 0.7352380952380952 0.007857142857142858 0.009523809523809525
0 0.35678571428571426 0.7247619047619047 0.0035714285714285713 0.011428571428571429
0 0.34464285714285714 0.7223809523809523 0.005 0.012380952380952381
0 0.4110714285714286 0.46523809523809523 0.005 0.014285714285714285
0 0.375 0.41619047619047617 0.004285714285714286 0.009523809523809525
0 0.5210714285714285 0.07761904761904762 0.0035714285714285713 0.010476190476190476
0 0.4182142857142857 0.44047619047619047 0.002142857142857143 0.006666666666666667
0 0.4275 0.4604761904761905 0.002142857142857143 0.004761904761904762
0 0.6175 0.71 0.005 0.014285714285714285
0 0.5925 0.7442857142857143 0.005 0.01619047619047619
0 0.5957142857142858 0.7509523809523809 0.004285714285714286 0.010476190476190476
0 0.5667857142857143 0.46285714285714286 0.0035714285714285713 0.013333333333333334
0 0.5921428571428572 0.49047619047619045 0.002857142857142857 0.011428571428571429
0 0.5782142857142857 0.42523809523809525 0.0035714285714285713 0.008571428571428572
0 0.6967857142857142 0.6214285714285714 0.0035714285714285713 0.012380952380952381