0 0.4857142857142857 0.9152380952380952 0.02 0.0380952380952381
0 0.41928571428571426 0.4552380952380952 0.004285714285714286 0.013333333333333334
0 0.4228571428571429 0.45 0.002857142857142857 0.008571428571428572
0 0.4682142857142857 0.3823809523809524 0.0035714285714285713 0.010476190476190476
0 0.46 0.3719047619047619 0.004285714285714286 0.012380952380952381
0 0.4367857142857143 0.4195238095238095 0.005 0.02
0 0.3982142857142857 0.4147619047619048 0.0035714285714285713 0.01619047619047619
0 0.41 0.42142857142857143 0.004285714285714286 0.02
0 0.4142857142857143 0.40904761904761905 0.004285714285714286 0.01619047619047619
0 0.40285714285714286 0.2895238095238095 0.004285714285714286 0.009523809523809525
0 0.4907142857142857 0.2438095238095238 0.0014285714285714286 0.0038095238095238095
0 0.7510714285714286 0.4623809523809524 0.005 0.012380952380952381
0 0.6892857142857143 0.38761904761904764 0.007142857142857143 0.02095238095238095
0 0.6882142857142857 0.2976190476190476 0.005 0.012380952380952381