0 0.08178571428571428 0.6619047619047619 0.010714285714285714 0.017142857142857144
0 0.05857142857142857 0.6785714285714286 0.014285714285714285 0.01619047619047619
0 0.0675 0.6504761904761904 0.0064285714285714285 0.0038095238095238095
0 0.07928571428571428 0.650952380952381 0.008571428571428572 0.006666666666666667
0 0.15178571428571427 0.9285714285714286 0.013571428571428571 0.03428571428571429
0 0.41464285714285715 0.7414285714285714 0.009285714285714286 0.025714285714285714
0 0.42 0.7223809523809523 0.008571428571428572 0.02
0 0.4328571428571429 0.7885714285714286 0.008571428571428572 0.022857142857142857
0 0.5082142857142857 0.8542857142857143 0.010714285714285714 0.02666666666666667
0 0.3796428571428571 0.8376190476190476 0.010714285714285714 0.023809523809523808
0 0.37142857142857144 0.8233333333333334 0.008571428571428572 0.01619047619047619
0 0.11142857142857143 0.6442857142857142 0.014285714285714285 0.018095238095238095
0 0.12892857142857142 0.6328571428571429 0.012142857142857143 0.02
0 0.15464285714285714 0.6109523809523809 0.010714285714285714 0.025714285714285714
0 0.2082142857142857 0.5976190476190476 0.012142857142857143 0.021904761904761906
0 0.18392857142857144 0.5661904761904762 0.009285714285714286 0.01619047619047619
0 0.38357142857142856 0.5219047619047619 0.011428571428571429 0.02666666666666667
0 0.4932142857142857 0.5223809523809524 0.009285714285714286 0.02761904761904762
0 0.35714285714285715 0.48857142857142855 0.008571428571428572 0.02095238095238095
0 0.3510714285714286 0.47904761904761906 0.0064285714285714285 0.02095238095238095
0 0.38642857142857145 0.9861904761904762 0.012857142857142857 0.01619047619047619
0 0.5271428571428571 0.9133333333333333 0.007142857142857143 0.017142857142857144
0 0.495 0.9261904761904762 0.008571428571428572 0.014285714285714285
0 0.5646428571428571 0.8642857142857143 0.012142857142857143 0.018095238095238095
0 0.5192857142857142 0.9023809523809524 0.01 0.010476190476190476
0 0.5060714285714286 0.8990476190476191 0.010714285714285714 0.02095238095238095
0 0.4975 0.9076190476190477 0.010714285714285714 0.01904761904761905
0 0.4982142857142857 0.7414285714285714 0.010714285714285714 0.012380952380952381
0 0.48928571428571427 0.7480952380952381 0.008571428571428572 0.012380952380952381
0 0.4835714285714286 0.7547619047619047 0.008571428571428572 0.012380952380952381
0 0.4828571428571429 0.7819047619047619 0.01 0.017142857142857144
0 0.49357142857142855 0.7757142857142857 0.01 0.014285714285714285
0 0.5025 0.7723809523809524 0.007857142857142858 0.015238095238095238
0 0.5089285714285714 0.7647619047619048 0.007857142857142858 0.011428571428571429
0 0.5132142857142857 0.7557142857142857 0.007857142857142858 0.01619047619047619
0 0.5367857142857143 0.710952380952381 0.0064285714285714285 0.014285714285714285
0 0.6592857142857143 0.8790476190476191 0.01 0.015238095238095238
0 0.6825 0.8923809523809524 0.007857142857142858 0.011428571428571429
0 0.6828571428571428 0.8685714285714285 0.008571428571428572 0.017142857142857144
0 0.6821428571428572 0.8819047619047619 0.007142857142857143 0.011428571428571429
0 0.6632142857142858 0.8633333333333333 0.012142857142857143 0.012380952380952381
0 0.6242857142857143 0.76 0.008571428571428572 0.017142857142857144
0 0.64 0.7642857142857142 0.01 0.018095238095238095
0 0.665 0.7952380952380952 0.008571428571428572 0.017142857142857144
0 0.5739285714285715 0.8314285714285714 0.0035714285714285713 0.013333333333333334
0 0.845 0.8980952380952381 0.014285714285714285 0.024761904761904763
0 0.8503571428571428 0.929047619047619 0.016428571428571428 0.023809523809523808
0 0.8232142857142857 0.7533333333333333 0.010714285714285714 0.02095238095238095
0 0.82 0.6171428571428571 0.011428571428571429 0.02095238095238095
0 0.7717857142857143 0.5904761904761905 0.010714285714285714 0.01904761904761905
0 0.7807142857142857 0.5847619047619048 0.008571428571428572 0.022857142857142857
0 0.7221428571428572 0.5742857142857143 0.005714285714285714 0.022857142857142857
0 0.69 0.5052380952380953 0.008571428571428572 0.02
0 0.7989285714285714 0.7228571428571429 0.009285714285714286 0.017142857142857144
0 0.7492857142857143 0.6957142857142857 0.012857142857142857 0.01619047619047619
0 0.7464285714285714 0.6795238095238095 0.008571428571428572 0.012380952380952381
0 0.7292857142857143 0.6771428571428572 0.01 0.017142857142857144
0 0.7264285714285714 0.6357142857142857 0.007142857142857143 0.012380952380952381
0 0.7378571428571429 0.6423809523809524 0.008571428571428572 0.01619047619047619
0 0.6985714285714286 0.62 0.008571428571428572 0.011428571428571429
0 0.6635714285714286 0.6785714285714286 0.007142857142857143 0.01619047619047619
0 0.6296428571428572 0.670952380952381 0.0064285714285714285 0.02
0 0.6271428571428571 0.6638095238095238 0.007142857142857143 0.01904761904761905
0 0.6628571428571428 0.6923809523809524 0.01 0.013333333333333334
0 0.9175 0.8104761904761905 0.016428571428571428 0.024761904761904763
0 0.9314285714285714 0.7757142857142857 0.014285714285714285 0.01619047619047619
0 0.8578571428571429 0.5942857142857143 0.007142857142857143 0.02095238095238095
0 0.8478571428571429 0.3271428571428571 0.011428571428571429 0.025714285714285714
0 0.7957142857142857 0.3171428571428571 0.011428571428571429 0.030476190476190476
0 0.8246428571428571 0.3271428571428571 0.012142857142857143 0.021904761904761906
0 0.8614285714285714 0.3076190476190476 0.01 0.02095238095238095
0 0.8557142857142858 0.3223809523809524 0.01 0.021904761904761906
0 0.8392857142857143 0.3466666666666667 0.008571428571428572 0.015238095238095238
0 0.8714285714285714 0.32761904761904764 0.008571428571428572 0.022857142857142857