0 0.834 0.773 0.009 0.020666666666666667
0 0.84375 0.782 0.0075 0.02
0 0.67775 0.48433333333333334 0.0045 0.018
0 0.6545 0.468 0.005 0.017333333333333333
0 0.65725 0.476 0.0055 0.018666666666666668
0 0.186 0.5656666666666667 0.006 0.015333333333333332
0 0.506 0.25333333333333335 0.004 0.012
0 0.5605 0.2633333333333333 0.004 0.012
0 0.582 0.30766666666666664 0.004 0.012666666666666666
0 0.57675 0.31366666666666665 0.0045 0.012666666666666666
0 0.5105 0.35733333333333334 0.003 0.012
0 0.32 0.521 0.006 0.019333333333333334
0 0.3405 0.5406666666666666 0.007 0.014666666666666666
0 0.40325 0.5713333333333334 0.0045 0.018666666666666668
0 0.35675 0.526 0.0065 0.018666666666666668
0 0.40825 0.5286666666666666 0.0065 0.014666666666666666
0 0.4335 0.5146666666666667 0.004 0.014666666666666666
0 0.45925 0.4706666666666667 0.0045 0.016
0 0.45225 0.448 0.0045 0.013333333333333334
0 0.4675 0.247 0.003 0.011333333333333334
0 0.46125 0.252 0.0035 0.009333333333333334
0 0.45725 0.30133333333333334 0.0035 0.010666666666666666
0 0.46475 0.2976666666666667 0.0035 0.01