0 0.8232142857142857 0.16904761904761906 0.0035714285714285713 0.012380952380952381
0 0.4442857142857143 0.28523809523809524 0.004285714285714286 0.01619047619047619
0 0.2257142857142857 0.5485714285714286 0.012857142857142857 0.02666666666666667
0 0.2332142857142857 0.5404761904761904 0.010714285714285714 0.029523809523809525
0 0.25142857142857145 0.5371428571428571 0.01 0.02857142857142857
0 0.21571428571428572 0.7228571428571429 0.012857142857142857 0.04
0 0.3339285714285714 0.7195238095238096 0.016428571428571428 0.03142857142857143
0 0.35 0.7476190476190476 0.018571428571428572 0.030476190476190476
0 0.12785714285714286 0.7933333333333333 0.025714285714285714 0.047619047619047616
0 0.1375 0.6728571428571428 0.017857142857142856 0.029523809523809525
0 0.15035714285714286 0.7295238095238096 0.015 0.04