0 0.2057142857142857 0.2715736040609137 0.002857142857142857 0.01015228426395939
0 0.24035714285714285 0.27220812182741116 0.002142857142857143 0.008883248730964468
0 0.33035714285714285 0.8470812182741116 0.0035714285714285713 0.013959390862944163
0 0.3182142857142857 0.8534263959390863 0.0035714285714285713 0.011421319796954314
0 0.2978571428571429 0.8578680203045685 0.002857142857142857 0.01015228426395939
0 0.3 0.8362944162436549 0.002857142857142857 0.012690355329949238
0 0.31357142857142856 0.8305837563451777 0.002857142857142857 0.011421319796954314
0 0.315 0.8121827411167513 0.002857142857142857 0.012690355329949238
0 0.3003571428571429 0.8223350253807107 0.0035714285714285713 0.01015228426395939
0 0.2957142857142857 0.8565989847715736 0.004285714285714286 0.015228426395939087
0 0.41464285714285715 0.7366751269035533 0.002142857142857143 0.013959390862944163
0 0.3196428571428571 0.2430203045685279 0.002142857142857143 0.013959390862944163
0 0.25535714285714284 0.24873096446700507 0.002142857142857143 0.01015228426395939
0 0.5392857142857143 0.01903553299492386 0.0014285714285714286 0.007614213197969543
0 0.5539285714285714 0.01967005076142132 0.002142857142857143 0.006345177664974619
0 0.48714285714285716 0.02918781725888325 0.0014285714285714286 0.005076142131979695
0 0.495 0.02918781725888325 0.0014285714285714286 0.007614213197969543
0 0.4710714285714286 0.2918781725888325 0.002142857142857143 0.007614213197969543
0 0.46785714285714286 0.4003807106598985 0.0014285714285714286 0.008883248730964468
0 0.5078571428571429 0.4022842639593909 0.0014285714285714286 0.005076142131979695
0 0.5157142857142857 0.4200507614213198 0.002857142857142857 0.01015228426395939
0 0.5642857142857143 0.018401015228426396 0.0014285714285714286 0.006345177664974619
0 0.5614285714285714 0.01903553299492386 0.002857142857142857 0.007614213197969543
0 0.5796428571428571 0.018401015228426396 0.002142857142857143 0.006345177664974619