0 0.5245 0.09933333333333333 0.004 0.014666666666666666
0 0.53425 0.09733333333333333 0.0035 0.012
0 0.45525 0.11566666666666667 0.0055 0.011333333333333334
0 0.452 0.11133333333333334 0.006 0.010666666666666666
0 0.464 0.09866666666666667 0.003 0.013333333333333334
0 0.459 0.09633333333333334 0.003 0.011333333333333334
0 0.454 0.09966666666666667 0.002 0.012666666666666666
0 0.456 0.102 0.004 0.013333333333333334
0 0.48525 0.06366666666666666 0.0025 0.008666666666666666
0 0.4825 0.06766666666666667 0.003 0.01
0 0.48825 0.06366666666666666 0.0025 0.008666666666666666
0 0.492 0.064 0.003 0.010666666666666666
0 0.47375 0.05733333333333333 0.0025 0.008
0 0.45375 0.08466666666666667 0.0035 0.012
0 0.502 0.056666666666666664 0.004 0.005333333333333333
0 0.46725 0.067 0.0025 0.01
0 0.95575 0.3273333333333333 0.0125 0.029333333333333333
0 0.8965 0.3273333333333333 0.013 0.032
0 0.89575 0.3233333333333333 0.0125 0.044
0 0.87525 0.33366666666666667 0.0135 0.019333333333333334
0 0.84125 0.29833333333333334 0.0105 0.035333333333333335
0 0.805 0.2693333333333333 0.011 0.036
0 0.77825 0.237 0.0085 0.023333333333333334
0 0.835 0.14433333333333334 0.006 0.020666666666666667
0 0.66125 0.16433333333333333 0.0065 0.016666666666666666
0 0.66675 0.14533333333333334 0.0045 0.010666666666666666
0 0.654 0.13033333333333333 0.004 0.014
0 0.655 0.12933333333333333 0.005 0.016
0 0.6965 0.13466666666666666 0.005 0.018666666666666668
0 0.57875 0.11133333333333334 0.0045 0.006666666666666667
0 0.56825 0.113 0.0045 0.014
0 0.62825 0.08133333333333333 0.0035 0.010666666666666666
0 0.63525 0.08166666666666667 0.0035 0.011333333333333334
0 0.59375 0.08 0.0045 0.012
0 0.588 0.07966666666666666 0.003 0.01
0 0.584 0.081 0.004 0.01
0 0.57775 0.068 0.0025 0.005333333333333333
0 0.57375 0.06233333333333333 0.0025 0.008666666666666666