0 0.5585 0.7656666666666667 0.006 0.012666666666666666
0 0.54 0.692 0.005 0.010666666666666666
0 0.56075 0.6826666666666666 0.0045 0.012
0 0.538 0.6233333333333333 0.005 0.012
0 0.545 0.6233333333333333 0.004 0.010666666666666666
0 0.53375 0.5536666666666666 0.0035 0.01
0 0.389 0.5306666666666666 0.005 0.008
0 0.404 0.453 0.003 0.007333333333333333
0 0.412 0.445 0.004 0.006
0 0.4005 0.44533333333333336 0.003 0.008
0 0.4015 0.431 0.002 0.006
0 0.4085 0.424 0.004 0.009333333333333334
0 0.4065 0.393 0.003 0.007333333333333333
0 0.4135 0.3453333333333333 0.002 0.005333333333333333
0 0.512 0.43833333333333335 0.003 0.008666666666666666
0 0.37325 0.55 0.0035 0.013333333333333334
0 0.3895 0.43866666666666665 0.004 0.004
0 0.49275 0.31433333333333335 0.0035 0.007333333333333333
0 0.46475 0.313 0.0035 0.008666666666666666
0 0.27625 0.707 0.0055 0.016666666666666666