0 0.28464285714285714 0.65 0.002142857142857143 0.008571428571428572
0 0.3092857142857143 0.6547619047619048 0.0014285714285714286 0.004761904761904762
0 0.3117857142857143 0.6552380952380953 0.002142857142857143 0.007619047619047619
0 0.33107142857142857 0.6952380952380952 0.002142857142857143 0.0038095238095238095
0 0.39535714285714285 0.7138095238095238 0.002142857142857143 0.008571428571428572
0 0.43642857142857144 0.7457142857142857 0.002857142857142857 0.009523809523809525
0 0.4332142857142857 0.7461904761904762 0.002142857142857143 0.010476190476190476
0 0.4317857142857143 0.7457142857142857 0.002142857142857143 0.009523809523809525
0 0.5046428571428572 0.7728571428571429 0.0035714285714285713 0.010476190476190476
0 0.5092857142857142 0.7795238095238095 0.002857142857142857 0.008571428571428572
0 0.5128571428571429 0.7790476190476191 0.002857142857142857 0.009523809523809525
0 0.5446428571428571 0.7904761904761904 0.0035714285714285713 0.011428571428571429
0 0.6478571428571429 0.8785714285714286 0.004285714285714286 0.01619047619047619
0 0.6617857142857143 0.8852380952380953 0.005 0.01619047619047619
0 0.7707142857142857 0.8847619047619047 0.005714285714285714 0.017142857142857144
0 0.7839285714285714 0.8733333333333333 0.005 0.01904761904761905
0 0.8560714285714286 0.8904761904761904 0.005 0.01904761904761905
0 0.8903571428571428 0.9071428571428571 0.0064285714285714285 0.02
0 0.9153571428571429 0.8742857142857143 0.005 0.013333333333333334
0 0.8410714285714286 0.9319047619047619 0.0035714285714285713 0.018095238095238095
0 0.9764285714285714 0.9471428571428572 0.005714285714285714 0.02
0 0.95 0.8261904761904761 0.004285714285714286 0.01619047619047619
0 0.965 0.8247619047619048 0.004285714285714286 0.015238095238095238
0 0.9689285714285715 0.8257142857142857 0.0035714285714285713 0.015238095238095238
0 0.04928571428571429 0.9004761904761904 0.005714285714285714 0.021904761904761906
0 0.11571428571428571 0.9671428571428572 0.005714285714285714 0.018095238095238095