0 0.24214285714285713 0.13523809523809524 0.008571428571428572 0.017142857142857144
0 0.04107142857142857 0.3861904761904762 0.017857142857142856 0.02
0 0.03892857142857143 0.40285714285714286 0.015 0.01904761904761905
0 0.0325 0.40523809523809523 0.015 0.018095238095238095
0 0.07142857142857142 0.7004761904761905 0.011428571428571429 0.012380952380952381
0 0.1407142857142857 0.6804761904761905 0.015714285714285715 0.012380952380952381
0 0.16107142857142856 0.6247619047619047 0.016428571428571428 0.011428571428571429
0 0.165 0.61 0.017142857142857144 0.010476190476190476
0 0.15535714285714286 0.54 0.009285714285714286 0.011428571428571429
0 0.28464285714285714 0.022857142857142857 0.013571428571428571 0.02095238095238095
0 0.3221428571428571 0.007142857142857143 0.008571428571428572 0.014285714285714285
0 0.31535714285714284 0.21047619047619048 0.012142857142857143 0.022857142857142857
0 0.31857142857142856 0.2652380952380952 0.008571428571428572 0.018095238095238095
0 0.3489285714285714 0.31142857142857144 0.009285714285714286 0.017142857142857144
0 0.28 0.3819047619047619 0.01 0.01904761904761905
0 0.29464285714285715 0.3871428571428571 0.013571428571428571 0.014285714285714285
0 0.26964285714285713 0.3442857142857143 0.012142857142857143 0.018095238095238095
0 0.2867857142857143 0.41523809523809524 0.013571428571428571 0.01904761904761905
0 0.24714285714285714 0.33666666666666667 0.01 0.01619047619047619
0 0.2392857142857143 0.3242857142857143 0.008571428571428572 0.014285714285714285
0 0.36392857142857143 0.38761904761904764 0.009285714285714286 0.015238095238095238
0 0.37392857142857144 0.439047619047619 0.007857142857142858 0.009523809523809525
0 0.36357142857142855 0.4423809523809524 0.008571428571428572 0.010476190476190476
0 0.36 0.4623809523809524 0.01 0.012380952380952381
0 0.3725 0.4695238095238095 0.007857142857142858 0.013333333333333334
0 0.4107142857142857 0.6638095238095238 0.01 0.013333333333333334
0 0.45571428571428574 0.6623809523809524 0.008571428571428572 0.012380952380952381
0 0.4342857142857143 0.6766666666666666 0.01 0.014285714285714285
0 0.42607142857142855 0.65 0.007857142857142858 0.008571428571428572
0 0.3942857142857143 0.7157142857142857 0.01 0.012380952380952381
0 0.38785714285714284 0.7280952380952381 0.01 0.012380952380952381
0 0.3871428571428571 0.7433333333333333 0.011428571428571429 0.010476190476190476
0 0.39107142857142857 0.7547619047619047 0.009285714285714286 0.010476190476190476
0 0.4007142857142857 0.7557142857142857 0.01 0.014285714285714285
0 0.4117857142857143 0.7452380952380953 0.007857142857142858 0.012380952380952381
0 0.43535714285714283 0.7323809523809524 0.0064285714285714285 0.011428571428571429
0 0.4539285714285714 0.729047619047619 0.007857142857142858 0.008571428571428572
0 0.4467857142857143 0.7471428571428571 0.007857142857142858 0.010476190476190476
0 0.3628571428571429 0.8085714285714286 0.008571428571428572 0.013333333333333334
0 0.43857142857142856 0.8971428571428571 0.008571428571428572 0.017142857142857144
0 0.3889285714285714 0.9619047619047619 0.0064285714285714285 0.015238095238095238
0 0.38142857142857145 0.9642857142857143 0.007142857142857143 0.008571428571428572
0 0.37892857142857145 0.9914285714285714 0.010714285714285714 0.015238095238095238
0 0.3782142857142857 0.9766666666666667 0.007857142857142858 0.012380952380952381
0 0.40035714285714286 0.9928571428571429 0.010714285714285714 0.012380952380952381
0 0.4 0.9780952380952381 0.01 0.013333333333333334
0 0.33285714285714285 0.9842857142857143 0.014285714285714285 0.01619047619047619
0 0.3467857142857143 0.9676190476190476 0.007857142857142858 0.013333333333333334
0 0.2032142857142857 0.9019047619047619 0.007857142857142858 0.011428571428571429
0 0.19321428571428573 0.9042857142857142 0.010714285714285714 0.012380952380952381
0 0.16964285714285715 0.8823809523809524 0.010714285714285714 0.012380952380952381
0 0.19428571428571428 0.861904761904762 0.01 0.015238095238095238
0 0.20714285714285716 0.8666666666666667 0.014285714285714285 0.015238095238095238
0 0.21464285714285714 0.8757142857142857 0.012142857142857143 0.014285714285714285
0 0.1707142857142857 0.9023809523809524 0.012857142857142857 0.014285714285714285
0 0.4417857142857143 0.39904761904761904 0.012142857142857143 0.01904761904761905
0 0.4660714285714286 0.4061904761904762 0.012142857142857143 0.021904761904761906
0 0.6621428571428571 0.4147619047619048 0.014285714285714285 0.01619047619047619
0 0.7192857142857143 0.3566666666666667 0.011428571428571429 0.01619047619047619
0 0.7257142857142858 0.36428571428571427 0.01 0.018095238095238095
0 0.7096428571428571 0.2519047619047619 0.009285714285714286 0.010476190476190476
0 0.7035714285714286 0.26142857142857145 0.008571428571428572 0.010476190476190476
0 0.71 0.27666666666666667 0.008571428571428572 0.01619047619047619
0 0.7246428571428571 0.26571428571428574 0.007857142857142858 0.013333333333333334
0 0.6878571428571428 0.6023809523809524 0.011428571428571429 0.010476190476190476
0 0.5725 0.6942857142857143 0.010714285714285714 0.015238095238095238
0 0.5896428571428571 0.7138095238095238 0.010714285714285714 0.014285714285714285
0 0.7746428571428572 0.8842857142857142 0.010714285714285714 0.012380952380952381
0 0.7303571428571428 0.9471428571428572 0.010714285714285714 0.014285714285714285
0 0.745 0.9480952380952381 0.011428571428571429 0.012380952380952381
0 0.22714285714285715 0.5695238095238095 0.01 0.013333333333333334
0 0.29214285714285715 0.7442857142857143 0.01 0.012380952380952381
0 0.29714285714285715 0.7671428571428571 0.01 0.012380952380952381
0 0.28285714285714286 0.7819047619047619 0.01 0.011428571428571429
0 0.2735714285714286 0.7628571428571429 0.014285714285714285 0.011428571428571429
0 0.09107142857142857 0.9523809523809523 0.012142857142857143 0.015238095238095238
0 0.09857142857142857 0.9571428571428572 0.012857142857142857 0.015238095238095238
0 0.07464285714285715 0.9614285714285714 0.010714285714285714 0.014285714285714285
0 0.07321428571428572 0.9733333333333334 0.010714285714285714 0.011428571428571429
0 0.07785714285714286 0.9871428571428571 0.011428571428571429 0.01619047619047619