0 0.4207142857142857 0.21573604060913706 0.007142857142857143 0.027918781725888325
0 0.4275 0.21129441624365483 0.007857142857142858 0.0266497461928934
0 0.46535714285714286 0.2100253807106599 0.005 0.024111675126903553
0 0.4692857142857143 0.20875634517766498 0.005714285714285714 0.0266497461928934
0 0.4707142857142857 0.12246192893401016 0.008571428571428572 0.0266497461928934
0 0.4514285714285714 0.10025380710659898 0.005714285714285714 0.025380710659898477
0 0.49392857142857144 0.07360406091370558 0.007857142857142858 0.025380710659898477
0 0.6664285714285715 0.09200507614213198 0.007142857142857143 0.024111675126903553
0 0.6721428571428572 0.09517766497461928 0.005714285714285714 0.027918781725888325
0 0.6503571428571429 0.3115482233502538 0.0064285714285714285 0.0266497461928934
0 0.6428571428571429 0.30647208121827413 0.007142857142857143 0.0266497461928934
0 0.6560714285714285 0.4936548223350254 0.009285714285714286 0.025380710659898477
0 0.6375 0.7246192893401016 0.009285714285714286 0.017766497461928935
0 0.6378571428571429 0.7626903553299492 0.008571428571428572 0.02030456852791878
0 0.6603571428571429 0.7626903553299492 0.009285714285714286 0.02284263959390863
0 0.6353571428571428 0.7874365482233503 0.007857142857142858 0.01903553299492386
0 0.6471428571428571 0.8013959390862944 0.01 0.024111675126903553
0 0.6417857142857143 0.934010152284264 0.010714285714285714 0.017766497461928935