0 0.3967857142857143 0.30428571428571427 0.0035714285714285713 0.010476190476190476
0 0.3985714285714286 0.31761904761904763 0.005714285714285714 0.014285714285714285
0 0.3757142857142857 0.21619047619047618 0.004285714285714286 0.009523809523809525
0 0.3703571428571429 0.2923809523809524 0.0064285714285714285 0.013333333333333334
0 0.43142857142857144 0.3919047619047619 0.005714285714285714 0.010476190476190476
0 0.45071428571428573 0.37761904761904763 0.004285714285714286 0.010476190476190476
0 0.44357142857142856 0.3657142857142857 0.004285714285714286 0.009523809523809525
0 0.4014285714285714 0.5057142857142857 0.002857142857142857 0.013333333333333334
0 0.21321428571428572 0.2619047619047619 0.005 0.007619047619047619
0 0.48678571428571427 0.2261904761904762 0.005 0.008571428571428572
0 0.4957142857142857 0.2419047619047619 0.005714285714285714 0.009523809523809525
0 0.5128571428571429 0.22666666666666666 0.004285714285714286 0.011428571428571429
0 0.5057142857142857 0.22095238095238096 0.002857142857142857 0.013333333333333334
0 0.37 0.5433333333333333 0.007142857142857143 0.014285714285714285
0 0.36142857142857143 0.6052380952380952 0.011428571428571429 0.012380952380952381
0 0.3632142857142857 0.5733333333333334 0.009285714285714286 0.011428571428571429
0 0.31142857142857144 0.580952380952381 0.005714285714285714 0.013333333333333334
0 0.3482142857142857 0.6180952380952381 0.0064285714285714285 0.009523809523809525
0 0.3075 0.6209523809523809 0.009285714285714286 0.011428571428571429
0 0.5528571428571428 0.7357142857142858 0.008571428571428572 0.014285714285714285
0 0.33464285714285713 0.8057142857142857 0.007857142857142858 0.009523809523809525
0 0.4057142857142857 0.7847619047619048 0.007142857142857143 0.011428571428571429
0 0.4175 0.76 0.009285714285714286 0.011428571428571429
0 0.375 0.9895238095238095 0.004285714285714286 0.011428571428571429
0 0.11 0.9809523809523809 0.012857142857142857 0.01904761904761905
0 0.0275 0.9514285714285714 0.012142857142857143 0.01904761904761905
0 0.46285714285714286 0.44857142857142857 0.007142857142857143 0.017142857142857144
0 0.43107142857142855 0.4942857142857143 0.005 0.015238095238095238
0 0.38857142857142857 0.5847619047619048 0.007142857142857143 0.015238095238095238
0 0.2978571428571429 0.4519047619047619 0.005714285714285714 0.014285714285714285
0 0.27214285714285713 0.6166666666666667 0.007142857142857143 0.018095238095238095
0 0.3028571428571429 0.439047619047619 0.005714285714285714 0.013333333333333334
0 0.3117857142857143 0.43476190476190474 0.0064285714285714285 0.008571428571428572
0 0.30857142857142855 0.439047619047619 0.007142857142857143 0.013333333333333334
0 0.054642857142857146 0.45476190476190476 0.009285714285714286 0.014285714285714285
0 0.12964285714285714 0.6623809523809524 0.016428571428571428 0.012380952380952381
0 0.1357142857142857 0.9576190476190476 0.011428571428571429 0.01619047619047619
0 0.012142857142857143 0.98 0.014285714285714285 0.017142857142857144
0 0.06892857142857142 0.9480952380952381 0.015 0.02
0 0.2032142857142857 0.8114285714285714 0.010714285714285714 0.011428571428571429
0 0.3157142857142857 0.7233333333333334 0.007142857142857143 0.01619047619047619
0 0.3610714285714286 0.7590476190476191 0.007857142857142858 0.013333333333333334
0 0.36857142857142855 0.7552380952380953 0.008571428571428572 0.017142857142857144
0 0.3271428571428571 0.689047619047619 0.007142857142857143 0.010476190476190476
0 0.30428571428571427 0.6938095238095238 0.007142857142857143 0.014285714285714285
0 0.3032142857142857 0.6761904761904762 0.007857142857142858 0.013333333333333334
0 0.34035714285714286 0.66 0.0064285714285714285 0.02095238095238095
0 0.2953571428571429 0.6309523809523809 0.007857142857142858 0.01619047619047619
0 0.2953571428571429 0.6276190476190476 0.0064285714285714285 0.015238095238095238
0 0.28035714285714286 0.6757142857142857 0.0064285714285714285 0.012380952380952381
0 0.29714285714285715 0.69 0.01 0.021904761904761906
0 0.3432142857142857 0.6519047619047619 0.009285714285714286 0.014285714285714285
0 0.5610714285714286 0.09714285714285714 0.0035714285714285713 0.011428571428571429
0 0.5685714285714286 0.08904761904761904 0.004285714285714286 0.012380952380952381
0 0.6153571428571428 0.032857142857142856 0.0035714285714285713 0.006666666666666667
0 0.5910714285714286 0.06285714285714286 0.0035714285714285713 0.009523809523809525
0 0.5971428571428572 0.043333333333333335 0.004285714285714286 0.008571428571428572
0 0.6107142857142858 0.05142857142857143 0.004285714285714286 0.013333333333333334
0 0.6196428571428572 0.019523809523809523 0.005 0.010476190476190476
0 0.6242857142857143 0.011904761904761904 0.004285714285714286 0.012380952380952381
0 0.6075 0.02666666666666667 0.0035714285714285713 0.011428571428571429