0 0.34285714285714286 0.800952380952381 0.03 0.0838095238095238
0 0.28464285714285714 0.8438095238095238 0.016428571428571428 0.05904761904761905
0 0.5567857142857143 0.6233333333333333 0.016428571428571428 0.054285714285714284
0 0.6146428571428572 0.61 0.017857142857142856 0.06
0 0.5492857142857143 0.5685714285714286 0.011428571428571429 0.045714285714285714
0 0.6728571428571428 0.5776190476190476 0.015714285714285715 0.05047619047619047
0 0.7389285714285714 0.6171428571428571 0.017857142857142856 0.05333333333333334
0 0.6157142857142858 0.56 0.008571428571428572 0.0419047619047619
0 0.5228571428571429 0.5461904761904762 0.011428571428571429 0.040952380952380955
0 0.7203571428571428 0.47619047619047616 0.010714285714285714 0.030476190476190476
0 0.15214285714285714 0.520952380952381 0.012857142857142857 0.04380952380952381
0 0.6092857142857143 0.5457142857142857 0.005714285714285714 0.01904761904761905
0 0.6 0.540952380952381 0.008571428571428572 0.02095238095238095
0 0.6203571428571428 0.5395238095238095 0.010714285714285714 0.02
0 0.7517857142857143 0.6061904761904762 0.015 0.03333333333333333
0 0.8185714285714286 0.8414285714285714 0.02857142857142857 0.10761904761904761