0 0.5645 0.43633333333333335 0.008 0.03133333333333333
0 0.5755 0.43266666666666664 0.009 0.03333333333333333
0 0.55875 0.4696666666666667 0.0155 0.03
0 0.5735 0.4236666666666667 0.009 0.015333333333333332
0 0.40125 0.21366666666666667 0.0095 0.016666666666666666
0 0.391 0.21166666666666667 0.008 0.020666666666666667
0 0.4 0.197 0.007 0.023333333333333334
0 0.4025 0.20166666666666666 0.006 0.026
0 0.4125 0.035666666666666666 0.003 0.011333333333333334
0 0.41325 0.115 0.0055 0.019333333333333334
0 0.43225 0.19666666666666666 0.0075 0.017333333333333333
0 0.32075 0.9706666666666667 0.0235 0.04533333333333334