0 0.34825 0.9183333333333333 0.0235 0.05533333333333333
0 0.31825 0.8436666666666667 0.0235 0.062
0 0.33525 0.8083333333333333 0.0115 0.015333333333333332
0 0.55175 0.701 0.0205 0.048666666666666664
0 0.56325 0.7093333333333334 0.0155 0.028
0 0.59575 0.6273333333333333 0.0175 0.044
0 0.54825 0.9456666666666667 0.0145 0.03666666666666667
0 0.567 0.9523333333333334 0.023 0.04066666666666666
0 0.6775 0.7423333333333333 0.02 0.04066666666666666
0 0.724 0.588 0.012 0.04666666666666667
0 0.75925 0.545 0.0205 0.051333333333333335
0 0.61875 0.529 0.0165 0.04733333333333333
0 0.969 0.443 0.024 0.042
0 0.824 0.355 0.02 0.048666666666666664
0 0.65525 0.33566666666666667 0.0115 0.034
0 0.55625 0.2896666666666667 0.0115 0.03933333333333333
0 0.608 0.272 0.012 0.03333333333333333
0 0.5135 0.3616666666666667 0.013 0.042
0 0.6735 0.26866666666666666 0.019 0.021333333333333333
0 0.675 0.25533333333333336 0.016 0.021333333333333333
0 0.636 0.222 0.013 0.028
0 0.64525 0.20366666666666666 0.0075 0.026
0 0.6515 0.189 0.008 0.026
0 0.6355 0.17366666666666666 0.009 0.026
0 0.51 0.25133333333333335 0.009 0.034666666666666665
0 0.56775 0.12766666666666668 0.0085 0.019333333333333334
0 0.5995 0.14266666666666666 0.007 0.025333333333333333
0 0.60275 0.13366666666666666 0.0075 0.027333333333333334
0 0.59725 0.12 0.0075 0.02666666666666667
0 0.5965 0.101 0.007 0.027333333333333334
0 0.59625 0.07333333333333333 0.0075 0.014666666666666666
0 0.58475 0.06933333333333333 0.0075 0.025333333333333333
0 0.57675 0.093 0.0065 0.022
0 0.603 0.028 0.006 0.018666666666666668
0 0.615 0.015666666666666666 0.004 0.019333333333333334
0 0.6195 0.010333333333333333 0.005 0.020666666666666667
0 0.639 0.08566666666666667 0.006 0.027333333333333334
0 0.64325 0.10633333333333334 0.0075 0.027333333333333334
0 0.649 0.07633333333333334 0.007 0.019333333333333334
0 0.65275 0.014666666666666666 0.0055 0.018666666666666668
0 0.659 0.015333333333333332 0.005 0.018666666666666668
0 0.7915 0.189 0.01 0.03
0 0.8415 0.123 0.015 0.023333333333333334
0 0.79875 0.042333333333333334 0.0075 0.015333333333333332
0 0.794 0.03166666666666667 0.008 0.016666666666666666
0 0.82025 0.082 0.0095 0.025333333333333333