0 0.7967857142857143 0.49682741116751267 0.005 0.01649746192893401
0 0.7742857142857142 0.4302030456852792 0.007142857142857143 0.02284263959390863
0 0.7735714285714286 0.3223350253807107 0.004285714285714286 0.02030456852791878
0 0.8189285714285715 0.4232233502538071 0.0035714285714285713 0.01903553299492386
0 0.8492857142857143 0.684010152284264 0.004285714285714286 0.017766497461928935
0 0.8632142857142857 0.6903553299492385 0.005 0.02030456852791878
0 0.8503571428571428 0.6656091370558376 0.0035714285714285713 0.024111675126903553
0 0.8525 0.6529187817258884 0.0064285714285714285 0.021573604060913704
0 0.825 0.5888324873096447 0.004285714285714286 0.02030456852791878
0 0.8275 0.5869289340101523 0.005 0.02918781725888325
0 0.9332142857142857 0.9276649746192893 0.0064285714285714285 0.027918781725888325
0 0.9310714285714285 0.9333756345177665 0.007857142857142858 0.01649746192893401
0 0.9307142857142857 0.9473350253807107 0.002857142857142857 0.01903553299492386