0 0.01107142857142857 0.07380952380952381 0.009285714285714286 0.010476190476190476
0 0.89 0.2280952380952381 0.005714285714285714 0.010476190476190476
0 0.9382142857142857 0.2833333333333333 0.0064285714285714285 0.008571428571428572
0 0.8632142857142857 0.5776190476190476 0.0064285714285714285 0.008571428571428572
0 0.8128571428571428 0.5776190476190476 0.005714285714285714 0.004761904761904762
0 0.8175 0.5766666666666667 0.002142857142857143 0.002857142857142857
0 0.905 0.6847619047619048 0.007142857142857143 0.005714285714285714
0 0.9053571428571429 0.6814285714285714 0.007857142857142858 0.008571428571428572
0 0.5603571428571429 0.6447619047619048 0.0035714285714285713 0.007619047619047619
0 0.7157142857142857 0.41523809523809524 0.004285714285714286 0.009523809523809525
0 0.8192857142857143 0.3476190476190476 0.004285714285714286 0.007619047619047619
0 0.8517857142857143 0.3342857142857143 0.0064285714285714285 0.009523809523809525
0 0.4967857142857143 0.8061904761904762 0.005 0.004761904761904762
0 0.4575 0.4861904761904762 0.005 0.006666666666666667
0 0.6046428571428571 0.5142857142857142 0.0035714285714285713 0.005714285714285714
0 0.7621428571428571 0.021904761904761906 0.004285714285714286 0.009523809523809525
0 0.7342857142857143 0.10238095238095238 0.004285714285714286 0.010476190476190476
0 0.7185714285714285 0.13047619047619047 0.004285714285714286 0.011428571428571429
0 0.6453571428571429 0.18047619047619048 0.002142857142857143 0.008571428571428572
0 0.5767857142857142 0.2780952380952381 0.0035714285714285713 0.009523809523809525
0 0.65 0.17761904761904762 0.005714285714285714 0.010476190476190476
0 0.6357142857142857 0.17523809523809525 0.002857142857142857 0.005714285714285714
0 0.6339285714285714 0.11571428571428571 0.0035714285714285713 0.006666666666666667
0 0.5789285714285715 0.25476190476190474 0.005 0.006666666666666667
0 0.6885714285714286 0.07476190476190477 0.002857142857142857 0.008571428571428572
0 0.7271428571428571 0.013333333333333334 0.004285714285714286 0.009523809523809525
0 0.7371428571428571 0.024761904761904763 0.004285714285714286 0.009523809523809525
0 0.7057142857142857 0.13238095238095238 0.002857142857142857 0.013333333333333334
0 0.6903571428571429 0.1261904761904762 0.0035714285714285713 0.012380952380952381
0 0.685 0.12285714285714286 0.004285714285714286 0.007619047619047619
0 0.7057142857142857 0.11714285714285715 0.002857142857142857 0.007619047619047619
0 0.7092857142857143 0.10857142857142857 0.002857142857142857 0.009523809523809525
0 0.6421428571428571 0.09571428571428571 0.005714285714285714 0.010476190476190476
0 0.7075 0.07952380952380952 0.0035714285714285713 0.006666666666666667
0 0.71 0.1 0.004285714285714286 0.011428571428571429
0 0.7089285714285715 0.08523809523809524 0.0035714285714285713 0.010476190476190476
0 0.6507142857142857 0.07571428571428572 0.002857142857142857 0.014285714285714285
0 0.3967857142857143 0.20809523809523808 0.005 0.010476190476190476
0 0.4164285714285714 0.22952380952380952 0.004285714285714286 0.011428571428571429
0 0.41785714285714287 0.2257142857142857 0.002857142857142857 0.009523809523809525
0 0.05607142857142857 0.6314285714285715 0.009285714285714286 0.007619047619047619
0 0.0375 0.71 0.010714285714285714 0.004761904761904762
0 0.035 0.7019047619047619 0.007142857142857143 0.0038095238095238095
0 0.005357142857142857 0.7076190476190476 0.010714285714285714 0.009523809523809525
0 0.3939285714285714 0.8757142857142857 0.005 0.006666666666666667
0 0.4810714285714286 0.4095238095238095 0.005 0.005714285714285714
0 0.4760714285714286 0.4004761904761905 0.0035714285714285713 0.004761904761904762
0 0.4714285714285714 0.3980952380952381 0.004285714285714286 0.007619047619047619
0 0.5032142857142857 0.32047619047619047 0.0035714285714285713 0.010476190476190476
0 0.5589285714285714 0.2438095238095238 0.0035714285714285713 0.007619047619047619
0 0.5625 0.23238095238095238 0.0035714285714285713 0.007619047619047619
0 0.5935714285714285 0.018571428571428572 0.002857142857142857 0.004761904761904762
0 0.5864285714285714 0.009523809523809525 0.002857142857142857 0.009523809523809525
0 0.6592857142857143 0.07380952380952381 0.0014285714285714286 0.004761904761904762