0 0.5228571428571429 0.6185714285714285 0.02 0.05619047619047619
0 0.38142857142857145 0.669047619047619 0.018571428571428572 0.05047619047619047
0 0.44107142857142856 0.611904761904762 0.013571428571428571 0.04857142857142857
0 0.5414285714285715 0.6057142857142858 0.024285714285714285 0.045714285714285714
0 0.39571428571428574 0.550952380952381 0.015714285714285715 0.054285714285714284
0 0.41214285714285714 0.53 0.017142857142857144 0.05238095238095238
0 0.4760714285714286 0.5342857142857143 0.016428571428571428 0.05142857142857143
0 0.36642857142857144 0.5095238095238095 0.017142857142857144 0.0419047619047619
0 0.3442857142857143 0.5128571428571429 0.015714285714285715 0.039047619047619046
0 0.41785714285714287 0.49523809523809526 0.014285714285714285 0.047619047619047616
0 0.39035714285714285 0.46904761904761905 0.023571428571428573 0.040952380952380955
0 0.32142857142857145 0.43142857142857144 0.015714285714285715 0.049523809523809526
0 0.36357142857142855 0.4419047619047619 0.012857142857142857 0.045714285714285714
0 0.35428571428571426 0.4328571428571429 0.012857142857142857 0.037142857142857144
0 0.9839285714285714 0.6661904761904762 0.029285714285714286 0.054285714285714284