0 0.7025 0.5943333333333334 0.03 0.054
0 0.44375 0.324 0.0195 0.03333333333333333
0 0.4095 0.3233333333333333 0.015 0.030666666666666665
0 0.46725 0.2783333333333333 0.0185 0.04466666666666667
0 0.42125 0.232 0.0155 0.04666666666666667
0 0.4875 0.24966666666666668 0.012 0.046
0 0.4775 0.24366666666666667 0.012 0.042
0 0.4685 0.259 0.011 0.027333333333333334
0 0.36825 0.22833333333333333 0.0145 0.03133333333333333
0 0.357 0.25366666666666665 0.013 0.04066666666666666
0 0.35775 0.24333333333333335 0.0095 0.017333333333333333
0 0.3335 0.232 0.012 0.036
0 0.69825 0.24033333333333334 0.0185 0.04466666666666667
0 0.7215 0.2806666666666667 0.013 0.044
0 0.74375 0.246 0.0155 0.04
0 0.73625 0.22966666666666666 0.0185 0.04066666666666666
0 0.77825 0.28833333333333333 0.0195 0.04466666666666667
0 0.77325 0.283 0.0185 0.043333333333333335