0 0.16142857142857142 0.023477157360406092 0.002857142857142857 0.011421319796954314
0 0.028214285714285713 0.05139593908629442 0.0035714285714285713 0.011421319796954314
0 0.04357142857142857 0.06091370558375635 0.002857142857142857 0.012690355329949238
0 0.07178571428571429 0.11548223350253807 0.0035714285714285713 0.015228426395939087
0 0.35 0.1998730964467005 0.002857142857142857 0.013959390862944163
0 0.3464285714285714 0.2017766497461929 0.002857142857142857 0.012690355329949238
0 0.4157142857142857 0.2880710659898477 0.002857142857142857 0.015228426395939087
0 0.4110714285714286 0.2817258883248731 0.0035714285714285713 0.017766497461928935
0 0.4157142857142857 0.28109137055837563 0.002857142857142857 0.013959390862944163
0 0.42607142857142855 0.27093908629441626 0.0035714285714285713 0.013959390862944163
0 0.8710714285714286 0.6230964467005076 0.0064285714285714285 0.02284263959390863
0 0.8707142857142857 0.6135786802030457 0.005714285714285714 0.021573604060913704
0 0.9789285714285715 0.7677664974619289 0.009285714285714286 0.025380710659898477
0 0.6664285714285715 0.5387055837563451 0.005714285714285714 0.01903553299492386
0 0.6685714285714286 0.5425126903553299 0.004285714285714286 0.01649746192893401
0 0.25142857142857145 0.4885786802030457 0.005714285714285714 0.012690355329949238
0 0.17821428571428571 0.8527918781725888 0.009285714285714286 0.025380710659898477
0 0.34785714285714286 0.6199238578680203 0.005714285714285714 0.01903553299492386
0 0.6032142857142857 0.8953045685279187 0.007857142857142858 0.02918781725888325
0 0.43214285714285716 0.7093908629441624 0.008571428571428572 0.030456852791878174
0 0.4282142857142857 0.7246192893401016 0.007857142857142858 0.027918781725888325