0 0.30642857142857144 0.6288071065989848 0.012857142857142857 0.01903553299492386
0 0.29464285714285715 0.7925126903553299 0.007857142857142858 0.024111675126903553
0 0.2417857142857143 0.7741116751269036 0.010714285714285714 0.025380710659898477
0 0.2592857142857143 0.6821065989847716 0.011428571428571429 0.021573604060913704
0 0.26785714285714285 0.6186548223350253 0.008571428571428572 0.024111675126903553
0 0.27 0.75 0.01 0.025380710659898477
0 0.6342857142857142 0.3134517766497462 0.005714285714285714 0.017766497461928935
0 0.6282142857142857 0.3819796954314721 0.005 0.02030456852791878
0 0.9664285714285714 0.19733502538071065 0.008571428571428572 0.0266497461928934
0 0.9314285714285714 0.11357868020304568 0.005714285714285714 0.021573604060913704
0 0.935 0.07296954314720812 0.008571428571428572 0.024111675126903553
0 0.9407142857142857 0.0532994923857868 0.008571428571428572 0.02284263959390863
0 0.8246428571428571 0.4796954314720812 0.009285714285714286 0.025380710659898477