0 0.38321428571428573 0.5638095238095238 0.020714285714285713 0.0761904761904762
0 0.36642857142857144 0.4866666666666667 0.018571428571428572 0.06285714285714286
0 0.38321428571428573 0.4785714285714286 0.015 0.06571428571428571
0 0.465 0.4990476190476191 0.015714285714285715 0.06476190476190476
0 0.4589285714285714 0.46714285714285714 0.013571428571428571 0.06952380952380953
0 0.38785714285714284 0.17761904761904762 0.005714285714285714 0.02
0 0.39464285714285713 0.17095238095238094 0.0064285714285714285 0.03142857142857143
0 0.41785714285714287 0.17333333333333334 0.008571428571428572 0.03619047619047619
0 0.3707142857142857 0.08571428571428572 0.005714285714285714 0.01904761904761905
0 0.9425 0.4480952380952381 0.030714285714285715 0.06190476190476191
0 0.7764285714285715 0.12904761904761905 0.008571428571428572 0.025714285714285714
0 0.7289285714285715 0.11 0.0064285714285714285 0.023809523809523808
0 0.6667857142857143 0.09571428571428571 0.005 0.018095238095238095
0 0.6714285714285714 0.09904761904761905 0.004285714285714286 0.01904761904761905
0 0.5171428571428571 0.5319047619047619 0.024285714285714285 0.06380952380952382
0 0.2714285714285714 0.79 0.04285714285714286 0.07142857142857142
0 0.7303571428571428 0.6061904761904762 0.03357142857142857 0.06761904761904762
0 0.4060714285714286 0.16 0.009285714285714286 0.03238095238095238