0 0.757 0.8533333333333334 0.023 0.06133333333333333
0 0.67225 0.747 0.0205 0.03266666666666666
0 0.709 0.7516666666666667 0.029 0.054
0 0.69275 0.699 0.0155 0.05266666666666667
0 0.69225 0.715 0.0085 0.023333333333333334
0 0.67125 0.6646666666666666 0.0175 0.048
0 0.68125 0.6816666666666666 0.0185 0.05
0 0.702 0.6643333333333333 0.016 0.04466666666666667
0 0.75975 0.6976666666666667 0.0145 0.046
0 0.5765 0.5926666666666667 0.017 0.034666666666666665
0 0.52975 0.574 0.0175 0.05333333333333334
0 0.56975 0.5166666666666667 0.0125 0.04533333333333334
0 0.60325 0.5016666666666667 0.0165 0.04066666666666666
0 0.59 0.4796666666666667 0.014 0.042
0 0.3035 0.48433333333333334 0.01 0.035333333333333335
0 0.3155 0.48433333333333334 0.01 0.03933333333333333
0 0.34725 0.5003333333333333 0.0175 0.022
0 0.4315 0.46 0.011 0.03866666666666667
0 0.42525 0.46066666666666667 0.0055 0.028
0 0.40675 0.4206666666666667 0.0125 0.021333333333333333
0 0.4015 0.4266666666666667 0.004 0.016
0 0.39525 0.4266666666666667 0.0075 0.034666666666666665
0 0.98375 0.4236666666666667 0.0155 0.035333333333333335
0 0.9935 0.436 0.007 0.024
0 0.963 0.43333333333333335 0.015 0.028
0 0.9635 0.413 0.011 0.023333333333333334
0 0.919 0.4103333333333333 0.015 0.03
0 0.877 0.42966666666666664 0.013 0.03266666666666666
0 0.792 0.43233333333333335 0.013 0.03266666666666666
0 0.80375 0.411 0.0125 0.024666666666666667
0 0.81525 0.405 0.0135 0.022
0 0.684 0.446 0.007 0.029333333333333333
0 0.67825 0.456 0.0055 0.014666666666666666
0 0.6575 0.43966666666666665 0.013 0.03266666666666666
0 0.61825 0.44766666666666666 0.0155 0.034
0 0.547 0.43 0.011 0.034666666666666665
0 0.49 0.4126666666666667 0.009 0.037333333333333336
0 0.5155 0.355 0.01 0.028666666666666667
0 0.48125 0.32766666666666666 0.0065 0.028666666666666667
0 0.48775 0.327 0.0085 0.028666666666666667
0 0.49225 0.31266666666666665 0.0065 0.025333333333333333
0 0.487 0.2946666666666667 0.007 0.02266666666666667
0 0.52 0.30133333333333334 0.007 0.02266666666666667
0 0.572 0.4003333333333333 0.008 0.03666666666666667
0 0.55875 0.39766666666666667 0.0055 0.035333333333333335
0 0.55725 0.38166666666666665 0.0075 0.034
0 0.517 0.33566666666666667 0.006 0.020666666666666667
0 0.51525 0.33166666666666667 0.0075 0.026
0 0.51325 0.326 0.0045 0.012
0 0.43325 0.289 0.0045 0.022
0 0.4445 0.2836666666666667 0.006 0.023333333333333334
0 0.43725 0.2803333333333333 0.0055 0.024666666666666667
0 0.40575 0.2956666666666667 0.0055 0.020666666666666667
0 0.41575 0.304 0.0065 0.016
0 0.418 0.2856666666666667 0.003 0.022
0 0.4145 0.2683333333333333 0.006 0.014
0 0.4495 0.269 0.007 0.016666666666666666
0 0.4165 0.21433333333333332 0.005 0.014
0 0.4235 0.20366666666666666 0.004 0.011333333333333334
0 0.4355 0.18866666666666668 0.005 0.010666666666666666
0 0.444 0.20133333333333334 0.004 0.010666666666666666
0 0.43925 0.17966666666666667 0.0035 0.007333333333333333
0 0.421 0.243 0.005 0.016666666666666666
0 0.42025 0.23533333333333334 0.0035 0.012
0 0.43075 0.23733333333333334 0.0045 0.02
0 0.429 0.231 0.004 0.014
0 0.42625 0.22633333333333333 0.0045 0.016666666666666666
0 0.42125 0.22366666666666668 0.0045 0.016666666666666666
0 0.42225 0.218 0.0025 0.010666666666666666
0 0.449 0.22033333333333333 0.003 0.018
0 0.4545 0.22333333333333333 0.004 0.016
0 0.46475 0.23466666666666666 0.0045 0.018666666666666668
0 0.4675 0.26166666666666666 0.003 0.019333333333333334
0 0.46075 0.252 0.0065 0.02
0 0.45875 0.23733333333333334 0.0065 0.016
0 0.4575 0.213 0.004 0.015333333333333332
0 0.45575 0.20766666666666667 0.0035 0.01
0 0.449 0.20933333333333334 0.004 0.013333333333333334
0 0.4355 0.21066666666666667 0.004 0.012
0 0.48975 0.2663333333333333 0.0055 0.020666666666666667
0 0.47525 0.25533333333333336 0.0025 0.012
0 0.4725 0.23766666666666666 0.004 0.018
0 0.47 0.234 0.003 0.017333333333333333
0 0.43175 0.176 0.0035 0.013333333333333334
0 0.43975 0.17566666666666667 0.0025 0.008666666666666666
0 0.44575 0.19 0.0025 0.014666666666666666
0 0.44875 0.187 0.0025 0.014
0 0.44975 0.191 0.0025 0.014
0 0.4525 0.18733333333333332 0.003 0.013333333333333334
0 0.45575 0.19033333333333333 0.0035 0.01
0 0.45475 0.19233333333333333 0.0035 0.008666666666666666
0 0.45975 0.18866666666666668 0.0025 0.013333333333333334
0 0.4375 0.16666666666666666 0.003 0.012
0 0.42 0.17066666666666666 0.003 0.012
0 0.4435 0.157 0.003 0.01
0 0.44025 0.14 0.0025 0.009333333333333334
0 0.44575 0.14566666666666667 0.0025 0.006
0 0.97325 0.9723333333333334 0.0285 0.05533333333333333
0 0.0255 0.545 0.021 0.04733333333333333
0 0.03725 0.5226666666666666 0.0275 0.052
0 0.0705 0.528 0.023 0.056