0 0.62175 0.6313333333333333 0.0185 0.048
0 0.60425 0.6326666666666667 0.0185 0.048
0 0.62425 0.625 0.0085 0.027333333333333334
0 0.53825 0.421 0.0145 0.028666666666666667
0 0.4495 0.3983333333333333 0.012 0.03
0 0.566 0.38 0.011 0.037333333333333336
0 0.3635 0.14566666666666667 0.011 0.022
0 0.36225 0.141 0.0135 0.022
0 0.41725 0.025666666666666667 0.0095 0.022
0 0.17325 0.04733333333333333 0.0215 0.03333333333333333
0 0.09925 0.10066666666666667 0.0115 0.018666666666666668
0 0.06425 0.21866666666666668 0.0115 0.018666666666666668
0 0.051 0.221 0.01 0.019333333333333334