0 0.22725 0.8516666666666667 0.0085 0.022
0 0.22875 0.859 0.0135 0.04733333333333333
0 0.56825 0.6433333333333333 0.0125 0.02
0 0.5765 0.6246666666666667 0.006 0.025333333333333333
0 0.58225 0.6246666666666667 0.0075 0.029333333333333333
0 0.50125 0.5353333333333333 0.0055 0.014666666666666666
0 0.50825 0.4026666666666667 0.0015 0.008
0 0.483 0.389 0.002 0.004666666666666667
0 0.34425 0.9756666666666667 0.0145 0.048666666666666664
0 0.36525 0.9766666666666667 0.0155 0.04666666666666667
0 0.76725 0.6866666666666666 0.0095 0.02666666666666667
0 0.72325 0.634 0.0075 0.02
0 0.361 0.43166666666666664 0.004 0.011333333333333334
0 0.5135 0.4026666666666667 0.002 0.009333333333333334