0 0.025357142857142856 0.1034263959390863 0.0035714285714285713 0.008883248730964468
0 0.037142857142857144 0.1116751269035533 0.004285714285714286 0.01015228426395939
0 0.04607142857142857 0.23857868020304568 0.005 0.012690355329949238
0 0.011785714285714287 0.4384517766497462 0.007857142857142858 0.011421319796954314
0 0.08285714285714285 0.5602791878172588 0.007142857142857143 0.011421319796954314
0 0.06035714285714286 0.5317258883248731 0.0064285714285714285 0.01015228426395939
0 0.005 0.4276649746192893 0.004285714285714286 0.007614213197969543
0 0.0025 0.4282994923857868 0.005 0.008883248730964468
0 0.04285714285714286 0.40545685279187815 0.007142857142857143 0.011421319796954314
0 0.06 0.4302030456852792 0.007142857142857143 0.007614213197969543
0 0.08392857142857142 0.40609137055837563 0.005 0.01015228426395939
0 0.07071428571428572 0.407994923857868 0.005714285714285714 0.011421319796954314
0 0.08071428571428571 0.4098984771573604 0.005714285714285714 0.007614213197969543
0 0.0825 0.3870558375634518 0.005 0.012690355329949238
0 0.07214285714285715 0.3902284263959391 0.004285714285714286 0.011421319796954314
0 0.07857142857142857 0.3597715736040609 0.004285714285714286 0.011421319796954314
0 0.07285714285714286 0.3432741116751269 0.005714285714285714 0.008883248730964468
0 0.08321428571428571 0.35088832487309646 0.005 0.011421319796954314
0 0.09964285714285714 0.36548223350253806 0.005 0.01015228426395939
0 0.10964285714285714 0.3096446700507614 0.0064285714285714285 0.012690355329949238
0 0.12107142857142857 0.3210659898477157 0.0064285714285714285 0.01015228426395939
0 0.11214285714285714 0.33946700507614214 0.005714285714285714 0.011421319796954314
0 0.07107142857142858 0.35786802030456855 0.005 0.01015228426395939
0 0.0675 0.35850253807106597 0.005 0.008883248730964468
0 0.04107142857142857 0.41116751269035534 0.005 0.01015228426395939
0 0.06535714285714286 0.5266497461928934 0.0064285714285714285 0.007614213197969543
0 0.06678571428571428 0.5348984771573604 0.0064285714285714285 0.008883248730964468
0 0.06714285714285714 0.5488578680203046 0.005714285714285714 0.008883248730964468
0 0.06928571428571428 0.5444162436548223 0.007142857142857143 0.01015228426395939
0 0.11928571428571429 0.5171319796954315 0.005714285714285714 0.011421319796954314
0 0.1475 0.48984771573604063 0.0064285714285714285 0.012690355329949238
0 0.11678571428571428 0.41053299492385786 0.005 0.008883248730964468
0 0.10892857142857143 0.467005076142132 0.005 0.01015228426395939
0 0.10785714285714286 0.3369289340101523 0.005714285714285714 0.008883248730964468
0 0.10785714285714286 0.4130710659898477 0.005714285714285714 0.013959390862944163
0 0.10357142857142858 0.4333756345177665 0.005714285714285714 0.011421319796954314
0 0.11714285714285715 0.44289340101522845 0.005714285714285714 0.012690355329949238
0 0.055714285714285716 0.4263959390862944 0.004285714285714286 0.01015228426395939
0 0.13714285714285715 0.5329949238578681 0.005714285714285714 0.012690355329949238
0 0.11178571428571428 0.5139593908629442 0.0064285714285714285 0.012690355329949238
0 0.17 0.5463197969543148 0.005714285714285714 0.011421319796954314
0 0.2646428571428571 0.5469543147208121 0.005 0.01015228426395939
0 0.1875 0.5583756345177665 0.0064285714285714285 0.007614213197969543
0 0.1767857142857143 0.5812182741116751 0.0035714285714285713 0.007614213197969543
0 0.1707142857142857 0.5945431472081218 0.004285714285714286 0.008883248730964468
0 0.1825 0.5621827411167513 0.005 0.007614213197969543
0 0.12035714285714286 0.6313451776649747 0.007857142857142858 0.011421319796954314
0 0.1757142857142857 0.8153553299492385 0.004285714285714286 0.008883248730964468
0 0.12571428571428572 0.9206852791878173 0.005714285714285714 0.008883248730964468
0 0.0275 0.8248730964467005 0.0064285714285714285 0.007614213197969543
0 0.03214285714285714 0.7677664974619289 0.005714285714285714 0.007614213197969543
0 0.26964285714285713 0.5513959390862944 0.0035714285714285713 0.008883248730964468
0 0.06357142857142857 0.7379441624365483 0.005714285714285714 0.008883248730964468
0 0.060714285714285714 0.7696700507614214 0.005714285714285714 0.008883248730964468
0 0.3732142857142857 0.5888324873096447 0.0035714285714285713 0.01015228426395939
0 0.2789285714285714 0.5107868020304569 0.0035714285714285713 0.006345177664974619
0 0.47 0.141497461928934 0.002857142857142857 0.008883248730964468
0 0.47285714285714286 0.1802030456852792 0.002857142857142857 0.01015228426395939