0 0.3339285714285714 0.24095238095238095 0.019285714285714285 0.045714285714285714
0 0.325 0.35095238095238096 0.02142857142857143 0.05238095238095238
0 0.36678571428571427 0.25523809523809526 0.017857142857142856 0.047619047619047616
0 0.3846428571428571 0.21714285714285714 0.016428571428571428 0.049523809523809526
0 0.3432142857142857 0.18095238095238095 0.016428571428571428 0.05142857142857143
0 0.3157142857142857 0.17952380952380953 0.014285714285714285 0.04285714285714286
0 0.3717857142857143 0.22904761904761906 0.012142857142857143 0.023809523809523808
0 0.35928571428571426 0.21714285714285714 0.017142857142857144 0.0419047619047619
0 0.9475 0.07142857142857142 0.015 0.049523809523809526
0 0.935 0.07285714285714286 0.018571428571428572 0.039047619047619046
0 0.9410714285714286 0.051904761904761905 0.013571428571428571 0.04285714285714286
0 0.9307142857142857 0.04619047619047619 0.018571428571428572 0.039047619047619046
0 0.9039285714285714 0.062380952380952384 0.016428571428571428 0.040952380952380955