0 0.19607142857142856 0.35723350253807107 0.0035714285714285713 0.01649746192893401
0 0.2007142857142857 0.35215736040609136 0.004285714285714286 0.013959390862944163
0 0.21107142857142858 0.3286802030456853 0.005 0.015228426395939087
0 0.2985714285714286 0.21256345177664976 0.002857142857142857 0.013959390862944163
0 0.2785714285714286 0.23223350253807107 0.002857142857142857 0.012690355329949238
0 0.295 0.21446700507614214 0.004285714285714286 0.012690355329949238
0 0.30178571428571427 0.20748730964467005 0.005 0.01649746192893401
0 0.2742857142857143 0.23730964467005075 0.002857142857142857 0.015228426395939087
0 0.2867857142857143 0.22208121827411167 0.007857142857142858 0.02284263959390863
0 0.4025 0.06472081218274112 0.0035714285714285713 0.017766497461928935
0 0.41714285714285715 0.044416243654822336 0.004285714285714286 0.02030456852791878
0 0.3921428571428571 0.06852791878172589 0.002857142857142857 0.015228426395939087
0 0.5317857142857143 0.03680203045685279 0.0035714285714285713 0.012690355329949238
0 0.7228571428571429 0.10786802030456853 0.002857142857142857 0.015228426395939087
0 0.7225 0.11230964467005077 0.0035714285714285713 0.011421319796954314
0 0.7392857142857143 0.44416243654822335 0.004285714285714286 0.017766497461928935
0 0.7314285714285714 0.5323604060913706 0.004285714285714286 0.01649746192893401
0 0.7521428571428571 0.5241116751269036 0.004285714285714286 0.015228426395939087
0 0.7492857142857143 0.5304568527918782 0.004285714285714286 0.015228426395939087
0 0.6492857142857142 0.18401015228426396 0.002857142857142857 0.015228426395939087
0 0.6546428571428572 0.19796954314720813 0.0035714285714285713 0.015228426395939087
0 0.6546428571428572 0.18908629441624367 0.0035714285714285713 0.015228426395939087
0 0.66 0.1484771573604061 0.002857142857142857 0.015228426395939087
0 0.29714285714285715 0.4149746192893401 0.005714285714285714 0.015228426395939087