0 0.5039285714285714 0.3028571428571429 0.013571428571428571 0.04380952380952381
0 0.4853571428571429 0.12761904761904763 0.010714285714285714 0.02095238095238095
0 0.485 0.12857142857142856 0.007142857142857143 0.017142857142857144
0 0.5642857142857143 0.07523809523809524 0.007142857142857143 0.02666666666666667
0 0.7992857142857143 0.3361904761904762 0.015714285714285715 0.04
0 0.7139285714285715 0.24 0.010714285714285714 0.03428571428571429
0 0.7353571428571428 0.1838095238095238 0.015 0.030476190476190476
0 0.7321428571428571 0.11571428571428571 0.011428571428571429 0.03142857142857143
0 0.6392857142857142 0.08142857142857143 0.007142857142857143 0.025714285714285714
0 0.6482142857142857 0.07047619047619047 0.007857142857142858 0.02857142857142857
0 0.5932142857142857 0.006190476190476191 0.005 0.012380952380952381
0 0.4639285714285714 0.8176190476190476 0.025 0.035238095238095235