0 0.05107142857142857 0.07238095238095238 0.007857142857142858 0.01904761904761905
0 0.06785714285714285 0.07 0.005714285714285714 0.01619047619047619
0 0.07607142857142857 0.09285714285714286 0.005 0.02
0 0.06035714285714286 0.10095238095238095 0.005 0.013333333333333334
0 0.05178571428571429 0.10476190476190476 0.007857142857142858 0.02095238095238095
0 0.029285714285714286 0.2123809523809524 0.005714285714285714 0.02095238095238095
0 0.0325 0.20666666666666667 0.005 0.017142857142857144
0 0.03428571428571429 0.2542857142857143 0.007142857142857143 0.02095238095238095
0 0.060714285714285714 0.07047619047619047 0.005714285714285714 0.01904761904761905
0 0.08821428571428572 0.08523809523809524 0.0064285714285714285 0.012380952380952381
0 0.10821428571428572 0.2195238095238095 0.005 0.014285714285714285
0 0.016785714285714286 0.3271428571428571 0.007857142857142858 0.018095238095238095
0 0.01 0.36904761904761907 0.007142857142857143 0.023809523809523808
0 0.0064285714285714285 0.43523809523809526 0.007142857142857143 0.02095238095238095
0 0.40964285714285714 0.004761904761904762 0.0035714285714285713 0.009523809523809525
0 0.37285714285714283 0.1180952380952381 0.004285714285714286 0.013333333333333334
0 0.45964285714285713 0.16952380952380952 0.005 0.017142857142857144
0 0.48642857142857143 0.20952380952380953 0.004285714285714286 0.013333333333333334
0 0.5407142857142857 0.259047619047619 0.004285714285714286 0.022857142857142857
0 0.7392857142857143 0.7223809523809523 0.008571428571428572 0.025714285714285714
0 0.7467857142857143 0.7095238095238096 0.009285714285714286 0.022857142857142857
0 0.7403571428571428 0.58 0.012142857142857143 0.024761904761904763
0 0.7292857142857143 0.5095238095238095 0.007142857142857143 0.02095238095238095
0 0.725 0.49476190476190474 0.011428571428571429 0.025714285714285714
0 0.7307142857142858 0.4066666666666667 0.004285714285714286 0.02095238095238095
0 0.7975 0.9404761904761905 0.010714285714285714 0.025714285714285714