0 0.18535714285714286 0.024746192893401017 0.005 0.0266497461928934
0 0.1825 0.06408629441624365 0.005 0.0266497461928934
0 0.1767857142857143 0.14784263959390864 0.005 0.0266497461928934
0 0.18642857142857142 0.005710659898477157 0.002857142857142857 0.011421319796954314
0 0.1925 0.005076142131979695 0.0035714285714285713 0.01015228426395939
0 0.26071428571428573 0.012055837563451776 0.005714285714285714 0.024111675126903553
0 0.17392857142857143 0.1802030456852792 0.0064285714285714285 0.027918781725888325
0 0.11071428571428571 0.26015228426395937 0.005714285714285714 0.02284263959390863
0 0.17107142857142857 0.2036802030456853 0.009285714285714286 0.021573604060913704
0 0.11678571428571428 0.2899746192893401 0.007857142857142858 0.02918781725888325
0 0.11107142857142857 0.2880710659898477 0.009285714285714286 0.027918781725888325
0 0.10678571428571429 0.3699238578680203 0.009285714285714286 0.024111675126903553
0 0.10035714285714285 0.36928934010152287 0.0064285714285714285 0.030456852791878174
0 0.07107142857142858 0.3813451776649746 0.0064285714285714285 0.01903553299492386
0 0.048214285714285716 0.40609137055837563 0.005 0.015228426395939087
0 0.04964285714285714 0.4003807106598985 0.0064285714285714285 0.01649746192893401
0 0.06035714285714286 0.3762690355329949 0.005 0.013959390862944163
0 0.04107142857142857 0.6516497461928934 0.009285714285714286 0.021573604060913704
0 0.955 0.8083756345177665 0.012857142857142857 0.030456852791878174