0 0.5335714285714286 0.010952380952380953 0.004285714285714286 0.008571428571428572
0 0.5125 0.02666666666666667 0.005 0.013333333333333334
0 0.5153571428571428 0.04476190476190476 0.005 0.015238095238095238
0 0.5107142857142857 0.04428571428571428 0.004285714285714286 0.01619047619047619
0 0.55 0.1519047619047619 0.007142857142857143 0.012380952380952381
0 0.5332142857142858 0.20666666666666667 0.0064285714285714285 0.011428571428571429
0 0.5342857142857143 0.2038095238095238 0.007142857142857143 0.013333333333333334
0 0.6207142857142857 0.35619047619047617 0.01 0.017142857142857144
0 0.3492857142857143 0.4185714285714286 0.01 0.023809523809523808
0 0.8817857142857143 0.7619047619047619 0.015 0.024761904761904763
0 0.8610714285714286 0.7404761904761905 0.013571428571428571 0.023809523809523808
0 0.6246428571428572 0.6557142857142857 0.012142857142857143 0.02