0 0.15428571428571428 0.4176190476190476 0.011428571428571429 0.012380952380952381
0 0.15107142857142858 0.42952380952380953 0.010714285714285714 0.015238095238095238
0 0.20714285714285716 0.46095238095238095 0.01 0.02095238095238095
0 0.2067857142857143 0.45380952380952383 0.015 0.01619047619047619
0 0.2025 0.4695238095238095 0.013571428571428571 0.02857142857142857
0 0.20035714285714284 0.43666666666666665 0.009285714285714286 0.023809523809523808
0 0.145 0.41 0.012857142857142857 0.029523809523809525
0 0.1575 0.4038095238095238 0.013571428571428571 0.030476190476190476
0 0.46035714285714285 0.28904761904761905 0.007857142857142858 0.029523809523809525
0 0.49357142857142855 0.48 0.01 0.03619047619047619
0 0.5796428571428571 0.5028571428571429 0.009285714285714286 0.017142857142857144
0 0.5110714285714286 0.46190476190476193 0.009285714285714286 0.02095238095238095
0 0.9592857142857143 0.4419047619047619 0.014285714285714285 0.02857142857142857