0 0.4717857142857143 0.19098984771573604 0.002142857142857143 0.008883248730964468
0 0.4714285714285714 0.2506345177664975 0.002857142857142857 0.008883248730964468
0 0.47464285714285714 0.2506345177664975 0.002142857142857143 0.008883248730964468
0 0.47928571428571426 0.682741116751269 0.004285714285714286 0.015228426395939087
0 0.4057142857142857 0.7734771573604061 0.002857142857142857 0.013959390862944163
0 0.4089285714285714 0.7684010152284264 0.0035714285714285713 0.01649746192893401
0 0.40035714285714286 0.9194162436548223 0.005 0.01903553299492386
0 0.7057142857142857 0.9866751269035533 0.004285714285714286 0.01903553299492386
0 0.7146428571428571 0.9904822335025381 0.005 0.01649746192893401
0 0.6960714285714286 0.9263959390862944 0.005 0.015228426395939087
0 0.6621428571428571 0.725253807106599 0.004285714285714286 0.01649746192893401
0 0.6492857142857142 0.6446700507614214 0.002857142857142857 0.017766497461928935