0 0.457 0.9713333333333334 0.046 0.05333333333333334
0 0.364 0.9726666666666667 0.053 0.05466666666666667
0 0.57925 0.5663333333333334 0.0295 0.058
0 0.52025 0.5743333333333334 0.0305 0.082
0 0.4815 0.5436666666666666 0.029 0.078
0 0.4555 0.532 0.021 0.068
0 0.4315 0.5573333333333333 0.024 0.072
0 0.4105 0.306 0.013 0.04533333333333334
0 0.4285 0.3 0.016 0.06
0 0.3055 0.31 0.027 0.058666666666666666
0 0.37425 0.372 0.0195 0.068
0 0.308 0.364 0.026 0.030666666666666665
0 0.46825 0.24433333333333335 0.0185 0.05266666666666667
0 0.4985 0.03833333333333333 0.01 0.034
0 0.39575 0.029 0.0105 0.042
0 0.544 0.11333333333333333 0.014 0.052
0 0.576 0.13133333333333333 0.009 0.05333333333333334
0 0.62175 0.28933333333333333 0.0195 0.042666666666666665
0 0.89925 0.753 0.0275 0.06066666666666667
0 0.20625 0.019333333333333334 0.0155 0.037333333333333336