0 0.32821428571428574 0.1019047619047619 0.009285714285714286 0.022857142857142857
0 0.3514285714285714 0.26571428571428574 0.008571428571428572 0.02095238095238095
0 0.3507142857142857 0.2780952380952381 0.007142857142857143 0.013333333333333334
0 0.3289285714285714 0.5719047619047619 0.007857142857142858 0.01619047619047619
0 0.2382142857142857 0.5447619047619048 0.013571428571428571 0.015238095238095238
0 0.22535714285714287 0.5319047619047619 0.013571428571428571 0.01619047619047619
0 0.2292857142857143 0.5166666666666667 0.011428571428571429 0.01619047619047619
0 0.24035714285714285 0.5157142857142857 0.012142857142857143 0.01619047619047619
0 0.3607142857142857 0.47619047619047616 0.008571428571428572 0.013333333333333334
0 0.355 0.5009523809523809 0.007142857142857143 0.017142857142857144
0 0.5775 0.8514285714285714 0.010714285714285714 0.01904761904761905
0 0.5875 0.84 0.007857142857142858 0.015238095238095238
0 0.3892857142857143 0.3057142857142857 0.008571428571428572 0.01904761904761905
0 0.3942857142857143 0.28904761904761905 0.007142857142857143 0.02
0 0.39571428571428574 0.2719047619047619 0.007142857142857143 0.018095238095238095
0 0.41964285714285715 0.45285714285714285 0.007857142857142858 0.02
0 0.42892857142857144 0.38476190476190475 0.007857142857142858 0.017142857142857144
0 0.4317857142857143 0.37666666666666665 0.0064285714285714285 0.018095238095238095
0 0.43214285714285716 0.48333333333333334 0.01 0.014285714285714285
0 0.4432142857142857 0.5190476190476191 0.007857142857142858 0.013333333333333334
0 0.5585714285714286 0.5585714285714286 0.008571428571428572 0.014285714285714285
0 0.2775 0.9123809523809524 0.013571428571428571 0.017142857142857144
0 0.44107142857142856 0.42714285714285716 0.0064285714285714285 0.01619047619047619