0 0.0125 0.2542857142857143 0.017857142857142856 0.030476190476190476
0 0.14607142857142857 0.1538095238095238 0.0064285714285714285 0.01619047619047619
0 0.10821428571428572 0.08476190476190476 0.0035714285714285713 0.009523809523809525
0 0.05964285714285714 0.06904761904761905 0.005 0.008571428571428572
0 0.34214285714285714 0.14523809523809525 0.008571428571428572 0.018095238095238095
0 0.3289285714285714 0.1457142857142857 0.007857142857142858 0.017142857142857144
0 0.2785714285714286 0.24523809523809523 0.015714285714285715 0.037142857142857144
0 0.43714285714285717 0.15142857142857144 0.007142857142857143 0.011428571428571429
0 0.4617857142857143 0.14761904761904762 0.007857142857142858 0.02095238095238095
0 0.4417857142857143 0.1461904761904762 0.005 0.018095238095238095
0 0.5203571428571429 0.14 0.0035714285714285713 0.011428571428571429
0 0.665 0.1380952380952381 0.005714285714285714 0.01904761904761905
0 0.6975 0.1742857142857143 0.007857142857142858 0.022857142857142857
0 0.5996428571428571 0.22476190476190477 0.007857142857142858 0.02666666666666667
0 0.6032142857142857 0.22285714285714286 0.0064285714285714285 0.024761904761904763