0 0.23392857142857143 0.08248730964467005 0.009285714285714286 0.030456852791878174
0 0.22785714285714287 0.08883248730964467 0.007142857142857143 0.02030456852791878
0 0.21214285714285713 0.34390862944162437 0.005714285714285714 0.02284263959390863
0 0.26964285714285713 0.2430203045685279 0.009285714285714286 0.02918781725888325
0 0.29964285714285716 0.1453045685279188 0.0064285714285714285 0.013959390862944163
0 0.25214285714285717 0.36421319796954316 0.008571428571428572 0.025380710659898477
0 0.19107142857142856 0.39593908629441626 0.007857142857142858 0.02030456852791878
0 0.27071428571428574 0.5101522842639594 0.008571428571428572 0.017766497461928935
0 0.23107142857142857 0.5095177664974619 0.007857142857142858 0.021573604060913704
0 0.1957142857142857 0.508248730964467 0.007142857142857143 0.01903553299492386
0 0.18107142857142858 0.8286802030456852 0.009285714285714286 0.02030456852791878
0 0.08142857142857143 0.7347715736040609 0.015714285714285715 0.03299492385786802
0 0.07821428571428571 0.9847715736040609 0.015 0.025380710659898477
0 0.01892857142857143 0.9879441624365483 0.020714285714285713 0.021573604060913704
0 0.9410714285714286 0.7601522842639594 0.017857142857142856 0.03299492385786802
0 0.6885714285714286 0.13071065989847716 0.01 0.025380710659898477
0 0.30214285714285716 0.13324873096446702 0.004285714285714286 0.012690355329949238
0 0.24714285714285714 0.3553299492385787 0.004285714285714286 0.017766497461928935
0 0.21821428571428572 0.3489847715736041 0.007857142857142858 0.02030456852791878
0 0.20607142857142857 0.2823604060913706 0.010714285714285714 0.0266497461928934
0 0.2032142857142857 0.49555837563451777 0.007857142857142858 0.01903553299492386
0 0.21607142857142858 0.49428934010152287 0.0064285714285714285 0.01903553299492386
0 0.23107142857142857 0.5279187817258884 0.005 0.015228426395939087
0 0.2775 0.4987309644670051 0.0064285714285714285 0.015228426395939087
0 0.17821428571428571 0.8121827411167513 0.013571428571428571 0.015228426395939087
0 0.9571428571428572 0.8572335025380711 0.008571428571428572 0.03426395939086294
0 0.215 0.14784263959390864 0.011428571428571429 0.024111675126903553