0 0.43785714285714283 0.02238095238095238 0.008571428571428572 0.03142857142857143
0 0.44107142857142856 0.21 0.013571428571428571 0.040952380952380955
0 0.5596428571428571 0.5428571428571428 0.019285714285714285 0.045714285714285714
0 0.5017857142857143 0.40285714285714286 0.015 0.04
0 0.5367857142857143 0.38952380952380955 0.010714285714285714 0.05333333333333334
0 0.5510714285714285 0.27095238095238094 0.012142857142857143 0.054285714285714284
0 0.6064285714285714 0.29619047619047617 0.014285714285714285 0.047619047619047616
0 0.5903571428571428 0.2833333333333333 0.016428571428571428 0.04666666666666667
0 0.6042857142857143 0.2638095238095238 0.017142857142857144 0.05142857142857143
0 0.5646428571428571 0.2695238095238095 0.016428571428571428 0.05142857142857143
0 0.5678571428571428 0.11142857142857143 0.012857142857142857 0.04380952380952381
0 0.5214285714285715 0.0880952380952381 0.008571428571428572 0.039047619047619046
0 0.5146428571428572 0.0980952380952381 0.0064285714285714285 0.01904761904761905