0 0.4357142857142857 0.5723350253807107 0.011428571428571429 0.030456852791878174
0 0.8139285714285714 0.23921319796954316 0.009285714285714286 0.02918781725888325
0 0.8396428571428571 0.8553299492385786 0.015 0.04060913705583756
0 0.9864285714285714 0.6878172588832487 0.017142857142857144 0.03299492385786802
0 0.9096428571428572 0.6478426395939086 0.013571428571428571 0.03680203045685279
0 0.9192857142857143 0.6199238578680203 0.011428571428571429 0.03680203045685279
0 0.9257142857142857 0.6135786802030457 0.012857142857142857 0.03680203045685279
0 0.6939285714285715 0.6446700507614214 0.012142857142857143 0.04314720812182741
0 0.6564285714285715 0.6782994923857868 0.014285714285714285 0.013959390862944163
0 0.7507142857142857 0.20812182741116753 0.007142857142857143 0.017766497461928935
0 0.7403571428571428 0.21637055837563451 0.0064285714285714285 0.01903553299492386
0 0.7257142857142858 0.21256345177664976 0.005714285714285714 0.024111675126903553
0 0.7375 0.21065989847715735 0.0035714285714285713 0.017766497461928935
0 0.7446428571428572 0.21192893401015228 0.005 0.015228426395939087
0 0.7439285714285714 0.20812182741116753 0.0035714285714285713 0.017766497461928935
0 0.7307142857142858 0.21129441624365483 0.007142857142857143 0.024111675126903553
0 0.7221428571428572 0.2068527918781726 0.005714285714285714 0.017766497461928935
0 0.7267857142857143 0.20241116751269037 0.005 0.0266497461928934
0 0.7585714285714286 0.15228426395939088 0.005714285714285714 0.02030456852791878
0 0.8575 0.15736040609137056 0.0064285714285714285 0.02030456852791878