0 0.21642857142857144 0.8785714285714286 0.03571428571428571 0.07904761904761905
0 0.3439285714285714 0.7428571428571429 0.017857142857142856 0.06666666666666667
0 0.40464285714285714 0.7228571428571429 0.017857142857142856 0.06476190476190476
0 0.45571428571428574 0.6857142857142857 0.012857142857142857 0.049523809523809526
0 0.5121428571428571 0.6361904761904762 0.017142857142857144 0.05333333333333334
0 0.6528571428571428 0.7085714285714285 0.02 0.05523809523809524
0 0.4007142857142857 0.5580952380952381 0.017142857142857144 0.05142857142857143
0 0.41964285714285715 0.559047619047619 0.013571428571428571 0.045714285714285714
0 0.4632142857142857 0.5842857142857143 0.009285714285714286 0.04857142857142857
0 0.4853571428571429 0.5895238095238096 0.012142857142857143 0.049523809523809526
0 0.49892857142857144 0.5828571428571429 0.012142857142857143 0.049523809523809526
0 0.4735714285714286 0.5685714285714286 0.02142857142857143 0.02666666666666667
0 0.6332142857142857 0.48714285714285716 0.012142857142857143 0.040952380952380955
0 0.6585714285714286 0.4533333333333333 0.008571428571428572 0.03619047619047619
0 0.665 0.46714285714285714 0.007142857142857143 0.03142857142857143
0 0.6710714285714285 0.4533333333333333 0.0064285714285714285 0.03619047619047619
0 0.6946428571428571 0.5276190476190477 0.007857142857142858 0.0380952380952381
0 0.7342857142857143 0.4604761904761905 0.01 0.03142857142857143
0 0.7275 0.4561904761904762 0.007857142857142858 0.030476190476190476
0 0.7310714285714286 0.4185714285714286 0.013571428571428571 0.029523809523809525
0 0.7846428571428572 0.4438095238095238 0.012142857142857143 0.03619047619047619
0 0.7982142857142858 0.4014285714285714 0.009285714285714286 0.029523809523809525
0 0.7689285714285714 0.3838095238095238 0.007857142857142858 0.02857142857142857
0 0.7364285714285714 0.39571428571428574 0.008571428571428572 0.03333333333333333
0 0.6975 0.3842857142857143 0.0064285714285714285 0.021904761904761906
0 0.6703571428571429 0.37142857142857144 0.009285714285714286 0.022857142857142857
0 0.6596428571428572 0.3738095238095238 0.0064285714285714285 0.014285714285714285
0 0.8575 0.39 0.007857142857142858 0.03142857142857143
0 0.7432142857142857 0.31952380952380954 0.005 0.02
0 0.7864285714285715 0.3519047619047619 0.007142857142857143 0.023809523809523808