0 0.05821428571428571 0.27 0.0035714285714285713 0.010476190476190476
0 0.052142857142857144 0.26857142857142857 0.004285714285714286 0.011428571428571429
0 0.03535714285714286 0.319047619047619 0.005 0.017142857142857144
0 0.030714285714285715 0.3180952380952381 0.005714285714285714 0.013333333333333334
0 0.054642857142857146 0.3319047619047619 0.0035714285714285713 0.012380952380952381
0 0.05 0.3352380952380952 0.004285714285714286 0.013333333333333334
0 0.05785714285714286 0.34904761904761905 0.005714285714285714 0.018095238095238095
0 0.0525 0.34904761904761905 0.0035714285714285713 0.012380952380952381
0 0.05035714285714286 0.4533333333333333 0.005 0.013333333333333334
0 0.0425 0.45476190476190476 0.0064285714285714285 0.02
0 0.011428571428571429 0.6604761904761904 0.004285714285714286 0.01619047619047619
0 0.035 0.9519047619047619 0.01 0.03333333333333333
0 0.07285714285714286 0.9838095238095238 0.012857142857142857 0.02857142857142857
0 0.2835714285714286 0.5552380952380952 0.004285714285714286 0.01904761904761905
0 0.37142857142857144 0.3261904761904762 0.002857142857142857 0.012380952380952381
0 0.3757142857142857 0.3314285714285714 0.002857142857142857 0.011428571428571429
0 0.3782142857142857 0.3376190476190476 0.002142857142857143 0.010476190476190476
0 0.35535714285714287 0.31857142857142856 0.002142857142857143 0.010476190476190476
0 0.38392857142857145 0.34904761904761905 0.002142857142857143 0.010476190476190476
0 0.3871428571428571 0.3619047619047619 0.002857142857142857 0.011428571428571429
0 0.3578571428571429 0.3271428571428571 0.002857142857142857 0.008571428571428572
0 0.3607142857142857 0.3342857142857143 0.0014285714285714286 0.009523809523809525
0 0.3625 0.34095238095238095 0.002142857142857143 0.011428571428571429
0 0.36607142857142855 0.34523809523809523 0.002142857142857143 0.010476190476190476
0 0.37142857142857144 0.3585714285714286 0.002857142857142857 0.008571428571428572
0 0.37535714285714283 0.3619047619047619 0.002142857142857143 0.007619047619047619
0 0.37785714285714284 0.3880952380952381 0.002857142857142857 0.012380952380952381
0 0.3796428571428571 0.36904761904761907 0.002142857142857143 0.010476190476190476
0 0.4567857142857143 0.8338095238095238 0.0064285714285714285 0.02
0 0.47464285714285714 0.539047619047619 0.0035714285714285713 0.017142857142857144
0 0.4682142857142857 0.5371428571428571 0.0035714285714285713 0.015238095238095238
0 0.43607142857142855 0.5142857142857142 0.005 0.015238095238095238
0 0.43142857142857144 0.5190476190476191 0.004285714285714286 0.015238095238095238
0 0.4614285714285714 0.4976190476190476 0.004285714285714286 0.014285714285714285
0 0.4225 0.4361904761904762 0.005 0.017142857142857144
0 0.39964285714285713 0.41 0.0035714285714285713 0.018095238095238095
0 0.4525 0.41095238095238096 0.005 0.018095238095238095
0 0.4610714285714286 0.42952380952380953 0.0035714285714285713 0.015238095238095238
0 0.48035714285714287 0.4328571428571429 0.005 0.01619047619047619
0 0.4692857142857143 0.41714285714285715 0.007142857142857143 0.013333333333333334
0 0.4667857142857143 0.4023809523809524 0.005 0.014285714285714285
0 0.4789285714285714 0.4057142857142857 0.0035714285714285713 0.01904761904761905
0 0.4857142857142857 0.40714285714285714 0.002857142857142857 0.012380952380952381
0 0.48642857142857143 0.4219047619047619 0.002857142857142857 0.015238095238095238
0 0.39035714285714285 0.3233333333333333 0.0035714285714285713 0.014285714285714285
0 0.4010714285714286 0.3352380952380952 0.0035714285714285713 0.013333333333333334
0 0.495 0.4119047619047619 0.002857142857142857 0.014285714285714285
0 0.5007142857142857 0.40476190476190477 0.004285714285714286 0.013333333333333334
0 0.4932142857142857 0.3880952380952381 0.002142857142857143 0.010476190476190476
0 0.5003571428571428 0.39 0.0035714285714285713 0.010476190476190476
0 0.5135714285714286 0.4166666666666667 0.004285714285714286 0.018095238095238095
0 0.5053571428571428 0.42857142857142855 0.0035714285714285713 0.013333333333333334
0 0.5010714285714286 0.43476190476190474 0.0035714285714285713 0.014285714285714285
0 0.52 0.43238095238095237 0.002857142857142857 0.01904761904761905
0 0.5217857142857143 0.39476190476190476 0.0035714285714285713 0.014285714285714285
0 0.5360714285714285 0.41 0.0035714285714285713 0.018095238095238095
0 0.5317857142857143 0.42095238095238097 0.0035714285714285713 0.017142857142857144
0 0.5492857142857143 0.4238095238095238 0.002857142857142857 0.017142857142857144
0 0.5403571428571429 0.43761904761904763 0.0035714285714285713 0.012380952380952381
0 0.5139285714285714 0.5319047619047619 0.0035714285714285713 0.014285714285714285
0 0.4735714285714286 0.4780952380952381 0.002857142857142857 0.013333333333333334
0 0.6085714285714285 0.47904761904761906 0.004285714285714286 0.015238095238095238
0 0.6335714285714286 0.41714285714285715 0.004285714285714286 0.011428571428571429
0 0.7189285714285715 0.8261904761904761 0.005 0.021904761904761906
0 0.7089285714285715 0.819047619047619 0.0064285714285714285 0.02095238095238095
0 0.7521428571428571 0.43761904761904763 0.002857142857142857 0.012380952380952381
0 0.7907142857142857 0.4219047619047619 0.005714285714285714 0.015238095238095238
0 0.9482142857142857 0.38666666666666666 0.0035714285714285713 0.013333333333333334
0 0.8146428571428571 0.48904761904761906 0.009285714285714286 0.006666666666666667
0 0.35964285714285715 0.43476190476190474 0.005 0.008571428571428572
0 0.3475 0.46190476190476193 0.005 0.011428571428571429
0 0.35 0.4785714285714286 0.005714285714285714 0.008571428571428572
0 0.3632142857142857 0.5061904761904762 0.005 0.008571428571428572
0 0.3117857142857143 0.5671428571428572 0.0064285714285714285 0.01619047619047619
0 0.36142857142857143 0.8766666666666667 0.018571428571428572 0.018095238095238095
0 0.3392857142857143 0.6342857142857142 0.007142857142857143 0.013333333333333334
0 0.5996428571428571 0.5338095238095238 0.005 0.014285714285714285
0 0.5778571428571428 0.5366666666666666 0.007142857142857143 0.014285714285714285
0 0.5192857142857142 0.5919047619047619 0.007142857142857143 0.018095238095238095
0 0.5496428571428571 0.670952380952381 0.010714285714285714 0.014285714285714285