0 0.5195 0.794 0.016 0.029333333333333333
0 0.452 0.8206666666666667 0.017 0.025333333333333333
0 0.3955 0.7976666666666666 0.01 0.019333333333333334
0 0.40925 0.81 0.0255 0.029333333333333333
0 0.445 0.7996666666666666 0.015 0.027333333333333334
0 0.447 0.775 0.014 0.023333333333333334
0 0.5025 0.676 0.017 0.025333333333333333
0 0.46625 0.59 0.0095 0.037333333333333336
0 0.4595 0.5306666666666666 0.018 0.028
0 0.54375 0.484 0.0155 0.021333333333333333
0 0.46825 0.32033333333333336 0.0115 0.038
0 0.42475 0.22266666666666668 0.0105 0.021333333333333333
0 0.46 0.18266666666666667 0.011 0.036
0 0.469 0.183 0.01 0.03666666666666667
0 0.459 0.13233333333333333 0.011 0.035333333333333335
0 0.44725 0.131 0.0125 0.03133333333333333
0 0.44175 0.013 0.0145 0.026
0 0.4245 0.023 0.01 0.028666666666666667
0 0.42075 0.015 0.0055 0.03
0 0.54675 0.151 0.0155 0.034
0 0.5065 0.14233333333333334 0.011 0.019333333333333334
0 0.50575 0.13633333333333333 0.0115 0.03