0 0.39 0.5213333333333333 0.03 0.029333333333333333
0 0.48 0.057666666666666665 0.018 0.058
0 0.5895 0.7756666666666666 0.019 0.03666666666666667
0 0.5845 0.794 0.017 0.04133333333333333
0 0.68775 0.772 0.0265 0.036
0 0.646 0.7243333333333334 0.034 0.038
0 0.84825 0.971 0.0405 0.05
0 0.862 0.9556666666666667 0.061 0.04733333333333333
0 0.662 0.37466666666666665 0.026 0.03333333333333333
0 0.61875 0.377 0.0195 0.034
0 0.60575 0.348 0.0125 0.018666666666666668
0 0.5895 0.30833333333333335 0.019 0.04066666666666666
0 0.5975 0.26066666666666666 0.015 0.034666666666666665
0 0.69 0.264 0.023 0.03866666666666667