0 0.2960714285714286 0.09333333333333334 0.0064285714285714285 0.022857142857142857
0 0.37714285714285717 0.024285714285714285 0.007142857142857143 0.021904761904761906
0 0.4017857142857143 0.02238095238095238 0.009285714285714286 0.025714285714285714
0 0.36678571428571427 0.05857142857142857 0.009285714285714286 0.021904761904761906
0 0.3517857142857143 0.09333333333333334 0.0064285714285714285 0.01904761904761905
0 0.3514285714285714 0.09095238095238095 0.004285714285714286 0.012380952380952381
0 0.3560714285714286 0.11 0.007857142857142858 0.01619047619047619
0 0.3264285714285714 0.14809523809523809 0.01 0.025714285714285714
0 0.32357142857142857 0.15523809523809523 0.007142857142857143 0.02095238095238095
0 0.3492857142857143 0.15666666666666668 0.008571428571428572 0.02
0 0.36428571428571427 0.16476190476190475 0.01 0.024761904761904763
0 0.36607142857142855 0.18523809523809523 0.009285714285714286 0.02
0 0.355 0.1838095238095238 0.011428571428571429 0.01904761904761905
0 0.355 0.19428571428571428 0.012857142857142857 0.017142857142857144
0 0.31107142857142855 0.19714285714285715 0.012142857142857143 0.024761904761904763
0 0.2857142857142857 0.18619047619047618 0.007142857142857143 0.018095238095238095
0 0.29035714285714287 0.19238095238095237 0.0064285714285714285 0.015238095238095238
0 0.4225 0.16523809523809524 0.0064285714285714285 0.02
0 0.3846428571428571 0.22428571428571428 0.010714285714285714 0.014285714285714285
0 0.37607142857142856 0.22857142857142856 0.0064285714285714285 0.01904761904761905
0 0.3717857142857143 0.24571428571428572 0.009285714285714286 0.017142857142857144
0 0.37285714285714283 0.2733333333333333 0.012857142857142857 0.015238095238095238
0 0.38 0.25761904761904764 0.005714285714285714 0.018095238095238095
0 0.33464285714285713 0.310952380952381 0.007857142857142858 0.01619047619047619
0 0.49357142857142855 0.2719047619047619 0.01 0.02
0 0.5803571428571429 0.23285714285714285 0.0064285714285714285 0.014285714285714285
0 0.5717857142857142 0.23857142857142857 0.005 0.018095238095238095
0 0.9421428571428572 0.37 0.015714285714285715 0.01619047619047619
0 0.8117857142857143 0.33904761904761904 0.013571428571428571 0.01904761904761905
0 0.9542857142857143 0.4580952380952381 0.014285714285714285 0.01904761904761905
0 0.9542857142857143 0.4742857142857143 0.011428571428571429 0.009523809523809525
0 0.9235714285714286 0.49523809523809526 0.012857142857142857 0.009523809523809525
0 0.8971428571428571 0.4580952380952381 0.014285714285714285 0.024761904761904763
0 0.8814285714285715 0.4642857142857143 0.014285714285714285 0.01619047619047619
0 0.8378571428571429 0.4219047619047619 0.012857142857142857 0.013333333333333334
0 0.8189285714285715 0.44952380952380955 0.012142857142857143 0.007619047619047619
0 0.8014285714285714 0.44666666666666666 0.01 0.01904761904761905
0 0.7985714285714286 0.4438095238095238 0.004285714285714286 0.011428571428571429
0 0.8121428571428572 0.4033333333333333 0.014285714285714285 0.018095238095238095
0 0.8171428571428572 0.3852380952380952 0.012857142857142857 0.018095238095238095
0 0.6814285714285714 0.30333333333333334 0.007142857142857143 0.02
0 0.7278571428571429 0.3466666666666667 0.01 0.01904761904761905
0 0.72 0.39380952380952383 0.012857142857142857 0.021904761904761906
0 0.7153571428571428 0.4076190476190476 0.009285714285714286 0.013333333333333334
0 0.7307142857142858 0.4266666666666667 0.01 0.02095238095238095
0 0.7246428571428571 0.41095238095238096 0.013571428571428571 0.02761904761904762
0 0.7342857142857143 0.40714285714285714 0.011428571428571429 0.021904761904761906
0 0.7371428571428571 0.3952380952380952 0.011428571428571429 0.013333333333333334
0 0.7375 0.3819047619047619 0.007857142857142858 0.015238095238095238
0 0.7021428571428572 0.37047619047619046 0.01 0.024761904761904763
0 0.6910714285714286 0.34714285714285714 0.010714285714285714 0.01619047619047619
0 0.7007142857142857 0.3519047619047619 0.007142857142857143 0.02
0 0.6425 0.3719047619047619 0.007857142857142858 0.018095238095238095
0 0.6675 0.4119047619047619 0.010714285714285714 0.012380952380952381
0 0.6039285714285715 0.3985714285714286 0.009285714285714286 0.018095238095238095
0 0.5957142857142858 0.35904761904761906 0.008571428571428572 0.013333333333333334
0 0.5857142857142857 0.3476190476190476 0.005714285714285714 0.024761904761904763
0 0.5542857142857143 0.33380952380952383 0.007142857142857143 0.021904761904761906
0 0.5539285714285714 0.31333333333333335 0.0064285714285714285 0.015238095238095238
0 0.5621428571428572 0.31761904761904763 0.011428571428571429 0.01619047619047619
0 0.5367857142857143 0.2838095238095238 0.0064285714285714285 0.022857142857142857
0 0.5060714285714286 0.2985714285714286 0.009285714285714286 0.02
0 0.5128571428571429 0.3395238095238095 0.007142857142857143 0.018095238095238095
0 0.4982142857142857 0.3352380952380952 0.007857142857142858 0.013333333333333334
0 0.46285714285714286 0.38333333333333336 0.008571428571428572 0.018095238095238095
0 0.43857142857142856 0.37857142857142856 0.01 0.021904761904761906
0 0.34535714285714286 0.3780952380952381 0.009285714285714286 0.02095238095238095
0 0.3692857142857143 0.38142857142857145 0.011428571428571429 0.02
0 0.16857142857142857 0.6680952380952381 0.015714285714285715 0.018095238095238095
0 0.29035714285714287 0.4957142857142857 0.016428571428571428 0.018095238095238095
0 0.3757142857142857 0.9857142857142858 0.017142857142857144 0.024761904761904763
0 0.42678571428571427 0.9928571428571429 0.007857142857142858 0.012380952380952381
0 0.46464285714285714 0.8633333333333333 0.012142857142857143 0.023809523809523808
0 0.22321428571428573 0.8585714285714285 0.017857142857142856 0.01619047619047619
0 0.2725 0.6566666666666666 0.010714285714285714 0.014285714285714285
0 0.5296428571428572 0.669047619047619 0.009285714285714286 0.02
0 0.5146428571428572 0.5923809523809523 0.007857142857142858 0.017142857142857144
0 0.5039285714285714 0.5766666666666667 0.010714285714285714 0.014285714285714285
0 0.5242857142857142 0.5814285714285714 0.01 0.010476190476190476
0 0.5339285714285714 0.4895238095238095 0.0064285714285714285 0.02095238095238095
0 0.49178571428571427 0.4452380952380952 0.009285714285714286 0.01619047619047619
0 0.44857142857142857 0.4685714285714286 0.008571428571428572 0.017142857142857144
0 0.51 0.44571428571428573 0.011428571428571429 0.015238095238095238
0 0.3675 0.9633333333333334 0.015 0.012380952380952381
0 0.31607142857142856 0.5571428571428572 0.013571428571428571 0.017142857142857144
0 0.31535714285714284 0.45666666666666667 0.009285714285714286 0.01619047619047619
0 0.3389285714285714 0.44 0.010714285714285714 0.017142857142857144
0 0.2975 0.5638095238095238 0.012142857142857143 0.022857142857142857
0 0.2867857142857143 0.5647619047619048 0.013571428571428571 0.017142857142857144
0 0.2764285714285714 0.570952380952381 0.015714285714285715 0.01619047619047619
0 0.26964285714285713 0.5652380952380952 0.013571428571428571 0.018095238095238095
0 0.2775 0.5976190476190476 0.013571428571428571 0.01619047619047619
0 0.26964285714285713 0.6157142857142858 0.012142857142857143 0.02
0 0.26535714285714285 0.5847619047619048 0.013571428571428571 0.015238095238095238
0 0.24928571428571428 0.5847619047619048 0.012857142857142857 0.015238095238095238