0 0.2857142857142857 0.2519035532994924 0.005714285714285714 0.02918781725888325
0 0.09178571428571429 0.22081218274111675 0.013571428571428571 0.03553299492385787
0 0.07535714285714286 0.4543147208121827 0.012142857142857143 0.025380710659898477
0 0.2932142857142857 0.626269035532995 0.007857142857142858 0.02918781725888325
0 0.33214285714285713 0.751269035532995 0.008571428571428572 0.02030456852791878
0 0.34214285714285714 0.7709390862944162 0.008571428571428572 0.01903553299492386
0 0.3414285714285714 0.756979695431472 0.01 0.021573604060913704
0 0.34 0.6395939086294417 0.008571428571428572 0.017766497461928935
0 0.35 0.6281725888324873 0.01 0.017766497461928935
0 0.6046428571428571 0.7157360406091371 0.012142857142857143 0.025380710659898477
0 0.6310714285714286 0.2703045685279188 0.0064285714285714285 0.025380710659898477
0 0.6217857142857143 0.2772842639593909 0.009285714285714286 0.03426395939086294
0 0.5546428571428571 0.2906091370558376 0.0064285714285714285 0.02030456852791878
0 0.605 0.24873096446700507 0.01 0.025380710659898477
0 0.6396428571428572 0.23921319796954316 0.005 0.0266497461928934
0 0.6585714285714286 0.8616751269035533 0.011428571428571429 0.02284263959390863
0 0.6789285714285714 0.8775380710659898 0.016428571428571428 0.024111675126903553
0 0.6771428571428572 0.8984771573604061 0.014285714285714285 0.02284263959390863
0 0.64 0.8826142131979695 0.007142857142857143 0.024111675126903553
0 0.6325 0.8838832487309645 0.007857142857142858 0.021573604060913704
0 0.6553571428571429 0.8889593908629442 0.007857142857142858 0.01903553299492386
0 0.6278571428571429 0.9054568527918782 0.01 0.01903553299492386
0 0.6389285714285714 0.9111675126903553 0.009285714285714286 0.02030456852791878
0 0.6878571428571428 0.9441624365482234 0.01 0.017766497461928935
0 0.6475 0.8845177664974619 0.007857142857142858 0.017766497461928935
0 0.6535714285714286 0.9232233502538071 0.011428571428571429 0.01903553299492386
0 0.6639285714285714 0.934010152284264 0.012142857142857143 0.017766497461928935
0 0.6746428571428571 0.924492385786802 0.009285714285714286 0.01903553299492386
0 0.6785714285714286 0.940989847715736 0.01 0.01903553299492386
0 0.785 0.7975888324873096 0.018571428571428572 0.024111675126903553
0 0.8403571428571428 0.29441624365482233 0.010714285714285714 0.025380710659898477
0 0.8475 0.2753807106598985 0.013571428571428571 0.027918781725888325
0 0.8667857142857143 0.20558375634517767 0.0064285714285714285 0.030456852791878174
0 0.8582142857142857 0.6351522842639594 0.012142857142857143 0.024111675126903553
0 0.8617857142857143 0.6852791878172588 0.015 0.02284263959390863
0 0.8742857142857143 0.6986040609137056 0.012857142857142857 0.02918781725888325
0 0.9371428571428572 0.8527918781725888 0.02 0.027918781725888325
0 0.9392857142857143 0.8838832487309645 0.017142857142857144 0.021573604060913704
0 0.8767857142857143 0.6947969543147208 0.0064285714285714285 0.013959390862944163
0 0.8614285714285714 0.6351522842639594 0.005714285714285714 0.013959390862944163