0 0.5367857142857143 0.3965736040609137 0.0064285714285714285 0.03680203045685279
0 0.39571428571428574 0.2036802030456853 0.004285714285714286 0.02918781725888325
0 0.3942857142857143 0.19606598984771573 0.005714285714285714 0.03680203045685279
0 0.24357142857142858 0.17385786802030456 0.007142857142857143 0.027918781725888325
0 0.23964285714285713 0.17639593908629442 0.009285714285714286 0.03553299492385787
0 0.8707142857142857 0.05456852791878172 0.007142857142857143 0.030456852791878174
0 0.8810714285714286 0.04568527918781726 0.0035714285714285713 0.03807106598984772
0 0.8903571428571428 0.048223350253807105 0.005 0.03807106598984772
0 0.6185714285714285 0.1814720812182741 0.004285714285714286 0.030456852791878174
0 0.6160714285714286 0.11928934010152284 0.007857142857142858 0.025380710659898477
0 0.6257142857142857 0.10152284263959391 0.01 0.027918781725888325
0 0.6292857142857143 0.06789340101522842 0.008571428571428572 0.031725888324873094
0 0.37607142857142856 0.4397208121827411 0.010714285714285714 0.04187817258883249