0 0.07357142857142857 0.17893401015228427 0.004285714285714286 0.015228426395939087
0 0.0675 0.1782994923857868 0.0035714285714285713 0.013959390862944163
0 0.1775 0.2430203045685279 0.0035714285714285713 0.01649746192893401
0 0.18714285714285714 0.23604060913705585 0.002857142857142857 0.012690355329949238
0 0.195 0.24428934010152284 0.002857142857142857 0.013959390862944163
0 0.2 0.2436548223350254 0.002857142857142857 0.012690355329949238
0 0.1825 0.24555837563451777 0.0035714285714285713 0.01649746192893401
0 0.24107142857142858 0.33946700507614214 0.0064285714285714285 0.008883248730964468
0 0.44357142857142856 0.3331218274111675 0.004285714285714286 0.01903553299492386
0 0.5082142857142857 0.375 0.005 0.024111675126903553
0 0.5246428571428572 0.3819796954314721 0.005 0.02284263959390863
0 0.4135714285714286 0.4486040609137056 0.007142857142857143 0.013959390862944163
0 0.4107142857142857 0.42576142131979694 0.007142857142857143 0.006345177664974619
0 0.42214285714285715 0.4486040609137056 0.005714285714285714 0.013959390862944163
0 0.4325 0.46256345177664976 0.0035714285714285713 0.013959390862944163
0 0.6128571428571429 0.33185279187817257 0.002857142857142857 0.013959390862944163
0 0.9435714285714286 0.8616751269035533 0.014285714285714285 0.030456852791878174
0 0.9489285714285715 0.8032994923857868 0.015 0.03553299492385787
0 0.9632142857142857 0.825507614213198 0.015 0.03426395939086294