0 0.2810714285714286 0.08857142857142856 0.009285714285714286 0.02857142857142857
0 0.28214285714285714 0.13380952380952382 0.011428571428571429 0.037142857142857144
0 0.21464285714285714 0.08 0.010714285714285714 0.0380952380952381
0 0.9714285714285714 0.7690476190476191 0.037142857142857144 0.04666666666666667
0 0.8925 0.5061904761904762 0.030714285714285715 0.054285714285714284
0 0.7571428571428571 0.38095238095238093 0.017142857142857144 0.047619047619047616
0 0.8242857142857143 0.35333333333333333 0.02 0.05142857142857143
0 0.765 0.29714285714285715 0.022857142857142857 0.05714285714285714
0 0.71 0.30857142857142855 0.02 0.04380952380952381
0 0.7135714285714285 0.28095238095238095 0.017142857142857144 0.04
0 0.7046428571428571 0.24285714285714285 0.015 0.04380952380952381
0 0.6682142857142858 0.2838095238095238 0.013571428571428571 0.049523809523809526
0 0.6671428571428571 0.1919047619047619 0.012857142857142857 0.04476190476190476
0 0.6382142857142857 0.19238095238095237 0.009285714285714286 0.03428571428571429
0 0.6275 0.19476190476190477 0.007857142857142858 0.02
0 0.6339285714285714 0.24666666666666667 0.012142857142857143 0.04380952380952381
0 0.6464285714285715 0.22238095238095237 0.012857142857142857 0.04666666666666667
0 0.6496428571428572 0.23095238095238096 0.009285714285714286 0.037142857142857144
0 0.6507142857142857 0.24047619047619048 0.007142857142857143 0.039047619047619046
0 0.6435714285714286 0.24761904761904763 0.01 0.04
0 0.6514285714285715 0.15285714285714286 0.01 0.012380952380952381
0 0.6614285714285715 0.1538095238095238 0.015714285714285715 0.025714285714285714
0 0.675 0.13857142857142857 0.01 0.03142857142857143
0 0.6992857142857143 0.13333333333333333 0.011428571428571429 0.02857142857142857
0 0.725 0.09523809523809523 0.012857142857142857 0.0380952380952381
0 0.5353571428571429 0.2319047619047619 0.009285714285714286 0.04476190476190476
0 0.5525 0.12333333333333334 0.007857142857142858 0.03142857142857143
0 0.57 0.037142857142857144 0.01 0.02857142857142857
0 0.5657142857142857 0.07047619047619047 0.01 0.03428571428571429
0 0.6135714285714285 0.08666666666666667 0.007142857142857143 0.02666666666666667
0 0.6060714285714286 0.08476190476190476 0.009285714285714286 0.02857142857142857
0 0.5375 0.07095238095238095 0.009285714285714286 0.03333333333333333
0 0.5296428571428572 0.05761904761904762 0.007857142857142858 0.02761904761904762
0 0.48178571428571426 0.0680952380952381 0.007857142857142858 0.035238095238095235
0 0.58 0.04 0.008571428571428572 0.01904761904761905
0 0.5464285714285714 0.021904761904761906 0.008571428571428572 0.022857142857142857
0 0.55 0.014285714285714285 0.008571428571428572 0.02857142857142857
0 0.5342857142857143 0.009047619047619047 0.008571428571428572 0.018095238095238095
0 0.18357142857142858 0.02857142857142857 0.011428571428571429 0.03238095238095238
0 0.5010714285714286 0.10952380952380952 0.009285714285714286 0.02666666666666667
0 0.9628571428571429 0.5757142857142857 0.024285714285714285 0.037142857142857144
0 0.8946428571428572 0.4504761904761905 0.027857142857142858 0.04380952380952381
0 0.895 0.49142857142857144 0.02857142857142857 0.0380952380952381