0 0.343 0.9203333333333333 0.008 0.020666666666666667
0 0.5855 0.6466666666666666 0.006 0.016
0 0.359 0.713 0.007 0.018
0 0.35375 0.6913333333333334 0.0075 0.021333333333333333
0 0.334 0.6673333333333333 0.005 0.018666666666666668
0 0.33 0.875 0.006 0.019333333333333334
0 0.33725 0.882 0.0075 0.014666666666666666
0 0.33175 0.8913333333333333 0.0115 0.014666666666666666
0 0.42725 0.2783333333333333 0.0035 0.012666666666666666
0 0.4295 0.2796666666666667 0.003 0.012666666666666666
0 0.436 0.268 0.004 0.010666666666666666
0 0.4645 0.17133333333333334 0.003 0.008
0 0.4625 0.15 0.003 0.010666666666666666
0 0.475 0.059333333333333335 0.002 0.006666666666666667
0 0.4775 0.059 0.002 0.008666666666666666
0 0.479 0.049 0.002 0.007333333333333333
0 0.47525 0.04033333333333333 0.0015 0.006
0 0.47625 0.04133333333333333 0.0015 0.005333333333333333
0 0.487 0.03866666666666667 0.002 0.006666666666666667
0 0.48625 0.028333333333333332 0.0015 0.007333333333333333
0 0.5285 0.07633333333333334 0.002 0.007333333333333333
0 0.53475 0.08266666666666667 0.0025 0.006666666666666667
0 0.5305 0.044333333333333336 0.002 0.007333333333333333
0 0.534 0.04533333333333334 0.002 0.006666666666666667