0 0.3417857142857143 0.2019047619047619 0.0064285714285714285 0.015238095238095238
0 0.4039285714285714 0.5233333333333333 0.0064285714285714285 0.02
0 0.2757142857142857 0.6157142857142858 0.007142857142857143 0.014285714285714285
0 0.2978571428571429 0.5176190476190476 0.005714285714285714 0.010476190476190476
0 0.4607142857142857 0.6819047619047619 0.007142857142857143 0.01904761904761905
0 0.2282142857142857 0.830952380952381 0.007857142857142858 0.02
0 0.34035714285714286 0.9428571428571428 0.0064285714285714285 0.013333333333333334
0 0.3271428571428571 0.9471428571428572 0.01 0.014285714285714285
0 0.3225 0.9714285714285714 0.009285714285714286 0.015238095238095238
0 0.33714285714285713 0.9804761904761905 0.01 0.01619047619047619
0 0.31 0.78 0.008571428571428572 0.01904761904761905
0 0.3342857142857143 0.8104761904761905 0.01 0.017142857142857144
0 0.33107142857142857 0.8957142857142857 0.007857142857142858 0.01619047619047619
0 0.32 0.9071428571428571 0.008571428571428572 0.01619047619047619
0 0.3796428571428571 0.9071428571428571 0.010714285714285714 0.02
0 0.4475 0.9166666666666666 0.010714285714285714 0.014285714285714285
0 0.6732142857142858 0.6942857142857143 0.007857142857142858 0.011428571428571429
0 0.6689285714285714 0.7052380952380952 0.007857142857142858 0.014285714285714285
0 0.6785714285714286 0.7171428571428572 0.005714285714285714 0.017142857142857144
0 0.6921428571428572 0.7052380952380952 0.008571428571428572 0.012380952380952381
0 0.7064285714285714 0.8047619047619048 0.005714285714285714 0.015238095238095238
0 0.7267857142857143 0.8247619047619048 0.0064285714285714285 0.017142857142857144
0 0.7417857142857143 0.87 0.007857142857142858 0.02
0 0.7267857142857143 0.8795238095238095 0.0064285714285714285 0.021904761904761906
0 0.7175 0.8590476190476191 0.007857142857142858 0.02095238095238095
0 0.7082142857142857 0.8504761904761905 0.007857142857142858 0.02095238095238095
0 0.6289285714285714 0.8723809523809524 0.012142857142857143 0.01904761904761905
0 0.6139285714285714 0.878095238095238 0.009285714285714286 0.02095238095238095