0 0.39926931106471814 0.3362708719851577 0.0041753653444676405 0.008348794063079777
0 0.40005219206680587 0.3320964749536178 0.0036534446764091857 0.014842300556586271
0 0.3637787056367432 0.4587198515769944 0.005219206680584551 0.02504638218923933
0 0.3530793319415449 0.4587198515769944 0.007828810020876827 0.026901669758812616
0 0.3559498956158664 0.4550092764378479 0.006263048016701462 0.0287569573283859
0 0.3201983298538622 0.45732838589981445 0.007828810020876827 0.025974025974025976
0 0.34394572025052195 0.5046382189239332 0.008350730688935281 0.025974025974025976
0 0.35490605427974947 0.608534322820037 0.011482254697286013 0.02411873840445269
0 0.2453027139874739 0.6920222634508348 0.010438413361169102 0.04452690166975881
0 0.38856993736951984 0.33487940630797774 0.006784968684759917 0.022263450834879406
0 0.48512526096033404 0.22634508348794063 0.0036534446764091857 0.00927643784786642
0 0.5093945720250522 0.23608534322820038 0.003131524008350731 0.01020408163265306
0 0.49269311064718163 0.13636363636363635 0.0020876826722338203 0.0055658627087198514
0 0.48956158663883087 0.11131725417439703 0.0020876826722338203 0.0074211502782931356