0 0.2925 0.23095238095238096 0.015 0.03333333333333333
0 0.445 0.37952380952380954 0.011428571428571429 0.037142857142857144
0 0.8792857142857143 0.2985714285714286 0.014285714285714285 0.029523809523809525
0 0.4089285714285714 0.11761904761904762 0.009285714285714286 0.02
0 0.3992857142857143 0.07047619047619047 0.004285714285714286 0.02095238095238095
0 0.40464285714285714 0.07238095238095238 0.005 0.017142857142857144
0 0.41785714285714287 0.23666666666666666 0.01 0.03142857142857143
0 0.5675 0.33476190476190476 0.012142857142857143 0.04285714285714286
0 0.5521428571428572 0.3538095238095238 0.011428571428571429 0.03142857142857143
0 0.4742857142857143 0.3242857142857143 0.012857142857142857 0.035238095238095235
0 0.4967857142857143 0.3385714285714286 0.010714285714285714 0.035238095238095235
0 0.6314285714285715 0.15666666666666668 0.007142857142857143 0.01619047619047619