0 0.185 0.11952380952380952 0.014285714285714285 0.037142857142857144
0 0.1657142857142857 0.10238095238095238 0.012857142857142857 0.03333333333333333
0 0.17357142857142857 0.11095238095238096 0.011428571428571429 0.037142857142857144
0 0.17821428571428571 0.1219047619047619 0.012142857142857143 0.03428571428571429
0 0.29964285714285716 0.17 0.017857142857142856 0.04285714285714286
0 0.30428571428571427 0.23857142857142857 0.017142857142857144 0.04857142857142857
0 0.3507142857142857 0.17238095238095238 0.014285714285714285 0.04380952380952381
0 0.21214285714285713 0.32095238095238093 0.02 0.0380952380952381
0 0.4232142857142857 0.10380952380952381 0.007857142857142858 0.02666666666666667
0 0.4307142857142857 0.10428571428571429 0.008571428571428572 0.02761904761904762
0 0.5475 0.14666666666666667 0.04214285714285714 0.045714285714285714
0 0.5303571428571429 0.1742857142857143 0.009285714285714286 0.0380952380952381
0 0.5403571428571429 0.17 0.009285714285714286 0.039047619047619046
0 0.5482142857142858 0.05952380952380952 0.007857142857142858 0.02761904761904762
0 0.49892857142857144 0.10857142857142857 0.0064285714285714285 0.015238095238095238
0 0.565 0.056666666666666664 0.007142857142857143 0.01619047619047619
0 0.5667857142857143 0.056666666666666664 0.0064285714285714285 0.02
0 0.7217857142857143 0.034761904761904765 0.009285714285714286 0.029523809523809525
0 0.7239285714285715 0.040952380952380955 0.0064285714285714285 0.02095238095238095
0 0.9096428571428572 0.039047619047619046 0.007857142857142858 0.013333333333333334
0 0.9146428571428571 0.12523809523809523 0.012142857142857143 0.025714285714285714