0 0.21285714285714286 0.07233502538071065 0.005714285714285714 0.015228426395939087
0 0.2125 0.08565989847715735 0.0035714285714285713 0.011421319796954314
0 0.5692857142857143 0.7722081218274112 0.005714285714285714 0.01649746192893401
0 0.5725 0.8902284263959391 0.0035714285714285713 0.008883248730964468
0 0.5771428571428572 0.8902284263959391 0.002857142857142857 0.008883248730964468
0 0.5810714285714286 0.8864213197969543 0.0035714285714285713 0.008883248730964468
0 0.5885714285714285 0.8857868020304569 0.002857142857142857 0.007614213197969543
0 0.5728571428571428 0.9022842639593909 0.002857142857142857 0.007614213197969543
0 0.5739285714285715 0.9143401015228426 0.0035714285714285713 0.008883248730964468
0 0.5785714285714286 0.9130710659898477 0.004285714285714286 0.008883248730964468
0 0.5875 0.9124365482233503 0.0035714285714285713 0.01015228426395939
0 0.5907142857142857 0.9111675126903553 0.002857142857142857 0.01015228426395939
0 0.5932142857142857 0.9352791878172588 0.0035714285714285713 0.01015228426395939
0 0.5778571428571428 0.950507614213198 0.002857142857142857 0.012690355329949238
0 0.5896428571428571 0.9479695431472082 0.0035714285714285713 0.01015228426395939
0 0.5942857142857143 0.9467005076142132 0.002857142857142857 0.007614213197969543
0 0.5785714285714286 0.9638324873096447 0.004285714285714286 0.008883248730964468
0 0.5828571428571429 0.9619289340101523 0.004285714285714286 0.01015228426395939
0 0.5832142857142857 0.9739847715736041 0.0035714285714285713 0.008883248730964468
0 0.5785714285714286 0.9727157360406091 0.002857142857142857 0.008883248730964468
0 0.5921428571428572 0.9720812182741116 0.004285714285714286 0.01015228426395939
0 0.5971428571428572 0.9714467005076142 0.002857142857142857 0.008883248730964468