0 0.07675 0.588 0.0235 0.024
0 0.2645 0.8473333333333334 0.021 0.013333333333333334
0 0.28625 0.8213333333333334 0.0125 0.018666666666666668
0 0.30725 0.8393333333333334 0.0155 0.021333333333333333
0 0.45375 0.7716666666666666 0.0135 0.020666666666666667
0 0.457 0.7533333333333333 0.011 0.017333333333333333
0 0.51725 0.796 0.0155 0.017333333333333333
0 0.5455 0.6936666666666667 0.014 0.016666666666666666
0 0.48575 0.772 0.0135 0.017333333333333333
0 0.486 0.7903333333333333 0.019 0.016666666666666666
0 0.53725 0.8933333333333333 0.0175 0.018666666666666668
0 0.51075 0.9283333333333333 0.0165 0.019333333333333334
0 0.54975 0.6483333333333333 0.0135 0.018
0 0.61675 0.6086666666666667 0.0165 0.016
0 0.58075 0.621 0.0125 0.014
0 0.503 0.3903333333333333 0.01 0.020666666666666667
0 0.3945 0.536 0.017 0.018666666666666668
0 0.50625 0.409 0.0065 0.011333333333333334
0 0.498 0.331 0.012 0.024666666666666667
0 0.45325 0.3343333333333333 0.0105 0.023333333333333334
0 0.4445 0.289 0.017 0.027333333333333334
0 0.43425 0.25666666666666665 0.0095 0.032
0 0.51075 0.21633333333333332 0.0125 0.03133333333333333
0 0.5275 0.7556666666666667 0.02 0.026