0 0.3107142857142857 0.10571428571428572 0.011428571428571429 0.03238095238095238
0 0.30392857142857144 0.1 0.007857142857142858 0.030476190476190476
0 0.30892857142857144 0.0919047619047619 0.009285714285714286 0.025714285714285714
0 0.2382142857142857 0.2976190476190476 0.020714285714285713 0.040952380952380955
0 0.35035714285714287 0.08857142857142856 0.007857142857142858 0.0380952380952381
0 0.215 0.5347619047619048 0.02142857142857143 0.05238095238095238
0 0.6503571428571429 0.1838095238095238 0.013571428571428571 0.0419047619047619
0 0.6589285714285714 0.1461904761904762 0.009285714285714286 0.039047619047619046
0 0.6439285714285714 0.1442857142857143 0.010714285714285714 0.035238095238095235
0 0.7614285714285715 0.07285714285714286 0.008571428571428572 0.035238095238095235
0 0.7735714285714286 0.0719047619047619 0.008571428571428572 0.025714285714285714
0 0.7539285714285714 0.06523809523809523 0.007857142857142858 0.025714285714285714
0 0.915 0.2804761904761905 0.018571428571428572 0.04666666666666667
0 0.9492857142857143 0.31047619047619046 0.015714285714285715 0.049523809523809526
0 0.9435714285714286 0.2966666666666667 0.014285714285714285 0.040952380952380955