0 0.46035714285714285 0.4866751269035533 0.007857142857142858 0.01903553299492386
0 0.7175 0.942258883248731 0.007857142857142858 0.0266497461928934
0 0.6232142857142857 0.5253807106598984 0.005 0.017766497461928935
0 0.49714285714285716 0.5697969543147208 0.005714285714285714 0.02030456852791878
0 0.495 0.45621827411167515 0.004285714285714286 0.013959390862944163
0 0.6114285714285714 0.48286802030456855 0.004285714285714286 0.01649746192893401
0 0.5914285714285714 0.34454314720812185 0.002857142857142857 0.01649746192893401
0 0.5957142857142858 0.33756345177664976 0.004285714285714286 0.015228426395939087
0 0.495 0.2848984771573604 0.004285714285714286 0.01903553299492386
0 0.5910714285714286 0.36738578680203043 0.0035714285714285713 0.01903553299492386
0 0.5682142857142857 0.16878172588832488 0.0035714285714285713 0.01015228426395939
0 0.5646428571428571 0.14276649746192893 0.0035714285714285713 0.013959390862944163
0 0.5639285714285714 0.14911167512690354 0.002142857142857143 0.008883248730964468
0 0.5696428571428571 0.18718274111675126 0.005 0.01903553299492386
0 0.5885714285714285 0.23857868020304568 0.002857142857142857 0.015228426395939087
0 0.5853571428571429 0.22398477157360405 0.0035714285714285713 0.013959390862944163
0 0.5842857142857143 0.21192893401015228 0.004285714285714286 0.012690355329949238
0 0.5771428571428572 0.19543147208121828 0.002857142857142857 0.012690355329949238
0 0.5710714285714286 0.21129441624365483 0.0035714285714285713 0.01649746192893401
0 0.18571428571428572 0.18781725888324874 0.004285714285714286 0.012690355329949238