0 0.8996428571428572 0.48413705583756345 0.009285714285714286 0.02918781725888325
0 0.8660714285714286 0.24746192893401014 0.0035714285714285713 0.02284263959390863
0 0.8639285714285714 0.24175126903553298 0.005 0.021573604060913704
0 0.8685714285714285 0.24238578680203046 0.004285714285714286 0.02284263959390863
0 0.8775 0.2550761421319797 0.005 0.02284263959390863
0 0.8821428571428571 0.24619289340101522 0.004285714285714286 0.025380710659898477
0 0.8728571428571429 0.2468274111675127 0.004285714285714286 0.011421319796954314
0 0.8742857142857143 0.23921319796954316 0.004285714285714286 0.01903553299492386
0 0.8117857142857143 0.29314720812182743 0.0035714285714285713 0.025380710659898477
0 0.8092857142857143 0.28743654822335024 0.004285714285714286 0.024111675126903553
0 0.8178571428571428 0.3052030456852792 0.005714285714285714 0.01903553299492386
0 0.8542857142857143 0.34390862944162437 0.004285714285714286 0.02030456852791878
0 0.8242857142857143 0.35913705583756345 0.004285714285714286 0.02030456852791878
0 0.7492857142857143 0.33121827411167515 0.004285714285714286 0.017766497461928935
0 0.69 0.35786802030456855 0.004285714285714286 0.025380710659898477
0 0.7532142857142857 0.5647208121827412 0.005 0.030456852791878174
0 0.7392857142857143 0.5501269035532995 0.005714285714285714 0.01903553299492386
0 0.7057142857142857 0.5501269035532995 0.005714285714285714 0.01903553299492386
0 0.6389285714285714 0.4930203045685279 0.0064285714285714285 0.01649746192893401
0 0.6525 0.440989847715736 0.0064285714285714285 0.021573604060913704
0 0.15714285714285714 0.05139593908629442 0.005714285714285714 0.01649746192893401
0 0.5378571428571428 0.8597715736040609 0.007142857142857143 0.031725888324873094
0 0.5257142857142857 0.8458121827411168 0.007142857142857143 0.0266497461928934