0 0.4789285714285714 0.51 0.029285714285714286 0.09428571428571429
0 0.5435714285714286 0.5561904761904762 0.03142857142857143 0.08952380952380952
0 0.5978571428571429 0.580952380952381 0.02857142857142857 0.09714285714285714
0 0.33964285714285714 0.2519047619047619 0.010714285714285714 0.03142857142857143
0 0.35 0.24952380952380954 0.011428571428571429 0.030476190476190476
0 0.3492857142857143 0.2276190476190476 0.007142857142857143 0.02666666666666667
0 0.355 0.23047619047619047 0.007142857142857143 0.01904761904761905
0 0.3582142857142857 0.2357142857142857 0.007857142857142858 0.02
0 0.355 0.21285714285714286 0.008571428571428572 0.02
0 0.3425 0.2195238095238095 0.009285714285714286 0.023809523809523808
0 0.39785714285714285 0.2138095238095238 0.008571428571428572 0.02
0 0.4564285714285714 0.22666666666666666 0.005714285714285714 0.017142857142857144
0 0.49464285714285716 0.1595238095238095 0.002142857142857143 0.006666666666666667
0 0.4975 0.1580952380952381 0.002142857142857143 0.005714285714285714
0 0.4860714285714286 0.15857142857142856 0.002142857142857143 0.004761904761904762
0 0.5014285714285714 0.15904761904761905 0.002857142857142857 0.007619047619047619
0 0.6189285714285714 0.18857142857142858 0.0035714285714285713 0.013333333333333334
0 0.6042857142857143 0.19285714285714287 0.007142857142857143 0.012380952380952381
0 0.5617857142857143 0.18 0.0035714285714285713 0.009523809523809525
0 0.6975 0.20142857142857143 0.0064285714285714285 0.014285714285714285
0 0.7064285714285714 0.2057142857142857 0.005714285714285714 0.015238095238095238