0 0.3585714285714286 0.5619047619047619 0.008571428571428572 0.030476190476190476
0 0.5478571428571428 0.05714285714285714 0.007142857142857143 0.024761904761904763
0 0.565 0.01 0.004285714285714286 0.02
0 0.6439285714285714 0.24 0.009285714285714286 0.011428571428571429
0 0.6142857142857143 0.26476190476190475 0.007142857142857143 0.024761904761904763
0 0.6971428571428572 0.7642857142857142 0.005714285714285714 0.021904761904761906
0 0.7575 0.8038095238095239 0.007857142857142858 0.03238095238095238
0 0.8610714285714286 0.6947619047619048 0.009285714285714286 0.03333333333333333
0 0.8714285714285714 0.689047619047619 0.007142857142857143 0.025714285714285714
0 0.8778571428571429 0.6871428571428572 0.005714285714285714 0.018095238095238095
0 0.8725 0.46285714285714286 0.007857142857142858 0.022857142857142857
0 0.8807142857142857 0.46285714285714286 0.005714285714285714 0.022857142857142857
0 0.8610714285714286 0.24714285714285714 0.0035714285714285713 0.021904761904761906
0 0.8414285714285714 0.24476190476190476 0.004285714285714286 0.02095238095238095
0 0.8 0.2619047619047619 0.005714285714285714 0.02095238095238095
0 0.9032142857142857 0.21476190476190476 0.007857142857142858 0.021904761904761906