0 0.7985 0.592 0.01 0.02
0 0.72575 0.49666666666666665 0.0085 0.021333333333333333
0 0.6925 0.423 0.008 0.020666666666666667
0 0.428 0.9923333333333333 0.013 0.015333333333333332
0 0.39825 0.925 0.0085 0.019333333333333334
0 0.36025 0.969 0.0145 0.023333333333333334
0 0.13325 0.123 0.0055 0.011333333333333334
0 0.20475 0.13333333333333333 0.0015 0.004
0 0.20275 0.13233333333333333 0.0035 0.006
0 0.3445 0.33366666666666667 0.007 0.01
0 0.40275 0.33866666666666667 0.0065 0.016
0 0.40375 0.337 0.0065 0.016666666666666666
0 0.40975 0.346 0.0045 0.016
0 0.41025 0.3413333333333333 0.0075 0.016
0 0.36425 0.5153333333333333 0.0055 0.014666666666666666
0 0.3665 0.5306666666666666 0.007 0.018666666666666668
0 0.5755 0.3943333333333333 0.005 0.01
0 0.569 0.3973333333333333 0.004 0.009333333333333334
0 0.56775 0.39066666666666666 0.0035 0.013333333333333334
0 0.54075 0.324 0.0035 0.016
0 0.54575 0.332 0.0045 0.009333333333333334
0 0.38525 0.237 0.0035 0.014
0 0.3965 0.23866666666666667 0.003 0.012
0 0.3985 0.234 0.003 0.013333333333333334
0 0.9855 0.23366666666666666 0.007 0.011333333333333334
0 0.463 0.25366666666666665 0.004 0.01
0 0.54925 0.16933333333333334 0.0035 0.012
0 0.5465 0.16933333333333334 0.002 0.010666666666666666
0 0.544 0.169 0.002 0.011333333333333334
0 0.54225 0.16966666666666666 0.0025 0.011333333333333334
0 0.56425 0.26866666666666666 0.0045 0.014666666666666666
0 0.547 0.26766666666666666 0.005 0.014
0 0.662 0.291 0.006 0.016666666666666666
0 0.6665 0.289 0.005 0.015333333333333332
0 0.72875 0.291 0.0045 0.015333333333333332
0 0.723 0.28 0.006 0.014666666666666666
0 0.71175 0.2743333333333333 0.0055 0.015333333333333332
0 0.74125 0.231 0.0045 0.012666666666666666
0 0.75075 0.06733333333333333 0.0025 0.009333333333333334
0 0.746 0.06766666666666667 0.003 0.008666666666666666
0 0.84525 0.046 0.0025 0.009333333333333334
0 0.8405 0.044 0.003 0.009333333333333334
0 0.82875 0.024333333333333332 0.0025 0.007333333333333333