0 0.2007142857142857 0.5942857142857143 0.022857142857142857 0.07238095238095238
0 0.5135714285714286 0.7423809523809524 0.02857142857142857 0.08476190476190476
0 0.5375 0.9204761904761904 0.04071428571428572 0.11714285714285715
0 0.27785714285714286 0.48714285714285716 0.02142857142857143 0.04857142857142857
0 0.5485714285714286 0.370952380952381 0.014285714285714285 0.039047619047619046
0 0.06035714285714286 0.5504761904761905 0.02642857142857143 0.030476190476190476
0 0.35642857142857143 0.49142857142857144 0.011428571428571429 0.02666666666666667
0 0.34964285714285714 0.48904761904761906 0.015 0.02761904761904762
0 0.5264285714285715 0.4795238095238095 0.015714285714285715 0.040952380952380955
0 0.5592857142857143 0.34523809523809523 0.012857142857142857 0.02761904761904762
0 0.5532142857142858 0.29523809523809524 0.012142857142857143 0.02666666666666667
0 0.5946428571428571 0.2733333333333333 0.0064285714285714285 0.022857142857142857
0 0.6117857142857143 0.2423809523809524 0.007857142857142858 0.01619047619047619
0 0.5896428571428571 0.21142857142857144 0.0035714285714285713 0.011428571428571429
0 0.5353571428571429 0.2480952380952381 0.0064285714285714285 0.02
0 0.5317857142857143 0.2357142857142857 0.0064285714285714285 0.018095238095238095
0 0.5421428571428571 0.24095238095238095 0.004285714285714286 0.011428571428571429
0 0.5417857142857143 0.23761904761904762 0.0064285714285714285 0.018095238095238095
0 0.5375 0.24095238095238095 0.0064285714285714285 0.017142857142857144
0 0.5332142857142858 0.22238095238095237 0.0064285714285714285 0.012380952380952381
0 0.5389285714285714 0.22142857142857142 0.0035714285714285713 0.008571428571428572
0 0.5578571428571428 0.21666666666666667 0.004285714285714286 0.010476190476190476
0 0.7110714285714286 0.20666666666666667 0.0035714285714285713 0.009523809523809525
0 0.7139285714285715 0.20809523809523808 0.0035714285714285713 0.008571428571428572
0 0.7285714285714285 0.2123809523809524 0.004285714285714286 0.013333333333333334
0 0.7207142857142858 0.21619047619047618 0.002857142857142857 0.007619047619047619
0 0.7425 0.22666666666666666 0.005 0.009523809523809525
0 0.8164285714285714 0.24714285714285714 0.007142857142857143 0.014285714285714285
0 0.8746428571428572 0.26 0.0035714285714285713 0.011428571428571429
0 0.8785714285714286 0.25761904761904764 0.005714285714285714 0.01619047619047619
0 0.9871428571428571 0.2895238095238095 0.01 0.022857142857142857
0 0.8889285714285714 0.2704761904761905 0.007857142857142858 0.015238095238095238
0 0.9092857142857143 0.2795238095238095 0.008571428571428572 0.01619047619047619
0 0.06035714285714286 0.20476190476190476 0.005 0.017142857142857144
0 0.0575 0.20047619047619047 0.005 0.01619047619047619
0 0.2117857142857143 0.5228571428571429 0.020714285714285713 0.02666666666666667