0 0.2857142857142857 0.6080952380952381 0.02857142857142857 0.02
0 0.32142857142857145 0.5823809523809523 0.025714285714285714 0.021904761904761906
0 0.46785714285714286 0.2785714285714286 0.02 0.03142857142857143
0 0.6025 0.3038095238095238 0.015 0.03238095238095238
0 0.5292857142857142 0.39904761904761904 0.012857142857142857 0.03428571428571429
0 0.6892857142857143 0.25666666666666665 0.017142857142857144 0.03333333333333333
0 0.6392857142857142 0.1676190476190476 0.02142857142857143 0.03428571428571429
0 0.5967857142857143 0.11952380952380952 0.020714285714285713 0.040952380952380955
0 0.5639285714285714 0.10523809523809524 0.016428571428571428 0.02761904761904762
0 0.8964285714285715 0.2804761904761905 0.03 0.037142857142857144
0 0.7110714285714286 0.23285714285714285 0.017857142857142856 0.03142857142857143
0 0.685 0.21666666666666667 0.014285714285714285 0.039047619047619046
0 0.6821428571428572 0.2419047619047619 0.011428571428571429 0.02857142857142857
0 0.6375 0.27476190476190476 0.017857142857142856 0.03142857142857143
0 0.6735714285714286 0.7561904761904762 0.02 0.030476190476190476