0 0.4689285714285714 0.8790476190476191 0.056428571428571425 0.2419047619047619
0 0.18642857142857142 0.6204761904761905 0.04 0.06190476190476191
0 0.1825 0.5952380952380952 0.052142857142857144 0.08
0 0.29892857142857143 0.37333333333333335 0.02214285714285714 0.05142857142857143
0 0.6817857142857143 0.3376190476190476 0.02214285714285714 0.06761904761904762
0 0.7389285714285714 0.2976190476190476 0.016428571428571428 0.06380952380952382
0 0.7603571428571428 0.30857142857142855 0.017857142857142856 0.06666666666666667
0 0.7775 0.29714285714285715 0.02214285714285714 0.07428571428571429
0 0.9421428571428572 0.2623809523809524 0.027142857142857142 0.06952380952380953
0 0.024285714285714285 0.2857142857142857 0.011428571428571429 0.02095238095238095
0 0.2075 0.24761904761904763 0.009285714285714286 0.022857142857142857
0 0.19392857142857142 0.22047619047619046 0.005 0.010476190476190476
0 0.18357142857142858 0.22714285714285715 0.005714285714285714 0.01619047619047619
0 0.4660714285714286 0.2804761904761905 0.0064285714285714285 0.018095238095238095
0 0.35285714285714287 0.259047619047619 0.007142857142857143 0.017142857142857144