0 0.2565 0.089 0.023 0.04066666666666666
0 0.09075 0.712 0.0365 0.021333333333333333
0 0.08875 0.7266666666666667 0.0365 0.024
0 0.051 0.8856666666666667 0.039 0.038
0 0.12575 0.8316666666666667 0.0275 0.03
0 0.1675 0.8003333333333333 0.029 0.028666666666666667
0 0.1755 0.774 0.029 0.02666666666666667
0 0.26425 0.836 0.0165 0.025333333333333333
0 0.19025 0.6643333333333333 0.0255 0.022
0 0.21575 0.6666666666666666 0.0265 0.02266666666666667
0 0.205 0.6396666666666667 0.019 0.012666666666666666
0 0.22225 0.6416666666666667 0.0215 0.014
0 0.251 0.613 0.017 0.03
0 0.29975 0.627 0.0185 0.014
0 0.30075 0.6413333333333333 0.0175 0.016
0 0.39725 0.541 0.0165 0.020666666666666667
0 0.41875 0.5263333333333333 0.0185 0.020666666666666667
0 0.69325 0.31733333333333336 0.0195 0.02666666666666667
0 0.7125 0.31066666666666665 0.017 0.025333333333333333
0 0.6495 0.4663333333333333 0.021 0.03266666666666666
0 0.66575 0.488 0.0175 0.017333333333333333
0 0.9785 0.3393333333333333 0.04 0.02
0 0.979 0.4553333333333333 0.028 0.02266666666666667
0 0.9865 0.444 0.027 0.02666666666666667
0 0.81825 0.423 0.0085 0.014
0 0.8355 0.4186666666666667 0.014 0.016
0 0.77325 0.4703333333333333 0.0235 0.019333333333333334
0 0.793 0.49566666666666664 0.026 0.026
0 0.79925 0.49033333333333334 0.0215 0.020666666666666667
0 0.8825 0.6116666666666667 0.02 0.027333333333333334
0 0.5235 0.7253333333333334 0.016 0.025333333333333333
0 0.49325 0.664 0.0205 0.030666666666666665
0 0.532 0.6673333333333333 0.013 0.017333333333333333
0 0.4475 0.7013333333333334 0.015 0.024
0 0.4115 0.7163333333333334 0.022 0.028666666666666667
0 0.39375 0.7833333333333333 0.0145 0.029333333333333333