0 0.17607142857142857 0.8666666666666667 0.030714285714285715 0.05714285714285714
0 0.3125 0.7842857142857143 0.027857142857142858 0.04666666666666667
0 0.39535714285714285 0.7076190476190476 0.020714285714285713 0.045714285714285714
0 0.4542857142857143 0.6814285714285714 0.02142857142857143 0.04857142857142857
0 0.33321428571428574 0.6804761904761905 0.020714285714285713 0.04476190476190476
0 0.2842857142857143 0.6752380952380952 0.02 0.04380952380952381
0 0.25357142857142856 0.63 0.015714285714285715 0.039047619047619046
0 0.30607142857142855 0.6204761904761905 0.013571428571428571 0.04476190476190476
0 0.03964285714285714 0.6152380952380953 0.012142857142857143 0.03428571428571429
0 0.3053571428571429 0.47904761904761906 0.005 0.009523809523809525
0 0.8975 0.5776190476190476 0.013571428571428571 0.029523809523809525
0 0.835 0.5538095238095239 0.011428571428571429 0.023809523809523808
0 0.7664285714285715 0.5252380952380953 0.008571428571428572 0.029523809523809525