0 0.45375 0.989 0.0215 0.022
0 0.5255 0.9763333333333334 0.032 0.04733333333333333
0 0.50575 0.9166666666666666 0.0415 0.037333333333333336
0 0.042 0.925 0.054 0.043333333333333335
0 0.06375 0.9023333333333333 0.0525 0.04066666666666666
0 0.22275 0.8813333333333333 0.0395 0.052
0 0.25625 0.7726666666666666 0.0385 0.056
0 0.14875 0.9133333333333333 0.0555 0.05466666666666667
0 0.14875 0.773 0.0515 0.05266666666666667
0 0.31 0.6733333333333333 0.03 0.05333333333333334
0 0.90875 0.4786666666666667 0.0185 0.037333333333333336
0 0.605 0.539 0.019 0.026
0 0.58825 0.5596666666666666 0.0205 0.03133333333333333
0 0.624 0.518 0.02 0.04133333333333333
0 0.59725 0.5066666666666667 0.0195 0.032
0 0.519 0.5213333333333333 0.019 0.042666666666666665
0 0.55425 0.5073333333333333 0.0165 0.04133333333333333
0 0.3135 0.5503333333333333 0.026 0.05
0 0.11675 0.685 0.0365 0.04733333333333333
0 0.1405 0.672 0.024 0.036
0 0.09075 0.5926666666666667 0.0365 0.037333333333333336
0 0.11425 0.6356666666666667 0.0315 0.048666666666666664
0 0.21175 0.4756666666666667 0.0335 0.05266666666666667
0 0.22225 0.448 0.0215 0.06
0 0.53 0.278 0.018 0.037333333333333336
0 0.2365 0.26066666666666666 0.018 0.037333333333333336
0 0.212 0.27 0.019 0.04133333333333333
0 0.209 0.26566666666666666 0.013 0.020666666666666667
0 0.31625 0.043666666666666666 0.0115 0.027333333333333334
0 0.491 0.12566666666666668 0.014 0.03133333333333333
0 0.58625 0.126 0.0125 0.04
0 0.5955 0.13366666666666666 0.01 0.027333333333333334
0 0.63375 0.07133333333333333 0.0055 0.036
0 0.621 0.052 0.006 0.018666666666666668
0 0.627 0.05533333333333333 0.006 0.017333333333333333
0 0.6785 0.063 0.009 0.035333333333333335
0 0.49275 0.034666666666666665 0.0045 0.028
0 0.487 0.038 0.006 0.037333333333333336
0 0.4875 0.025333333333333333 0.005 0.03333333333333333