0 0.4039285714285714 0.5395238095238095 0.0064285714285714285 0.02761904761904762
0 0.5042857142857143 0.17857142857142858 0.0014285714285714286 0.006666666666666667
0 0.5260714285714285 0.21571428571428572 0.002142857142857143 0.008571428571428572
0 0.5275 0.21619047619047618 0.002142857142857143 0.005714285714285714
0 0.7192857142857143 0.5985714285714285 0.008571428571428572 0.012380952380952381
0 0.6657142857142857 0.36904761904761907 0.004285714285714286 0.004761904761904762
0 0.6178571428571429 0.20761904761904762 0.002857142857142857 0.005714285714285714
0 0.6042857142857143 0.2895238095238095 0.002857142857142857 0.005714285714285714
0 0.49714285714285716 0.32285714285714284 0.004285714285714286 0.007619047619047619
0 0.48642857142857143 0.3380952380952381 0.004285714285714286 0.007619047619047619
0 0.4875 0.3538095238095238 0.005 0.006666666666666667
0 0.4639285714285714 0.5685714285714286 0.009285714285714286 0.01904761904761905