0 0.3389285714285714 0.49476190476190474 0.002142857142857143 0.006666666666666667
0 0.28535714285714286 0.4880952380952381 0.002142857142857143 0.006666666666666667
0 0.2782142857142857 0.48714285714285716 0.002142857142857143 0.004761904761904762
0 0.6275 0.6195238095238095 0.007857142857142858 0.025714285714285714
0 0.7460714285714286 0.6376190476190476 0.0064285714285714285 0.025714285714285714
0 0.795 0.64 0.005714285714285714 0.024761904761904763
0 0.7989285714285714 0.6361904761904762 0.0064285714285714285 0.024761904761904763
0 0.8075 0.64 0.007857142857142858 0.02666666666666667
0 0.8185714285714286 0.6342857142857142 0.005714285714285714 0.024761904761904763
0 0.8257142857142857 0.6342857142857142 0.007142857142857143 0.02857142857142857
0 0.8596428571428572 0.6314285714285715 0.005 0.024761904761904763
0 0.8560714285714286 0.6290476190476191 0.0064285714285714285 0.029523809523809525
0 0.8646428571428572 0.628095238095238 0.0064285714285714285 0.02761904761904762
0 0.8685714285714285 0.63 0.008571428571428572 0.025714285714285714
0 0.8725 0.628095238095238 0.0064285714285714285 0.025714285714285714
0 0.8842857142857142 0.63 0.008571428571428572 0.02761904761904762
0 0.9703571428571428 0.6433333333333333 0.010714285714285714 0.02