0 0.3682142857142857 0.24523809523809523 0.0064285714285714285 0.010476190476190476
0 0.355 0.18047619047619048 0.002857142857142857 0.008571428571428572
0 0.35285714285714287 0.1823809523809524 0.004285714285714286 0.012380952380952381
0 0.37357142857142855 0.17238095238095238 0.005714285714285714 0.015238095238095238
0 0.8435714285714285 0.5580952380952381 0.008571428571428572 0.015238095238095238
0 0.8264285714285714 0.5219047619047619 0.012857142857142857 0.02095238095238095
0 0.8475 0.19095238095238096 0.0064285714285714285 0.018095238095238095
0 0.8435714285714285 0.19047619047619047 0.005714285714285714 0.017142857142857144
0 0.6303571428571428 0.2661904761904762 0.009285714285714286 0.014285714285714285
0 0.8210714285714286 0.2671428571428571 0.007857142857142858 0.012380952380952381
0 0.8164285714285714 0.26476190476190475 0.004285714285714286 0.011428571428571429
0 0.8403571428571428 0.28523809523809524 0.007857142857142858 0.018095238095238095
0 0.7803571428571429 0.12285714285714286 0.0035714285714285713 0.009523809523809525
0 0.7757142857142857 0.11523809523809524 0.007142857142857143 0.011428571428571429
0 0.7489285714285714 0.07761904761904762 0.0035714285714285713 0.006666666666666667
0 0.9082142857142858 0.07523809523809524 0.005 0.015238095238095238
0 0.6710714285714285 0.011904761904761904 0.0035714285714285713 0.010476190476190476