0 0.21357142857142858 0.6307106598984772 0.005714285714285714 0.017766497461928935
0 0.2117857142857143 0.6389593908629442 0.0035714285714285713 0.008883248730964468
0 0.48214285714285715 0.4137055837563452 0.002857142857142857 0.012690355329949238
0 0.41535714285714287 0.23413705583756345 0.0035714285714285713 0.013959390862944163
0 0.37392857142857144 0.008248730964467006 0.002142857142857143 0.013959390862944163
0 0.37 0.007614213197969543 0.002857142857142857 0.012690355329949238
0 0.3607142857142857 0.03934010152284264 0.002857142857142857 0.01015228426395939
0 0.6307142857142857 0.3953045685279188 0.002857142857142857 0.013959390862944163
0 0.6185714285714285 0.4073604060913706 0.002857142857142857 0.015228426395939087
0 0.6214285714285714 0.43781725888324874 0.005714285714285714 0.015228426395939087
0 0.6267857142857143 0.3699238578680203 0.0035714285714285713 0.01649746192893401
0 0.6217857142857143 0.37880710659898476 0.0035714285714285713 0.01903553299492386
0 0.6164285714285714 0.3895939086294416 0.002857142857142857 0.012690355329949238
0 0.6196428571428572 0.3756345177664975 0.0035714285714285713 0.012690355329949238
0 0.6717857142857143 0.3356598984771574 0.005 0.008883248730964468