0 0.48642857142857143 0.1884517766497462 0.004285714285714286 0.011421319796954314
0 0.45714285714285713 0.27220812182741116 0.002857142857142857 0.008883248730964468
0 0.4757142857142857 0.18718274111675126 0.002857142857142857 0.011421319796954314
0 0.4714285714285714 0.1833756345177665 0.004285714285714286 0.011421319796954314
0 0.45571428571428574 0.3432741116751269 0.004285714285714286 0.011421319796954314
0 0.4521428571428571 0.37055837563451777 0.002857142857142857 0.012690355329949238
0 0.45535714285714285 0.4010152284263959 0.0035714285714285713 0.01015228426395939
0 0.44607142857142856 0.4263959390862944 0.002142857142857143 0.01015228426395939
0 0.42678571428571427 0.7125634517766497 0.0035714285714285713 0.013959390862944163
0 0.4342857142857143 0.7176395939086294 0.004285714285714286 0.013959390862944163
0 0.42928571428571427 0.8331218274111675 0.004285714285714286 0.013959390862944163
0 0.41785714285714287 0.7975888324873096 0.004285714285714286 0.011421319796954314
0 0.4182142857142857 0.7868020304568528 0.0035714285714285713 0.01015228426395939
0 0.415 0.9746192893401016 0.004285714285714286 0.015228426395939087