0 0.09 0.23904761904761904 0.002857142857142857 0.011428571428571429
0 0.2689285714285714 0.2561904761904762 0.005 0.015238095238095238
0 0.5228571428571429 0.58 0.005714285714285714 0.02095238095238095
0 0.6296428571428572 0.06857142857142857 0.002142857142857143 0.007619047619047619
0 0.6164285714285714 0.12095238095238095 0.0014285714285714286 0.009523809523809525
0 0.7889285714285714 0.32095238095238093 0.0035714285714285713 0.011428571428571429
0 0.7635714285714286 0.2 0.002857142857142857 0.007619047619047619
0 0.8253571428571429 0.39380952380952383 0.0064285714285714285 0.029523809523809525
0 0.8232142857142857 0.4533333333333333 0.005 0.02095238095238095
0 0.8110714285714286 0.4561904761904762 0.005 0.017142857142857144
0 0.6825 0.024285714285714285 0.002142857142857143 0.002857142857142857
0 0.6925 0.09571428571428571 0.002142857142857143 0.004761904761904762
0 0.7007142857142857 0.12333333333333334 0.0014285714285714286 0.004761904761904762
0 0.6017857142857143 0.25476190476190474 0.0035714285714285713 0.006666666666666667
0 0.7360714285714286 0.3461904761904762 0.0064285714285714285 0.010476190476190476
0 0.5714285714285714 0.5852380952380952 0.004285714285714286 0.014285714285714285