0 0.185 0.5139593908629442 0.002857142857142857 0.01015228426395939
0 0.10892857142857143 0.5977157360406091 0.005 0.015228426395939087
0 0.3792857142857143 0.5761421319796954 0.002857142857142857 0.007614213197969543
0 0.43714285714285717 0.1782994923857868 0.002857142857142857 0.008883248730964468
0 0.43535714285714283 0.1649746192893401 0.002142857142857143 0.01015228426395939
0 0.43857142857142856 0.16434010152284265 0.002857142857142857 0.011421319796954314
0 0.3825 0.056472081218274114 0.002142857142857143 0.008883248730964468
0 0.39071428571428574 0.060279187817258884 0.0014285714285714286 0.008883248730964468
0 0.39464285714285713 0.05139593908629442 0.002142857142857143 0.008883248730964468
0 0.4125 0.03426395939086294 0.002142857142857143 0.007614213197969543
0 0.3942857142857143 0.012690355329949238 0.0014285714285714286 0.007614213197969543
0 0.4585714285714286 0.031091370558375634 0.002857142857142857 0.006345177664974619
0 0.4714285714285714 0.02982233502538071 0.002857142857142857 0.008883248730964468
0 0.4757142857142857 0.03616751269035533 0.0014285714285714286 0.008883248730964468
0 0.4992857142857143 0.03299492385786802 0.002857142857142857 0.007614213197969543
0 0.48428571428571426 0.03426395939086294 0.002857142857142857 0.01015228426395939
0 0.5039285714285714 0.03553299492385787 0.002142857142857143 0.007614213197969543
0 0.5042857142857143 0.03299492385786802 0.002857142857142857 0.007614213197969543
0 0.5353571428571429 0.02728426395939086 0.002142857142857143 0.008883248730964468
0 0.545 0.02918781725888325 0.002857142857142857 0.01015228426395939
0 0.5285714285714286 0.02982233502538071 0.002857142857142857 0.008883248730964468
0 0.41285714285714287 0.0983502538071066 0.002857142857142857 0.011421319796954314
0 0.4085714285714286 0.09708121827411167 0.002857142857142857 0.008883248730964468
0 0.4942857142857143 0.0799492385786802 0.002857142857142857 0.01015228426395939
0 0.6114285714285714 0.19098984771573604 0.0014285714285714286 0.008883248730964468
0 0.6428571428571429 0.3743654822335025 0.002857142857142857 0.01015228426395939
0 0.6928571428571428 0.5640862944162437 0.004285714285714286 0.013959390862944163