0 0.08142857142857143 0.10977157360406091 0.004285714285714286 0.013959390862944163
0 0.2825 0.1383248730964467 0.0035714285714285713 0.015228426395939087
0 0.2117857142857143 0.11865482233502538 0.0035714285714285713 0.011421319796954314
0 0.02642857142857143 0.08819796954314721 0.004285714285714286 0.008883248730964468
0 0.09071428571428572 0.10723350253807107 0.005714285714285714 0.011421319796954314
0 0.2367857142857143 0.4815989847715736 0.005 0.011421319796954314
0 0.225 0.4854060913705584 0.004285714285714286 0.011421319796954314
0 0.21892857142857142 0.48413705583756345 0.0035714285714285713 0.011421319796954314
0 0.2475 0.4714467005076142 0.0064285714285714285 0.01649746192893401
0 0.2596428571428571 0.46890862944162437 0.005 0.008883248730964468
0 0.21857142857142858 0.46256345177664976 0.002857142857142857 0.011421319796954314
0 0.21428571428571427 0.46573604060913704 0.004285714285714286 0.007614213197969543
0 0.22357142857142856 0.4612944162436548 0.005714285714285714 0.011421319796954314
0 0.23 0.4593908629441624 0.004285714285714286 0.012690355329949238
0 0.22321428571428573 0.4720812182741117 0.005 0.007614213197969543
0 0.2292857142857143 0.475253807106599 0.005714285714285714 0.013959390862944163
0 0.23642857142857143 0.4651015228426396 0.004285714285714286 0.013959390862944163
0 0.33321428571428574 0.5939086294416244 0.0064285714285714285 0.01015228426395939
0 0.34785714285714286 0.5862944162436549 0.007142857142857143 0.02284263959390863
0 0.3532142857142857 0.574238578680203 0.005 0.024111675126903553
0 0.3560714285714286 0.6522842639593909 0.007857142857142858 0.017766497461928935
0 0.4164285714285714 0.5926395939086294 0.005714285714285714 0.02030456852791878
0 0.36214285714285716 0.4714467005076142 0.011428571428571429 0.02918781725888325
0 0.38357142857142856 0.4498730964467005 0.005714285714285714 0.024111675126903553
0 0.39107142857142857 0.45050761421319796 0.009285714285714286 0.03299492385786802
0 0.3889285714285714 0.45748730964467005 0.0064285714285714285 0.02918781725888325
0 0.37642857142857145 0.5621827411167513 0.005714285714285714 0.017766497461928935
0 0.37785714285714284 0.2620558375634518 0.007142857142857143 0.01903553299492386
0 0.4717857142857143 0.16560913705583757 0.005 0.01903553299492386
0 0.46464285714285714 0.16560913705583757 0.0035714285714285713 0.021573604060913704
0 0.4610714285714286 0.16560913705583757 0.0035714285714285713 0.021573604060913704
0 0.38785714285714284 0.2823604060913706 0.007142857142857143 0.01903553299492386
0 0.3792857142857143 0.2823604060913706 0.005714285714285714 0.01903553299492386
0 0.3842857142857143 0.18210659898477158 0.005714285714285714 0.0266497461928934
0 0.8442857142857143 0.7455583756345178 0.011428571428571429 0.03426395939086294
0 0.9778571428571429 0.8013959390862944 0.015714285714285715 0.02918781725888325
0 0.8285714285714286 0.2899746192893401 0.007142857142857143 0.021573604060913704
0 0.8332142857142857 0.21637055837563451 0.0064285714285714285 0.024111675126903553
0 0.8382142857142857 0.2182741116751269 0.005 0.02284263959390863
0 0.8953571428571429 0.03934010152284264 0.0035714285714285713 0.017766497461928935