0 0.49607142857142855 0.004285714285714286 0.0064285714285714285 0.008571428571428572
0 0.4375 0.08047619047619048 0.007857142857142858 0.014285714285714285
0 0.5489285714285714 0.09952380952380953 0.007857142857142858 0.023809523809523808
0 0.5571428571428572 0.15619047619047619 0.007142857142857143 0.022857142857142857
0 0.49178571428571427 0.2557142857142857 0.007857142857142858 0.014285714285714285
0 0.6085714285714285 0.37333333333333335 0.01 0.02857142857142857
0 0.5803571428571429 0.3985714285714286 0.010714285714285714 0.02761904761904762
0 0.5625 0.35714285714285715 0.009285714285714286 0.02666666666666667
0 0.6528571428571428 0.22380952380952382 0.01 0.02095238095238095
0 0.6778571428571428 0.9623809523809523 0.017142857142857144 0.037142857142857144
0 0.4075 0.5438095238095239 0.010714285714285714 0.022857142857142857