0 0.23714285714285716 0.29619047619047617 0.012857142857142857 0.017142857142857144
0 0.23392857142857143 0.2866666666666667 0.010714285714285714 0.017142857142857144
0 0.19607142857142856 0.2357142857142857 0.010714285714285714 0.018095238095238095
0 0.4642857142857143 0.16285714285714287 0.007142857142857143 0.01904761904761905
0 0.5721428571428572 0.6485714285714286 0.011428571428571429 0.017142857142857144
0 0.6464285714285715 0.6995238095238095 0.012857142857142857 0.012380952380952381
0 0.6946428571428571 0.4804761904761905 0.009285714285714286 0.01619047619047619
0 0.7925 0.7995238095238095 0.015 0.01619047619047619
0 0.8171428571428572 0.9104761904761904 0.008571428571428572 0.007619047619047619
0 0.8503571428571428 0.9085714285714286 0.017857142857142856 0.017142857142857144
0 0.7607142857142857 0.3880952380952381 0.01 0.01619047619047619
0 0.7942857142857143 0.26571428571428574 0.011428571428571429 0.022857142857142857
0 0.7285714285714285 0.06761904761904762 0.008571428571428572 0.01904761904761905
0 0.7371428571428571 0.08333333333333333 0.007142857142857143 0.018095238095238095
0 0.6960714285714286 0.20809523809523808 0.009285714285714286 0.018095238095238095
0 0.6725 0.3171428571428571 0.010714285714285714 0.022857142857142857