0 0.5237473903966597 0.7898886827458256 0.010960334029227558 0.02504638218923933
0 0.6299582463465553 0.6219851576994434 0.010438413361169102 0.021335807050092765
0 0.5910751565762005 0.4777365491651206 0.009916492693110648 0.02040816326530612
0 0.6025574112734864 0.4805194805194805 0.007828810020876827 0.02040816326530612
0 0.5816805845511482 0.2564935064935065 0.006784968684759917 0.021335807050092765
0 0.6210855949895616 0.11270871985157699 0.005219206680584551 0.013914656771799629
0 0.6051670146137788 0.3914656771799629 0.006784968684759917 0.02040816326530612
0 0.6299582463465553 0.24675324675324675 0.006263048016701462 0.01855287569573284
0 0.6116910229645094 0.2388682745825603 0.006263048016701462 0.017625231910946195
0 0.6143006263048016 0.21057513914656772 0.006263048016701462 0.012987012987012988
0 0.6109081419624217 0.16326530612244897 0.004697286012526096 0.014842300556586271
0 0.6179540709812108 0.14471243042671614 0.006263048016701462 0.01855287569573284
0 0.6109081419624217 0.13404452690166976 0.005741127348643006 0.017625231910946195
0 0.6610125260960334 0.1280148423005566 0.004697286012526096 0.012987012987012988
0 0.6612734864300627 0.1326530612244898 0.0041753653444676405 0.011131725417439703
0 0.6610125260960334 0.10760667903525047 0.004697286012526096 0.016697588126159554
0 0.6390918580375783 0.07931354359925788 0.004697286012526096 0.015769944341372914
0 0.6469206680584552 0.021335807050092765 0.0036534446764091857 0.011131725417439703
0 0.6471816283924844 0.022263450834879406 0.0041753653444676405 0.014842300556586271
0 0.6510960334029228 0.008812615955473098 0.004697286012526096 0.012059369202226345
0 0.6745824634655533 0.012987012987012988 0.007828810020876827 0.01855287569573284
0 0.735125260960334 0.39471243042671617 0.007828810020876827 0.01948051948051948