0 0.1992857142857143 0.7766497461928934 0.007142857142857143 0.02284263959390863
0 0.2042857142857143 0.7696700507614214 0.007142857142857143 0.01649746192893401
0 0.2057142857142857 0.7544416243654822 0.008571428571428572 0.013959390862944163
0 0.21142857142857144 0.75 0.007142857142857143 0.017766497461928935
0 0.2275 0.6307106598984772 0.009285714285714286 0.017766497461928935
0 0.22321428571428573 0.7030456852791879 0.009285714285714286 0.015228426395939087
0 0.2382142857142857 0.6376903553299492 0.007857142857142858 0.01903553299492386
0 0.25107142857142856 0.5831218274111675 0.0064285714285714285 0.021573604060913704
0 0.3482142857142857 0.7189086294416244 0.0064285714285714285 0.01649746192893401
0 0.2739285714285714 0.932741116751269 0.005 0.01015228426395939
0 0.2764285714285714 0.9403553299492385 0.005714285714285714 0.01015228426395939
0 0.27071428571428574 0.8857868020304569 0.007142857142857143 0.017766497461928935
0 0.26535714285714285 0.8934010152284264 0.005 0.012690355329949238
0 0.3325 0.7722081218274112 0.0064285714285714285 0.01649746192893401
0 0.34 0.7214467005076142 0.005714285714285714 0.01649746192893401
0 0.3410714285714286 0.7081218274111675 0.005 0.017766497461928935
0 0.3389285714285714 0.684010152284264 0.005 0.015228426395939087
0 0.3264285714285714 0.6573604060913706 0.007142857142857143 0.02030456852791878
0 0.3607142857142857 0.6364213197969543 0.007142857142857143 0.01649746192893401
0 0.3675 0.4517766497461929 0.005 0.02030456852791878
0 0.37892857142857145 0.3134517766497462 0.005 0.017766497461928935
0 0.325 0.17068527918781726 0.01 0.01903553299492386
0 0.31785714285714284 0.1916243654822335 0.007142857142857143 0.015228426395939087
0 0.3492857142857143 0.05520304568527919 0.005714285714285714 0.011421319796954314
0 0.3467857142857143 0.05139593908629442 0.0064285714285714285 0.011421319796954314
0 0.4253571428571429 0.05520304568527919 0.005 0.01903553299492386
0 0.4085714285714286 0.14593908629441624 0.004285714285714286 0.015228426395939087
0 0.40535714285714286 0.14403553299492386 0.0035714285714285713 0.011421319796954314
0 0.3985714285714286 0.1446700507614213 0.005714285714285714 0.015228426395939087
0 0.43785714285714283 0.06916243654822335 0.004285714285714286 0.01649746192893401
0 0.44857142857142857 0.02728426395939086 0.004285714285714286 0.01649746192893401
0 0.43214285714285716 0.01713197969543147 0.005714285714285714 0.013959390862944163
0 0.42892857142857144 0.014593908629441625 0.0035714285714285713 0.013959390862944163
0 0.43535714285714283 0.09898477157360407 0.005 0.012690355329949238
0 0.6864285714285714 0.5634517766497462 0.005714285714285714 0.015228426395939087
0 0.6960714285714286 0.5685279187817259 0.0064285714285714285 0.02030456852791878
0 0.685 0.18781725888324874 0.004285714285714286 0.02030456852791878
0 0.6764285714285714 0.02728426395939086 0.002857142857142857 0.013959390862944163