0 0.315 0.01713197969543147 0.002857142857142857 0.011421319796954314
0 0.3221428571428571 0.01903553299492386 0.002857142857142857 0.012690355329949238
0 0.30714285714285716 0.018401015228426396 0.002857142857142857 0.008883248730964468
0 0.28964285714285715 0.17068527918781726 0.005 0.01903553299492386
0 0.26857142857142857 0.23096446700507614 0.005714285714285714 0.02030456852791878
0 0.2860714285714286 0.12373096446700507 0.0035714285714285713 0.013959390862944163
0 0.28785714285714287 0.14213197969543148 0.002857142857142857 0.02030456852791878
0 0.28464285714285714 0.1453045685279188 0.0035714285714285713 0.01649746192893401
0 0.21714285714285714 0.18908629441624367 0.005714285714285714 0.02030456852791878
0 0.24571428571428572 0.2201776649746193 0.005714285714285714 0.01903553299492386
0 0.1992857142857143 0.125 0.002857142857142857 0.01903553299492386
0 0.2757142857142857 0.22779187817258884 0.005714285714285714 0.021573604060913704
0 0.27785714285714286 0.23921319796954316 0.002857142857142857 0.013959390862944163
0 0.2517857142857143 0.9517766497461929 0.007857142857142858 0.027918781725888325
0 0.21892857142857142 0.9092639593908629 0.009285714285714286 0.03426395939086294
0 0.5664285714285714 0.7233502538071066 0.007142857142857143 0.027918781725888325
0 0.5689285714285715 0.7531725888324873 0.005 0.024111675126903553
0 0.445 0.34073604060913704 0.004285714285714286 0.01649746192893401
0 0.2575 0.13007614213197968 0.0035714285714285713 0.013959390862944163
0 0.21285714285714286 0.1484771573604061 0.002857142857142857 0.012690355329949238
0 0.33 0.014593908629441625 0.002857142857142857 0.008883248730964468
0 0.5382142857142858 0.006345177664974619 0.002142857142857143 0.01015228426395939
0 0.5317857142857143 0.12690355329949238 0.0035714285714285713 0.02030456852791878
0 0.5385714285714286 0.1319796954314721 0.004285714285714286 0.02030456852791878
0 0.6067857142857143 0.9942893401015228 0.010714285714285714 0.008883248730964468
0 0.7167857142857142 0.5488578680203046 0.0035714285714285713 0.01649746192893401
0 0.6510714285714285 0.3496192893401015 0.007857142857142858 0.013959390862944163
0 0.6585714285714286 0.3496192893401015 0.005714285714285714 0.01649746192893401