0 0.205 0.4815989847715736 0.012857142857142857 0.03426395939086294
0 0.19428571428571428 0.46954314720812185 0.01 0.03807106598984772
0 0.18035714285714285 0.4930203045685279 0.009285714285714286 0.03680203045685279
0 0.12035714285714286 0.40482233502538073 0.010714285714285714 0.03553299492385787
0 0.12 0.38451776649746194 0.005714285714285714 0.030456852791878174
0 0.09107142857142857 0.41116751269035534 0.015 0.03553299492385787
0 0.08142857142857143 0.41878172588832485 0.01 0.03299492385786802
0 0.07535714285714286 0.43718274111675126 0.013571428571428571 0.03680203045685279
0 0.13035714285714287 0.700507614213198 0.015 0.04314720812182741
0 0.1407142857142857 0.6973350253807107 0.012857142857142857 0.044416243654822336
0 0.155 0.4860406091370558 0.007142857142857143 0.03807106598984772
0 0.15857142857142856 0.47906091370558374 0.01 0.04187817258883249
0 0.5567857142857143 0.3134517766497462 0.007857142857142858 0.0532994923857868
0 0.5517857142857143 0.2906091370558376 0.010714285714285714 0.0532994923857868
0 0.7942857142857143 0.25571065989847713 0.011428571428571429 0.046954314720812185
0 0.7878571428571428 0.24809644670050762 0.008571428571428572 0.04187817258883249
0 0.8228571428571428 0.3280456852791878 0.015714285714285715 0.05203045685279188
0 0.82 0.3083756345177665 0.012857142857142857 0.048223350253807105
0 0.9603571428571429 0.2036802030456853 0.010714285714285714 0.04187817258883249
0 0.9742857142857143 0.20114213197969544 0.012857142857142857 0.046954314720812185