0 0.48375 0.829 0.0325 0.07533333333333334
0 0.487 0.8393333333333334 0.03 0.05733333333333333
0 0.3405 0.454 0.008 0.02266666666666667
0 0.298 0.4003333333333333 0.005 0.015333333333333332
0 0.26275 0.4023333333333333 0.0045 0.015333333333333332
0 0.374 0.404 0.006 0.009333333333333334
0 0.615 0.4266666666666667 0.004 0.016
0 0.519 0.376 0.004 0.014666666666666666
0 0.52325 0.37533333333333335 0.0045 0.013333333333333334
0 0.48675 0.361 0.0025 0.006
0 0.2875 0.3566666666666667 0.003 0.010666666666666666