0 0.9142857142857143 0.30456852791878175 0.012857142857142857 0.03807106598984772
0 0.8860714285714286 0.2848984771573604 0.009285714285714286 0.03426395939086294
0 0.8746428571428572 0.2550761421319797 0.009285714285714286 0.03807106598984772
0 0.8842857142857142 0.233502538071066 0.008571428571428572 0.03807106598984772
0 0.6403571428571428 0.5019035532994924 0.012142857142857143 0.03426395939086294
0 0.6325 0.5310913705583756 0.009285714285714286 0.02918781725888325
0 0.6403571428571428 0.4860406091370558 0.009285714285714286 0.03299492385786802
0 0.6285714285714286 0.4936548223350254 0.008571428571428572 0.03299492385786802
0 0.5903571428571428 0.34581218274111675 0.007857142857142858 0.031725888324873094
0 0.5035714285714286 0.6199238578680203 0.008571428571428572 0.02918781725888325
0 0.4932142857142857 0.623730964467005 0.009285714285714286 0.03426395939086294