0 0.14821428571428572 0.23286802030456852 0.005 0.013959390862944163
0 0.1367857142857143 0.28045685279187815 0.0064285714285714285 0.01015228426395939
0 0.13142857142857142 0.29314720812182743 0.005714285714285714 0.01015228426395939
0 0.13357142857142856 0.28109137055837563 0.005714285714285714 0.011421319796954314
0 0.15 0.21573604060913706 0.005714285714285714 0.01015228426395939
0 0.15964285714285714 0.18274111675126903 0.005 0.012690355329949238
0 0.20142857142857143 0.04314720812182741 0.004285714285714286 0.015228426395939087
0 0.20107142857142857 0.0399746192893401 0.0064285714285714285 0.01649746192893401
0 0.20142857142857143 0.03553299492385787 0.005714285714285714 0.012690355329949238
0 0.19714285714285715 0.0532994923857868 0.007142857142857143 0.012690355329949238
0 0.43535714285714283 0.2512690355329949 0.005 0.02030456852791878
0 0.6210714285714286 0.08121827411167512 0.0035714285714285713 0.017766497461928935
0 0.6507142857142857 0.28553299492385786 0.002857142857142857 0.012690355329949238
0 0.65 0.2760152284263959 0.002857142857142857 0.008883248730964468
0 0.6517857142857143 0.27093908629441626 0.002142857142857143 0.013959390862944163
0 0.6521428571428571 0.42449238578680204 0.005714285714285714 0.01649746192893401