0 0.6139285714285714 0.40904761904761905 0.015 0.02761904761904762
0 0.8860714285714286 0.2642857142857143 0.0064285714285714285 0.02
0 0.8671428571428571 0.23476190476190475 0.015714285714285715 0.02761904761904762
0 0.8778571428571429 0.1957142857142857 0.01 0.02
0 0.9335714285714286 0.2057142857142857 0.007142857142857143 0.017142857142857144
0 0.9510714285714286 0.2 0.0064285714285714285 0.017142857142857144
0 0.9825 0.20333333333333334 0.0064285714285714285 0.02
0 0.9792857142857143 0.20142857142857143 0.005714285714285714 0.018095238095238095
0 0.8832142857142857 0.13714285714285715 0.007857142857142858 0.015238095238095238
0 0.5542857142857143 0.1595238095238095 0.007142857142857143 0.014285714285714285
0 0.49107142857142855 0.43476190476190474 0.010714285714285714 0.029523809523809525
0 0.45071428571428573 0.4580952380952381 0.015714285714285715 0.03619047619047619
0 0.5382142857142858 0.16476190476190475 0.005 0.015238095238095238
0 0.5421428571428571 0.1619047619047619 0.005714285714285714 0.013333333333333334
0 0.5853571428571429 0.1138095238095238 0.005 0.010476190476190476
0 0.16142857142857142 0.5823809523809523 0.02 0.037142857142857144