0 0.24571428571428572 0.680952380952381 0.005714285714285714 0.005714285714285714
0 0.24214285714285713 0.6766666666666666 0.005714285714285714 0.006666666666666667
0 0.23892857142857143 0.6728571428571428 0.005 0.004761904761904762
0 0.37535714285714283 0.6071428571428571 0.005 0.006666666666666667
0 0.38 0.6214285714285714 0.002857142857142857 0.004761904761904762
0 0.37607142857142856 0.6304761904761905 0.0035714285714285713 0.005714285714285714
0 0.38 0.6309523809523809 0.004285714285714286 0.004761904761904762
0 0.385 0.6176190476190476 0.004285714285714286 0.004761904761904762
0 0.385 0.6038095238095238 0.004285714285714286 0.005714285714285714
0 0.38785714285714284 0.6085714285714285 0.004285714285714286 0.0038095238095238095
0 0.3925 0.6028571428571429 0.0035714285714285713 0.005714285714285714
0 0.395 0.6047619047619047 0.004285714285714286 0.005714285714285714
0 0.4035714285714286 0.5966666666666667 0.005714285714285714 0.006666666666666667
0 0.4607142857142857 0.580952380952381 0.002857142857142857 0.005714285714285714
0 0.4642857142857143 0.5776190476190476 0.004285714285714286 0.008571428571428572
0 0.47 0.5857142857142857 0.004285714285714286 0.005714285714285714
0 0.465 0.5919047619047619 0.002857142857142857 0.006666666666666667
0 0.42428571428571427 0.5823809523809523 0.004285714285714286 0.002857142857142857
0 0.5282142857142857 0.6604761904761904 0.0035714285714285713 0.004761904761904762
0 0.5307142857142857 0.6585714285714286 0.004285714285714286 0.004761904761904762
0 0.5728571428571428 0.7961904761904762 0.004285714285714286 0.009523809523809525
0 0.5775 0.7966666666666666 0.002142857142857143 0.006666666666666667
0 0.5767857142857142 0.8080952380952381 0.0035714285714285713 0.008571428571428572
0 0.5953571428571428 0.8519047619047619 0.0035714285714285713 0.008571428571428572
0 0.5803571428571429 0.7942857142857143 0.0035714285714285713 0.007619047619047619