0 0.21892857142857142 0.18274111675126903 0.007857142857142858 0.02284263959390863
0 0.7239285714285715 0.9841370558375635 0.010714285714285714 0.02918781725888325
0 0.7353571428571428 0.8807106598984772 0.010714285714285714 0.03299492385786802
0 0.5714285714285714 0.9187817258883249 0.007142857142857143 0.015228426395939087
0 0.6942857142857143 0.7138324873096447 0.008571428571428572 0.01903553299492386
0 0.7003571428571429 0.4796954314720812 0.007857142857142858 0.02284263959390863
0 0.6125 0.5336294416243654 0.0064285714285714285 0.024111675126903553
0 0.6128571428571429 0.4993654822335025 0.005714285714285714 0.021573604060913704
0 0.6017857142857143 0.4714467005076142 0.0064285714285714285 0.01649746192893401
0 0.6007142857142858 0.19860406091370558 0.005714285714285714 0.01649746192893401
0 0.6614285714285715 0.1681472081218274 0.007142857142857143 0.01903553299492386
0 0.5878571428571429 0.16751269035532995 0.008571428571428572 0.017766497461928935
0 0.5825 0.12563451776649745 0.009285714285714286 0.017766497461928935
0 0.6178571428571429 0.028553299492385786 0.004285714285714286 0.01649746192893401
0 0.2732142857142857 0.35215736040609136 0.0064285714285714285 0.01649746192893401
0 0.2714285714285714 0.35850253807106597 0.008571428571428572 0.021573604060913704
0 0.22892857142857143 0.6491116751269036 0.010714285714285714 0.0266497461928934
0 0.6935714285714286 0.47588832487309646 0.005714285714285714 0.02030456852791878
0 0.6064285714285714 0.4714467005076142 0.007142857142857143 0.01903553299492386
0 0.6321428571428571 0.5050761421319797 0.005714285714285714 0.02284263959390863
0 0.6257142857142857 0.5006345177664975 0.005714285714285714 0.01649746192893401
0 0.6192857142857143 0.5 0.005714285714285714 0.02030456852791878
0 0.6210714285714286 0.5336294416243654 0.005 0.021573604060913704
0 0.6167857142857143 0.5323604060913706 0.005 0.01649746192893401
0 0.6125 0.5348984771573604 0.0035714285714285713 0.021573604060913704
0 0.585 0.10152284263959391 0.004285714285714286 0.017766497461928935
0 0.6146428571428572 0.03236040609137056 0.0035714285714285713 0.013959390862944163
0 0.6085714285714285 0.0266497461928934 0.002857142857142857 0.012690355329949238