0 0.30464285714285716 0.010476190476190476 0.005 0.013333333333333334
0 0.29464285714285715 0.11714285714285715 0.009285714285714286 0.015238095238095238
0 0.26571428571428574 0.17761904761904762 0.007142857142857143 0.021904761904761906
0 0.26607142857142857 0.21285714285714286 0.007857142857142858 0.012380952380952381
0 0.23714285714285716 0.4504761904761905 0.011428571428571429 0.009523809523809525
0 0.3375 0.5304761904761904 0.010714285714285714 0.009523809523809525
0 0.33785714285714286 0.539047619047619 0.012857142857142857 0.011428571428571429
0 0.3375 0.5976190476190476 0.010714285714285714 0.014285714285714285
0 0.185 0.6123809523809524 0.012857142857142857 0.013333333333333334
0 0.1982142857142857 0.7061904761904761 0.012142857142857143 0.012380952380952381
0 0.34714285714285714 0.7923809523809524 0.01 0.013333333333333334
0 0.39071428571428574 0.8257142857142857 0.007142857142857143 0.015238095238095238
0 0.4007142857142857 0.8357142857142857 0.005714285714285714 0.014285714285714285
0 0.18464285714285714 0.920952380952381 0.012142857142857143 0.015238095238095238
0 0.04357142857142857 0.6966666666666667 0.014285714285714285 0.014285714285714285
0 0.045 0.5938095238095238 0.014285714285714285 0.018095238095238095
0 0.1375 0.3628571428571429 0.012142857142857143 0.01904761904761905
0 0.14642857142857144 0.3495238095238095 0.008571428571428572 0.01904761904761905