0 0.9325 0.1957142857142857 0.0064285714285714285 0.018095238095238095
0 0.9446428571428571 0.1880952380952381 0.007857142857142858 0.018095238095238095
0 0.9307142857142857 0.18 0.004285714285714286 0.017142857142857144
0 0.6928571428571428 0.5738095238095238 0.022857142857142857 0.03333333333333333
0 0.6360714285714286 0.5985714285714285 0.012142857142857143 0.03333333333333333
0 0.5864285714285714 0.4633333333333333 0.01 0.03333333333333333
0 0.5960714285714286 0.48523809523809525 0.010714285714285714 0.039047619047619046
0 0.6114285714285714 0.48523809523809525 0.007142857142857143 0.029523809523809525
0 0.6321428571428571 0.5733333333333334 0.014285714285714285 0.0380952380952381
0 0.8471428571428572 0.17952380952380953 0.004285714285714286 0.01619047619047619
0 0.8532142857142857 0.17714285714285713 0.0064285714285714285 0.013333333333333334
0 0.7960714285714285 0.24285714285714285 0.0064285714285714285 0.02095238095238095
0 0.7096428571428571 0.26761904761904765 0.005 0.02095238095238095
0 0.7042857142857143 0.20666666666666667 0.004285714285714286 0.015238095238095238
0 0.42214285714285715 0.38095238095238093 0.007142857142857143 0.022857142857142857
0 0.4828571428571429 0.4542857142857143 0.012857142857142857 0.01904761904761905
0 0.40964285714285714 0.3595238095238095 0.007857142857142858 0.02761904761904762
0 0.038214285714285715 0.11523809523809524 0.0064285714285714285 0.009523809523809525
0 0.33321428571428574 0.30428571428571427 0.0064285714285714285 0.01619047619047619
0 0.3557142857142857 0.33714285714285713 0.007142857142857143 0.017142857142857144
0 0.375 0.34095238095238095 0.011428571428571429 0.009523809523809525
0 0.3717857142857143 0.34095238095238095 0.0035714285714285713 0.017142857142857144
0 0.34285714285714286 0.29523809523809524 0.01 0.01904761904761905
0 0.22642857142857142 0.1523809523809524 0.007142857142857143 0.011428571428571429
0 0.2357142857142857 0.1523809523809524 0.005714285714285714 0.011428571428571429
0 0.26821428571428574 0.1980952380952381 0.007857142857142858 0.009523809523809525
0 0.21 0.14238095238095239 0.004285714285714286 0.006666666666666667
0 0.07857142857142857 0.14809523809523809 0.004285714285714286 0.008571428571428572
0 0.3225 0.2509523809523809 0.010714285714285714 0.018095238095238095