0 0.081419624217119 0.39564007421150277 0.009394572025052192 0.017625231910946195
0 0.10360125260960334 0.3682745825602968 0.007828810020876827 0.014842300556586271
0 0.09498956158663883 0.3719851576994434 0.008350730688935281 0.016697588126159554
0 0.08585594989561586 0.3696660482374768 0.008872651356993737 0.017625231910946195
0 0.4514613778705637 0.6781076066790352 0.005219206680584551 0.016697588126159554
0 0.46242171189979125 0.6632653061224489 0.007306889352818371 0.027829313543599257
0 0.4618997912317328 0.660482374768089 0.006263048016701462 0.011131725417439703
0 0.4869519832985386 0.6767161410018553 0.007306889352818371 0.0287569573283859
0 0.4848643006263048 0.6716141001855288 0.005219206680584551 0.014842300556586271
0 0.48068893528183715 0.7031539888682746 0.006263048016701462 0.025974025974025976
0 0.46085594989561585 0.6883116883116883 0.005219206680584551 0.016697588126159554
0 0.46424843423799583 0.6915584415584416 0.005741127348643006 0.021335807050092765
0 0.4692066805845512 0.6697588126159555 0.006263048016701462 0.014842300556586271
0 0.4733820459290188 0.6743970315398887 0.008350730688935281 0.012987012987012988
0 0.4733820459290188 0.6943413729128015 0.008350730688935281 0.021335807050092765