0 0.024285714285714285 0.7214285714285714 0.02142857142857143 0.021904761904761906
0 0.044642857142857144 0.7033333333333334 0.020714285714285713 0.01619047619047619
0 0.017142857142857144 0.6947619047619048 0.022857142857142857 0.018095238095238095
0 0.6942857142857143 0.9476190476190476 0.011428571428571429 0.02095238095238095
0 0.6503571428571429 0.8180952380952381 0.013571428571428571 0.01904761904761905
0 0.7889285714285714 0.518095238095238 0.012142857142857143 0.017142857142857144
0 0.7214285714285714 0.047142857142857146 0.014285714285714285 0.02761904761904762
0 0.5575 0.7590476190476191 0.016428571428571428 0.022857142857142857
0 0.6285714285714286 0.5976190476190476 0.011428571428571429 0.023809523809523808
0 0.16785714285714284 0.20761904761904762 0.024285714285714285 0.030476190476190476
0 0.08892857142857143 0.15571428571428572 0.020714285714285713 0.021904761904761906
0 0.07357142857142857 0.15047619047619049 0.015714285714285715 0.02095238095238095
0 0.05892857142857143 0.1680952380952381 0.016428571428571428 0.02
0 0.05 0.1523809523809524 0.015714285714285715 0.013333333333333334
0 0.041428571428571426 0.16714285714285715 0.017142857142857144 0.02
0 0.052142857142857144 0.13333333333333333 0.02 0.017142857142857144
0 0.05357142857142857 0.1180952380952381 0.012857142857142857 0.022857142857142857
0 0.03464285714285714 0.030952380952380953 0.017857142857142856 0.02
0 0.0275 0.05904761904761905 0.020714285714285713 0.022857142857142857
0 0.015 0.07 0.025714285714285714 0.025714285714285714
0 0.03571428571428571 0.14714285714285713 0.017142857142857144 0.02