0 0.4240605427974948 0.27087198515769945 0.004697286012526096 0.012987012987012988
0 0.4420668058455115 0.13358070500927643 0.003131524008350731 0.00927643784786642
0 0.548277661795407 0.23608534322820038 0.0036534446764091857 0.013914656771799629
0 0.5540187891440501 0.20454545454545456 0.004697286012526096 0.01020408163265306
0 0.5626304801670147 0.20593692022263452 0.0041753653444676405 0.012987012987012988
0 0.5414926931106472 0.09554730983302412 0.0036534446764091857 0.0074211502782931356
0 0.5999478079331941 0.39332096474953615 0.0026096033402922755 0.00927643784786642
0 0.5999478079331941 0.4104823747680891 0.0036534446764091857 0.012059369202226345
0 0.6046450939457203 0.47912801484230055 0.005741127348643006 0.013914656771799629
0 0.579070981210856 0.3608534322820037 0.0036534446764091857 0.012987012987012988
0 0.40396659707724425 0.4225417439703154 0.007306889352818371 0.01948051948051948
0 0.352035490605428 0.6525974025974026 0.007828810020876827 0.01948051948051948
0 0.7267745302713987 0.8719851576994434 0.007828810020876827 0.02411873840445269