0 0.9678571428571429 0.38666666666666666 0.011428571428571429 0.007619047619047619
0 0.9735714285714285 0.39380952380952383 0.011428571428571429 0.006666666666666667
0 0.9671428571428572 0.40095238095238095 0.011428571428571429 0.007619047619047619
0 0.9678571428571429 0.4104761904761905 0.01 0.007619047619047619
0 0.9453571428571429 0.4066666666666667 0.010714285714285714 0.007619047619047619
0 0.9203571428571429 0.5071428571428571 0.007857142857142858 0.006666666666666667
0 0.9196428571428571 0.5152380952380953 0.0064285714285714285 0.005714285714285714
0 0.9178571428571428 0.5219047619047619 0.008571428571428572 0.007619047619047619
0 0.9175 0.5766666666666667 0.009285714285714286 0.008571428571428572
0 0.9103571428571429 0.6114285714285714 0.007857142857142858 0.009523809523809525
0 0.9307142857142857 0.6542857142857142 0.008571428571428572 0.007619047619047619
0 0.9275 0.660952380952381 0.0064285714285714285 0.007619047619047619
0 0.9210714285714285 0.6633333333333333 0.0064285714285714285 0.004761904761904762
0 0.9296428571428571 0.67 0.009285714285714286 0.008571428571428572
0 0.9439285714285715 0.6776190476190476 0.010714285714285714 0.008571428571428572
0 0.9360714285714286 0.6952380952380952 0.012142857142857143 0.011428571428571429
0 0.9392857142857143 0.7023809523809523 0.008571428571428572 0.006666666666666667
0 0.9478571428571428 0.7542857142857143 0.011428571428571429 0.011428571428571429
0 0.9235714285714286 0.76 0.01 0.009523809523809525
0 0.9189285714285714 0.7657142857142857 0.0064285714285714285 0.007619047619047619
0 0.9425 0.7995238095238095 0.0064285714285714285 0.004761904761904762
0 0.9439285714285715 0.7966666666666666 0.009285714285714286 0.006666666666666667
0 0.945 0.8123809523809524 0.01 0.009523809523809525
0 0.9657142857142857 0.8361904761904762 0.014285714285714285 0.013333333333333334
0 0.9196428571428571 0.8895238095238095 0.007857142857142858 0.007619047619047619
0 0.9507142857142857 0.9842857142857143 0.011428571428571429 0.012380952380952381