0 0.414 0.6866666666666666 0.03 0.10133333333333333
0 0.7735 0.7613333333333333 0.05 0.11866666666666667
0 0.64475 0.44166666666666665 0.0215 0.07
0 0.6285 0.43866666666666665 0.015 0.06
0 0.56475 0.387 0.0195 0.04066666666666666
0 0.4605 0.385 0.023 0.03666666666666667
0 0.34 0.36033333333333334 0.03 0.06466666666666666
0 0.526 0.251 0.01 0.04066666666666666
0 0.494 0.14733333333333334 0.008 0.025333333333333333
0 0.48575 0.144 0.0105 0.024
0 0.49075 0.13433333333333333 0.0095 0.019333333333333334
0 0.52025 0.129 0.0085 0.027333333333333334
0 0.51725 0.10233333333333333 0.0075 0.024666666666666667