0 0.7475 0.8238095238095238 0.03214285714285714 0.047619047619047616
0 0.8489285714285715 0.6971428571428572 0.030714285714285715 0.03428571428571429
0 0.7578571428571429 0.08333333333333333 0.011428571428571429 0.03333333333333333
0 0.7703571428571429 0.08857142857142856 0.015 0.03619047619047619
0 0.685 0.18 0.014285714285714285 0.04
0 0.7510714285714286 0.5052380952380953 0.017857142857142856 0.04476190476190476
0 0.765 0.4880952380952381 0.017142857142857144 0.04285714285714286
0 0.8085714285714286 0.5404761904761904 0.017142857142857144 0.039047619047619046
0 0.3078571428571429 0.31666666666666665 0.014285714285714285 0.04285714285714286
0 0.42607142857142855 0.04857142857142857 0.010714285714285714 0.03428571428571429
0 0.18642857142857142 0.024761904761904763 0.015714285714285715 0.03238095238095238
0 0.2957142857142857 0.030476190476190476 0.012857142857142857 0.03238095238095238
0 0.12571428571428572 0.29095238095238096 0.02142857142857143 0.040952380952380955
0 0.12964285714285714 0.2866666666666667 0.02214285714285714 0.0380952380952381