0 0.32142857142857145 0.3961904761904762 0.02 0.05523809523809524
0 0.43357142857142855 0.1619047619047619 0.015714285714285715 0.05904761904761905
0 0.5146428571428572 0.20809523809523808 0.010714285714285714 0.058095238095238096
0 0.48428571428571426 0.33380952380952383 0.014285714285714285 0.054285714285714284
0 0.5492857142857143 0.33285714285714285 0.014285714285714285 0.05047619047619047
0 0.5275 0.37 0.012142857142857143 0.05619047619047619
0 0.5460714285714285 0.3504761904761905 0.016428571428571428 0.05523809523809524
0 0.5814285714285714 0.36904761904761907 0.017142857142857144 0.058095238095238096
0 0.6746428571428571 0.1442857142857143 0.015 0.05238095238095238
0 0.6732142857142858 0.11142857142857143 0.013571428571428571 0.04
0 0.9385714285714286 0.15476190476190477 0.018571428571428572 0.058095238095238096
0 0.9267857142857143 0.15523809523809523 0.020714285714285713 0.049523809523809526
0 0.7396428571428572 0.29285714285714287 0.013571428571428571 0.035238095238095235
0 0.715 0.31047619047619046 0.012857142857142857 0.049523809523809526
0 0.6317857142857143 0.2919047619047619 0.016428571428571428 0.058095238095238096
0 0.2807142857142857 0.8223809523809524 0.03571428571428571 0.058095238095238096