0 0.5571428571428572 0.35428571428571426 0.002857142857142857 0.005714285714285714
0 0.6360714285714286 0.1676190476190476 0.0035714285714285713 0.007619047619047619
0 0.7675 0.14238095238095239 0.002142857142857143 0.002857142857142857
0 0.705 0.34 0.002857142857142857 0.005714285714285714
0 0.9389285714285714 0.9280952380952381 0.007857142857142858 0.006666666666666667
0 0.9482142857142857 0.9357142857142857 0.007857142857142858 0.008571428571428572
0 0.9607142857142857 0.9780952380952381 0.004285714285714286 0.007619047619047619
0 0.94 0.949047619047619 0.007142857142857143 0.008571428571428572
0 0.745 0.9528571428571428 0.004285714285714286 0.004761904761904762
0 0.5771428571428572 0.5361904761904762 0.002857142857142857 0.007619047619047619
0 0.5203571428571429 0.5566666666666666 0.0035714285714285713 0.006666666666666667
0 0.5771428571428572 0.8195238095238095 0.002857142857142857 0.010476190476190476
0 0.05285714285714286 0.508095238095238 0.005714285714285714 0.010476190476190476