0 0.12892857142857142 0.9397208121827412 0.010714285714285714 0.024111675126903553
0 0.12107142857142857 0.934010152284264 0.012142857142857143 0.02030456852791878
0 0.5928571428571429 0.6173857868020305 0.007142857142857143 0.01649746192893401
0 0.585 0.6129441624365483 0.01 0.02284263959390863
0 0.6707142857142857 0.47017766497461927 0.007142857142857143 0.01649746192893401
0 0.6646428571428571 0.4600253807106599 0.0064285714285714285 0.01903553299492386
0 0.6582142857142858 0.4517766497461929 0.0064285714285714285 0.025380710659898477
0 0.7603571428571428 0.4879441624365482 0.005 0.01903553299492386
0 0.6942857142857143 0.4073604060913706 0.005714285714285714 0.017766497461928935
0 0.6675 0.3769035532994924 0.005 0.015228426395939087
0 0.6635714285714286 0.39403553299492383 0.004285714285714286 0.01903553299492386
0 0.6885714285714286 0.41116751269035534 0.002857142857142857 0.02030456852791878
0 0.695 0.42258883248730966 0.005714285714285714 0.02284263959390863
0 0.555 0.3286802030456853 0.007142857142857143 0.027918781725888325
0 0.6575 0.22842639593908629 0.0064285714285714285 0.027918781725888325
0 0.5925 0.29124365482233505 0.002142857142857143 0.011421319796954314
0 0.5960714285714286 0.108502538071066 0.0035714285714285713 0.01649746192893401
0 0.61 0.09961928934010152 0.004285714285714286 0.013959390862944163
0 0.5878571428571429 0.11294416243654823 0.005714285714285714 0.017766497461928935
0 0.585 0.09454314720812183 0.002857142857142857 0.013959390862944163
0 0.58 0.09390862944162437 0.004285714285714286 0.015228426395939087
0 0.5714285714285714 0.09454314720812183 0.005714285714285714 0.013959390862944163
0 0.5621428571428572 0.10786802030456853 0.004285714285714286 0.015228426395939087
0 0.5557142857142857 0.1065989847715736 0.004285714285714286 0.015228426395939087
0 0.5489285714285714 0.10469543147208121 0.0035714285714285713 0.013959390862944163
0 0.5496428571428571 0.09517766497461928 0.0064285714285714285 0.015228426395939087
0 0.5428571428571428 0.0932741116751269 0.004285714285714286 0.013959390862944163
0 0.5385714285714286 0.0932741116751269 0.004285714285714286 0.01649746192893401
0 0.5346428571428572 0.10532994923857868 0.005 0.012690355329949238
0 0.53 0.09200507614213198 0.004285714285714286 0.011421319796954314
0 0.5285714285714286 0.10279187817258884 0.004285714285714286 0.015228426395939087
0 0.5235714285714286 0.10215736040609137 0.007142857142857143 0.01649746192893401
0 0.5185714285714286 0.10088832487309644 0.004285714285714286 0.01903553299492386
0 0.5110714285714286 0.08375634517766498 0.0035714285714285713 0.01015228426395939
0 0.505 0.08121827411167512 0.005714285714285714 0.015228426395939087
0 0.5132142857142857 0.10152284263959391 0.0035714285714285713 0.015228426395939087
0 0.5082142857142857 0.09898477157360407 0.005 0.017766497461928935
0 0.4982142857142857 0.09581218274111675 0.005 0.01903553299492386