0 0.21607142857142858 0.16116751269035534 0.005 0.015228426395939087
0 0.5464285714285714 0.7258883248730964 0.005714285714285714 0.012690355329949238
0 0.5514285714285714 0.8140862944162437 0.002857142857142857 0.008883248730964468
0 0.5553571428571429 0.8134517766497462 0.0035714285714285713 0.01015228426395939
0 0.5592857142857143 0.8134517766497462 0.002857142857142857 0.007614213197969543
0 0.5675 0.8102791878172588 0.0035714285714285713 0.008883248730964468
0 0.5535714285714286 0.8261421319796954 0.002857142857142857 0.007614213197969543
0 0.5578571428571428 0.8248730964467005 0.002857142857142857 0.01015228426395939
0 0.5542857142857143 0.8362944162436549 0.002857142857142857 0.007614213197969543
0 0.5582142857142857 0.8356598984771574 0.0035714285714285713 0.008883248730964468
0 0.565 0.833756345177665 0.002857142857142857 0.005076142131979695
0 0.5696428571428571 0.8312182741116751 0.0035714285714285713 0.007614213197969543
0 0.5725 0.8527918781725888 0.0035714285714285713 0.01015228426395939
0 0.5582142857142857 0.8692893401015228 0.0035714285714285713 0.005076142131979695
0 0.5735714285714286 0.8673857868020305 0.002857142857142857 0.011421319796954314
0 0.5692857142857143 0.866751269035533 0.002857142857142857 0.01015228426395939
0 0.5596428571428571 0.8807106598984772 0.0035714285714285713 0.01015228426395939
0 0.5635714285714286 0.8794416243654822 0.002857142857142857 0.007614213197969543
0 0.5721428571428572 0.8864213197969543 0.005714285714285714 0.011421319796954314
0 0.5778571428571428 0.8864213197969543 0.004285714285714286 0.011421319796954314
0 0.5642857142857143 0.891497461928934 0.002857142857142857 0.008883248730964468
0 0.5610714285714286 0.8934010152284264 0.0035714285714285713 0.007614213197969543
0 0.5782142857142857 0.8959390862944162 0.0035714285714285713 0.007614213197969543
0 0.5778571428571428 0.03426395939086294 0.004285714285714286 0.015228426395939087
0 0.5935714285714285 0.015862944162436547 0.002857142857142857 0.013959390862944163
0 0.5732142857142857 0.008248730964467006 0.0035714285714285713 0.01649746192893401
0 0.5696428571428571 0.005710659898477157 0.0035714285714285713 0.011421319796954314
0 0.6010714285714286 0.006979695431472081 0.0035714285714285713 0.013959390862944163