0 0.8225 0.5923809523809523 0.03214285714285714 0.07809523809523809
0 0.5367857142857143 0.5704761904761905 0.020714285714285713 0.07238095238095238
0 0.6060714285714286 0.6247619047619047 0.03214285714285714 0.0838095238095238
0 0.5528571428571428 0.6561904761904762 0.022857142857142857 0.08571428571428572
0 0.5789285714285715 0.6561904761904762 0.025 0.06095238095238095
0 0.4392857142857143 0.6533333333333333 0.022857142857142857 0.08190476190476191
0 0.41892857142857143 0.5671428571428572 0.020714285714285713 0.07523809523809524
0 0.38392857142857145 0.5571428571428572 0.020714285714285713 0.05523809523809524
0 0.4064285714285714 0.550952380952381 0.025714285714285714 0.04666666666666667
0 0.4614285714285714 0.6542857142857142 0.02 0.06095238095238095
0 0.3532142857142857 0.5019047619047619 0.020714285714285713 0.07238095238095238
0 0.38607142857142857 0.5047619047619047 0.025 0.06857142857142857
0 0.42857142857142855 0.5242857142857142 0.03142857142857143 0.06571428571428571
0 0.5825 0.589047619047619 0.020714285714285713 0.07904761904761905
0 0.9078571428571428 0.7476190476190476 0.025714285714285714 0.05714285714285714
0 0.9425 0.7304761904761905 0.04071428571428572 0.09142857142857143
0 0.3871428571428571 0.5352380952380953 0.022857142857142857 0.06476190476190476