0 0.20357142857142857 0.7776190476190477 0.06571428571428571 0.08857142857142856
0 0.8975 0.9214285714285714 0.07785714285714286 0.08285714285714285
0 0.9203571428571429 0.8752380952380953 0.04642857142857143 0.08952380952380952
0 0.2367857142857143 0.3628571428571429 0.04642857142857143 0.07238095238095238
0 0.4692857142857143 0.8271428571428572 0.037142857142857144 0.06952380952380953
0 0.4710714285714286 0.79 0.027857142857142858 0.06761904761904762
0 0.20785714285714285 0.15857142857142856 0.02857142857142857 0.06190476190476191
0 0.41892857142857143 0.03142857142857143 0.025 0.05333333333333334
0 0.5025 0.043333333333333335 0.020714285714285713 0.05047619047619047
0 0.7096428571428571 0.11666666666666667 0.020714285714285713 0.05047619047619047
0 0.82 0.12238095238095238 0.025714285714285714 0.05238095238095238
0 0.47285714285714286 0.025238095238095237 0.014285714285714285 0.05047619047619047
0 0.6110714285714286 0.030476190476190476 0.017857142857142856 0.05714285714285714
0 0.6678571428571428 0.029523809523809525 0.02 0.05333333333333334
0 0.6882142857142857 0.04523809523809524 0.017857142857142856 0.06
0 0.7114285714285714 0.07142857142857142 0.02142857142857143 0.05523809523809524
0 0.7021428571428572 0.07 0.015714285714285715 0.039047619047619046
0 0.7725 0.08047619047619048 0.020714285714285713 0.054285714285714284
0 0.7864285714285715 0.017619047619047618 0.02 0.035238095238095235
0 0.8510714285714286 0.11904761904761904 0.025 0.06095238095238095
0 0.8589285714285714 0.10523809523809524 0.02214285714285714 0.054285714285714284
0 0.8153571428571429 0.09571428571428571 0.027857142857142858 0.054285714285714284
0 0.81 0.09047619047619047 0.03 0.05523809523809524
0 0.9710714285714286 0.022857142857142857 0.025 0.045714285714285714