0 0.42525 0.9753333333333334 0.0335 0.04933333333333333
0 0.30025 0.9603333333333334 0.0345 0.06333333333333334
0 0.21275 0.9296666666666666 0.0385 0.046
0 0.11775 0.7796666666666666 0.0305 0.028666666666666667
0 0.1245 0.7403333333333333 0.032 0.042
0 0.25925 0.578 0.0175 0.048
0 0.87875 0.5313333333333333 0.0175 0.042666666666666665
0 0.90075 0.572 0.0125 0.017333333333333333
0 0.8975 0.5856666666666667 0.026 0.048666666666666664
0 0.88925 0.544 0.0215 0.048
0 0.786 0.512 0.015 0.025333333333333333
0 0.6965 0.46066666666666667 0.009 0.034666666666666665
0 0.6665 0.4483333333333333 0.011 0.038
0 0.64725 0.43466666666666665 0.0125 0.037333333333333336
0 0.60575 0.45 0.0135 0.029333333333333333
0 0.5925 0.438 0.011 0.03866666666666667
0 0.5845 0.45466666666666666 0.011 0.034666666666666665
0 0.508 0.3973333333333333 0.013 0.04
0 0.3305 0.38433333333333336 0.011 0.019333333333333334
0 0.34325 0.43333333333333335 0.0115 0.034666666666666665
0 0.31275 0.4623333333333333 0.0125 0.03133333333333333
0 0.315 0.4503333333333333 0.01 0.03666666666666667
0 0.27375 0.41933333333333334 0.0145 0.017333333333333333
0 0.277 0.404 0.013 0.02
0 0.09775 0.613 0.0255 0.03266666666666666
0 0.294 0.2846666666666667 0.007 0.025333333333333333
0 0.13675 0.579 0.0195 0.054
0 0.16675 0.5623333333333334 0.0205 0.048666666666666664
0 0.14075 0.5556666666666666 0.0195 0.04466666666666667
0 0.173 0.4886666666666667 0.018 0.044
0 0.081 0.5723333333333334 0.028 0.05
0 0.12 0.5336666666666666 0.023 0.046
0 0.04575 0.537 0.0185 0.04466666666666667
0 0.07925 0.5036666666666667 0.0185 0.043333333333333335
0 0.04775 0.494 0.0105 0.03333333333333333
0 0.118 0.464 0.02 0.04533333333333334
0 0.10425 0.4613333333333333 0.0195 0.04533333333333334
0 0.081 0.4056666666666667 0.014 0.034
0 0.127 0.4013333333333333 0.02 0.037333333333333336