0 0.7505 0.5623333333333334 0.042 0.09533333333333334
0 0.6895 0.531 0.036 0.08466666666666667
0 0.61825 0.482 0.0235 0.08666666666666667
0 0.75975 0.43533333333333335 0.0215 0.06133333333333333
0 0.778 0.42866666666666664 0.037 0.08533333333333333
0 0.82175 0.396 0.0265 0.050666666666666665
0 0.73875 0.36833333333333335 0.0305 0.062
0 0.9585 0.43066666666666664 0.024 0.05733333333333333
0 0.953 0.4226666666666667 0.041 0.076
0 0.75875 0.31966666666666665 0.0235 0.059333333333333335
0 0.66425 0.314 0.0225 0.058666666666666666
0 0.661 0.31533333333333335 0.012 0.04533333333333334
0 0.6405 0.30766666666666664 0.019 0.06066666666666667
0 0.58525 0.42966666666666664 0.0345 0.08466666666666667
0 0.418 0.5546666666666666 0.037 0.108
0 0.48625 0.4836666666666667 0.0345 0.10066666666666667
0 0.36 0.5306666666666666 0.027 0.10133333333333333
0 0.37475 0.513 0.0275 0.102
0 0.361 0.48533333333333334 0.034 0.09466666666666666
0 0.337 0.556 0.028 0.104
0 0.5355 0.399 0.027 0.08466666666666667
0 0.49025 0.36133333333333334 0.0285 0.06933333333333333
0 0.437 0.37333333333333335 0.019 0.08266666666666667
0 0.458 0.33766666666666667 0.019 0.06733333333333333
0 0.38525 0.3526666666666667 0.0295 0.06666666666666667
0 0.44925 0.30466666666666664 0.0195 0.058666666666666666
0 0.465 0.2796666666666667 0.016 0.024666666666666667
0 0.398 0.293 0.019 0.05533333333333333
0 0.355 0.3343333333333333 0.019 0.059333333333333335
0 0.41825 0.24066666666666667 0.0095 0.03333333333333333
0 0.409 0.23433333333333334 0.011 0.043333333333333335
0 0.409 0.22933333333333333 0.013 0.044
0 0.423 0.22766666666666666 0.01 0.043333333333333335
0 0.43125 0.21033333333333334 0.0125 0.034
0 0.19675 0.48633333333333334 0.0165 0.074
0 0.10575 0.4683333333333333 0.0345 0.08866666666666667
0 0.061 0.4653333333333333 0.041 0.08666666666666667
0 0.03075 0.5096666666666667 0.0365 0.102
0 0.024 0.48966666666666664 0.038 0.09666666666666666
0 0.219 0.22633333333333333 0.012 0.028666666666666667
0 0.2975 0.20966666666666667 0.01 0.03
0 0.3055 0.20966666666666667 0.009 0.027333333333333334
0 0.2955 0.18966666666666668 0.012 0.03133333333333333
0 0.305 0.183 0.01 0.015333333333333332
0 0.264 0.179 0.014 0.03133333333333333
0 0.07775 0.21166666666666667 0.0125 0.026
0 0.105 0.204 0.012 0.029333333333333333
0 0.088 0.19733333333333333 0.013 0.032
0 0.12225 0.18866666666666668 0.0095 0.028
0 0.1335 0.18733333333333332 0.009 0.028
0 0.19425 0.16733333333333333 0.0095 0.030666666666666665
0 0.222 0.159 0.007 0.022
0 0.23 0.15966666666666668 0.008 0.024666666666666667
0 0.2495 0.152 0.008 0.024