0 0.7348643006263048 0.39564007421150277 0.006263048016701462 0.013914656771799629
0 0.3452505219206681 0.8070500927643784 0.007828810020876827 0.02411873840445269
0 0.35281837160751567 0.8130797773654916 0.011482254697286013 0.030612244897959183
0 0.3353340292275574 0.6303339517625232 0.006784968684759917 0.015769944341372914
0 0.3355949895615866 0.6136363636363636 0.006263048016701462 0.026901669758812616
0 0.45041753653444677 0.3038033395176252 0.005219206680584551 0.015769944341372914
0 0.4386743215031315 0.2764378478664193 0.004697286012526096 0.014842300556586271
0 0.444937369519833 0.23747680890538034 0.0036534446764091857 0.0074211502782931356
0 0.4535490605427975 0.2230983302411874 0.0041753653444676405 0.01020408163265306
0 0.45772442588726514 0.21335807050092764 0.0041753653444676405 0.012987012987012988
0 0.4016179540709812 0.2082560296846011 0.004697286012526096 0.012059369202226345
0 0.40762004175365346 0.14517625231910947 0.003131524008350731 0.012059369202226345
0 0.42823590814196244 0.019016697588126158 0.0026096033402922755 0.006493506493506494
0 0.43162839248434237 0.01020408163265306 0.0020876826722338203 0.0055658627087198514