0 0.49 0.045714285714285714 0.007142857142857143 0.02666666666666667
0 0.4825 0.05285714285714286 0.005 0.02
0 0.44857142857142857 0.10095238095238095 0.032857142857142856 0.047619047619047616
0 0.73 0.23666666666666666 0.012857142857142857 0.04285714285714286
0 0.7621428571428571 0.4033333333333333 0.014285714285714285 0.04857142857142857
0 0.8082142857142857 0.4533333333333333 0.020714285714285713 0.05333333333333334
0 0.8439285714285715 0.46904761904761905 0.016428571428571428 0.058095238095238096
0 0.6453571428571429 0.40190476190476193 0.012142857142857143 0.05142857142857143
0 0.6389285714285714 0.3914285714285714 0.0064285714285714285 0.049523809523809526
0 0.3825 0.6357142857142857 0.015 0.04285714285714286
0 0.4114285714285714 0.6457142857142857 0.015714285714285715 0.06857142857142857
0 0.4010714285714286 0.6309523809523809 0.010714285714285714 0.02761904761904762