0 0.3267857142857143 0.42258883248730966 0.002142857142857143 0.007614213197969543
0 0.3296428571428571 0.4219543147208122 0.002142857142857143 0.008883248730964468
0 0.31857142857142856 0.4980964467005076 0.004285714285714286 0.01903553299492386
0 0.3267857142857143 0.4460659898477157 0.002142857142857143 0.01649746192893401
0 0.385 0.3477157360406091 0.002857142857142857 0.005076142131979695
0 0.4982142857142857 0.3534263959390863 0.002142857142857143 0.006345177664974619
0 0.6535714285714286 0.4035532994923858 0.0014285714285714286 0.012690355329949238
0 0.6660714285714285 0.41624365482233505 0.002142857142857143 0.007614213197969543
0 0.6503571428571429 0.40545685279187815 0.002142857142857143 0.011421319796954314
0 0.7021428571428572 0.4365482233502538 0.0014285714285714286 0.01015228426395939
0 0.7571428571428571 0.48096446700507617 0.002857142857142857 0.01015228426395939
0 0.7492857142857143 0.48096446700507617 0.0014285714285714286 0.007614213197969543
0 0.7467857142857143 0.4803299492385787 0.002142857142857143 0.008883248730964468
0 0.8457142857142858 0.5862944162436549 0.007142857142857143 0.025380710659898477
0 0.8992857142857142 0.6059644670050761 0.005714285714285714 0.01903553299492386