0 0.04857142857142857 0.7671428571428571 0.03571428571428571 0.07333333333333333
0 0.07642857142857143 0.74 0.037142857142857144 0.07047619047619047
0 0.32 0.45476190476190476 0.017142857142857144 0.058095238095238096
0 0.3410714285714286 0.4580952380952381 0.017857142857142856 0.05523809523809524
0 0.2885714285714286 0.4228571428571429 0.014285714285714285 0.047619047619047616
0 0.2775 0.4166666666666667 0.009285714285714286 0.04285714285714286
0 0.26535714285714285 0.4023809523809524 0.015 0.05047619047619047
0 0.2275 0.2523809523809524 0.013571428571428571 0.045714285714285714
0 0.2025 0.2604761904761905 0.013571428571428571 0.058095238095238096
0 0.21571428571428572 0.26095238095238094 0.011428571428571429 0.05142857142857143
0 0.13892857142857143 0.38142857142857145 0.023571428571428573 0.040952380952380955
0 0.5960714285714286 0.44904761904761903 0.010714285714285714 0.04857142857142857
0 0.5835714285714285 0.38857142857142857 0.01 0.047619047619047616
0 0.5957142857142858 0.14238095238095239 0.005714285714285714 0.018095238095238095
0 0.6028571428571429 0.14285714285714285 0.005714285714285714 0.01904761904761905
0 0.6057142857142858 0.11190476190476191 0.005714285714285714 0.01619047619047619
0 0.6235714285714286 0.09666666666666666 0.004285714285714286 0.01619047619047619
0 0.6707142857142857 0.12333333333333334 0.005714285714285714 0.02
0 0.15607142857142858 0.58 0.025 0.06666666666666667
0 0.21964285714285714 0.5904761904761905 0.029285714285714286 0.05904761904761905
0 0.14392857142857143 0.4419047619047619 0.019285714285714285 0.047619047619047616
0 0.1692857142857143 0.4266666666666667 0.012857142857142857 0.049523809523809526
0 0.08678571428571429 0.4576190476190476 0.02214285714285714 0.05238095238095238
0 0.10892857142857143 0.45095238095238094 0.020714285714285713 0.05238095238095238
0 0.018214285714285714 0.4419047619047619 0.019285714285714285 0.04
0 0.01107142857142857 0.4138095238095238 0.016428571428571428 0.04476190476190476
0 0.037142857142857144 0.4261904761904762 0.012857142857142857 0.037142857142857144
0 0.05107142857142857 0.4247619047619048 0.015 0.02857142857142857
0 0.07285714285714286 0.42095238095238097 0.018571428571428572 0.030476190476190476
0 0.08321428571428571 0.4147619047619048 0.016428571428571428 0.035238095238095235
0 0.07964285714285714 0.41 0.016428571428571428 0.029523809523809525
0 0.30964285714285716 0.38857142857142857 0.015 0.03428571428571429
0 0.009642857142857142 0.31 0.019285714285714285 0.035238095238095235
0 0.04107142857142857 0.3019047619047619 0.02214285714285714 0.04380952380952381
0 0.075 0.29523809523809524 0.024285714285714285 0.05333333333333334
0 0.10392857142857143 0.29333333333333333 0.02642857142857143 0.05333333333333334
0 0.1392857142857143 0.2866666666666667 0.022857142857142857 0.049523809523809526
0 0.2525 0.26904761904761904 0.019285714285714285 0.037142857142857144
0 0.2757142857142857 0.26142857142857145 0.015714285714285715 0.039047619047619046
0 0.2814285714285714 0.2661904761904762 0.014285714285714285 0.04285714285714286
0 0.10535714285714286 0.2338095238095238 0.016428571428571428 0.04666666666666667
0 0.9110714285714285 0.6938095238095238 0.020714285714285713 0.04666666666666667