0 0.12214285714285714 0.22857142857142856 0.007142857142857143 0.017142857142857144
0 0.23642857142857143 0.22666666666666666 0.008571428571428572 0.015238095238095238
0 0.2557142857142857 0.2319047619047619 0.007142857142857143 0.01619047619047619
0 0.4203571428571429 0.1442857142857143 0.0064285714285714285 0.014285714285714285
0 0.5360714285714285 0.01904761904761905 0.005 0.007619047619047619
0 0.5314285714285715 0.06666666666666667 0.005714285714285714 0.009523809523809525
0 0.5439285714285714 0.0680952380952381 0.005 0.010476190476190476
0 0.5075 0.08571428571428572 0.005 0.007619047619047619
0 0.5017857142857143 0.08428571428571428 0.005 0.012380952380952381
0 0.47964285714285715 0.08190476190476191 0.005 0.013333333333333334
0 0.515 0.11761904761904762 0.004285714285714286 0.010476190476190476
0 0.4828571428571429 0.12761904761904763 0.007142857142857143 0.015238095238095238
0 0.4725 0.13380952380952382 0.0064285714285714285 0.012380952380952381
0 0.63 0.05857142857142857 0.005714285714285714 0.010476190476190476
0 0.6232142857142857 0.13857142857142857 0.005 0.012380952380952381
0 0.6289285714285714 0.1461904761904762 0.005 0.012380952380952381
0 0.6875 0.14857142857142858 0.005 0.011428571428571429
0 0.5860714285714286 0.1980952380952381 0.0064285714285714285 0.011428571428571429
0 0.6003571428571428 0.2138095238095238 0.0064285714285714285 0.012380952380952381
0 0.5689285714285715 0.1961904761904762 0.005 0.013333333333333334
0 0.5496428571428571 0.18476190476190477 0.005 0.013333333333333334
0 0.5085714285714286 0.2280952380952381 0.005714285714285714 0.012380952380952381
0 0.5085714285714286 0.2795238095238095 0.004285714285714286 0.01619047619047619
0 0.5235714285714286 0.2804761904761905 0.007142857142857143 0.012380952380952381
0 0.5075 0.3323809523809524 0.0064285714285714285 0.013333333333333334
0 0.5128571428571429 0.36 0.005714285714285714 0.015238095238095238
0 0.5064285714285715 0.43476190476190474 0.007142857142857143 0.018095238095238095
0 0.5057142857142857 0.669047619047619 0.01 0.02
0 0.5071428571428571 0.8695238095238095 0.011428571428571429 0.024761904761904763
0 0.5367857142857143 0.9895238095238095 0.013571428571428571 0.01904761904761905
0 0.42392857142857143 0.7752380952380953 0.012142857142857143 0.02857142857142857
0 0.4610714285714286 0.41 0.0064285714285714285 0.021904761904761906
0 0.4475 0.4085714285714286 0.010714285714285714 0.022857142857142857
0 0.9664285714285714 0.981904761904762 0.03 0.02095238095238095
0 0.8496428571428571 0.7933333333333333 0.013571428571428571 0.02095238095238095
0 0.8182142857142857 0.7538095238095238 0.017857142857142856 0.018095238095238095
0 0.8967857142857143 0.6785714285714286 0.017857142857142856 0.025714285714285714
0 0.8314285714285714 0.5466666666666666 0.011428571428571429 0.022857142857142857
0 0.7896428571428571 0.4257142857142857 0.009285714285714286 0.022857142857142857
0 0.7353571428571428 0.2914285714285714 0.007857142857142858 0.02095238095238095
0 0.7360714285714286 0.2866666666666667 0.005 0.009523809523809525
0 0.795 0.2714285714285714 0.007142857142857143 0.01904761904761905
0 0.7996428571428571 0.2780952380952381 0.007857142857142858 0.013333333333333334
0 0.7285714285714285 0.20047619047619047 0.007142857142857143 0.02
0 0.69 0.14761904761904762 0.004285714285714286 0.011428571428571429
0 0.7175 0.1280952380952381 0.005 0.012380952380952381
0 0.7142857142857143 0.13095238095238096 0.007142857142857143 0.010476190476190476
0 0.7539285714285714 0.14666666666666667 0.005 0.011428571428571429
0 0.6339285714285714 0.07333333333333333 0.005 0.013333333333333334
0 0.9164285714285715 0.13857142857142857 0.005714285714285714 0.012380952380952381
0 0.8814285714285715 0.15714285714285714 0.005714285714285714 0.011428571428571429
0 0.8475 0.14047619047619048 0.0064285714285714285 0.012380952380952381
0 0.8046428571428571 0.1180952380952381 0.0064285714285714285 0.013333333333333334