0 0.80175 0.312 0.0115 0.030666666666666665
0 0.81525 0.30733333333333335 0.0105 0.034666666666666665
0 0.84175 0.278 0.0115 0.030666666666666665
0 0.80325 0.2846666666666667 0.0075 0.021333333333333333
0 0.3385 0.293 0.011 0.023333333333333334
0 0.38975 0.241 0.0065 0.03
0 0.38875 0.233 0.0065 0.023333333333333334
0 0.382 0.09866666666666667 0.005 0.016
0 0.3885 0.09833333333333333 0.004 0.016666666666666666
0 0.3835 0.09666666666666666 0.004 0.016
0 0.43025 0.08133333333333333 0.0045 0.008
0 0.86125 0.26466666666666666 0.0095 0.028
0 0.85675 0.26266666666666666 0.0095 0.029333333333333333
0 0.8465 0.242 0.009 0.032
0 0.69925 0.2613333333333333 0.0115 0.025333333333333333
0 0.67225 0.18766666666666668 0.0085 0.026
0 0.662 0.10566666666666667 0.006 0.018
0 0.54875 0.051333333333333335 0.0025 0.012
0 0.551 0.051333333333333335 0.003 0.012
0 0.554 0.035 0.002 0.01
0 0.55625 0.035 0.0025 0.008666666666666666
0 0.54225 0.025 0.0025 0.008666666666666666
0 0.53925 0.025333333333333333 0.0025 0.008
0 0.52675 0.029 0.0015 0.008666666666666666
0 0.52925 0.029333333333333333 0.0025 0.008
0 0.533 0.023666666666666666 0.002 0.007333333333333333
0 0.5375 0.02 0.002 0.009333333333333334
0 0.528 0.03966666666666667 0.003 0.007333333333333333