0 0.4546428571428571 0.40476190476190477 0.002142857142857143 0.011428571428571429
0 0.4514285714285714 0.4038095238095238 0.002857142857142857 0.013333333333333334
0 0.44785714285714284 0.40523809523809523 0.002857142857142857 0.012380952380952381
0 0.4442857142857143 0.4080952380952381 0.004285714285714286 0.010476190476190476
0 0.6235714285714286 0.44904761904761903 0.005714285714285714 0.02
0 0.7675 0.4342857142857143 0.005 0.01904761904761905
0 0.8310714285714286 0.025714285714285714 0.002142857142857143 0.007619047619047619
0 0.8367857142857142 0.025714285714285714 0.002142857142857143 0.005714285714285714
0 0.8514285714285714 0.1019047619047619 0.002857142857142857 0.007619047619047619
0 0.8635714285714285 0.19285714285714287 0.002857142857142857 0.010476190476190476
0 0.8578571428571429 0.19238095238095237 0.002857142857142857 0.009523809523809525
0 0.8710714285714286 0.20714285714285716 0.005 0.014285714285714285
0 0.8721428571428571 0.24 0.005714285714285714 0.011428571428571429
0 0.8635714285714285 0.24047619047619048 0.005714285714285714 0.012380952380952381
0 0.6978571428571428 0.33095238095238094 0.007142857142857143 0.006666666666666667
0 0.6614285714285715 0.47285714285714286 0.005714285714285714 0.012380952380952381
0 0.7989285714285714 0.5452380952380952 0.0064285714285714285 0.012380952380952381
0 0.7821428571428571 0.5561904761904762 0.005714285714285714 0.011428571428571429
0 0.78 0.580952380952381 0.007142857142857143 0.011428571428571429
0 0.7385714285714285 0.6333333333333333 0.007142857142857143 0.011428571428571429
0 0.7075 0.6238095238095238 0.0064285714285714285 0.007619047619047619
0 0.7946428571428571 0.6233333333333333 0.005 0.014285714285714285
0 0.8039285714285714 0.6723809523809524 0.007857142857142858 0.015238095238095238
0 0.5339285714285714 0.4238095238095238 0.007857142857142858 0.017142857142857144
0 0.6246428571428572 0.29285714285714287 0.0035714285714285713 0.010476190476190476
0 0.5982142857142857 0.30238095238095236 0.005 0.012380952380952381