0 0.13575 0.672 0.0235 0.044
0 0.13925 0.651 0.0195 0.027333333333333334
0 0.777 0.27166666666666667 0.014 0.03266666666666666
0 0.723 0.10633333333333334 0.007 0.026
0 0.59875 0.09666666666666666 0.0065 0.018666666666666668
0 0.631 0.085 0.008 0.016666666666666666
0 0.32325 0.09066666666666667 0.0075 0.024
0 0.379 0.093 0.004 0.027333333333333334
0 0.33475 0.08933333333333333 0.0045 0.024
0 0.3185 0.084 0.004 0.024
0 0.39325 0.10466666666666667 0.0075 0.018666666666666668
0 0.39275 0.10333333333333333 0.0075 0.017333333333333333
0 0.36875 0.469 0.0185 0.05
0 0.436 0.46266666666666667 0.012 0.04933333333333333