0 0.715 0.9163333333333333 0.021 0.03266666666666666
0 0.7695 0.934 0.019 0.030666666666666665
0 0.41225 0.722 0.0185 0.024
0 0.497 0.7016666666666667 0.018 0.027333333333333334
0 0.54375 0.7996666666666666 0.0185 0.027333333333333334
0 0.53525 0.7813333333333333 0.0165 0.02
0 0.7795 0.781 0.023 0.026
0 0.795 0.8046666666666666 0.018 0.02266666666666667
0 0.645 0.8076666666666666 0.017 0.019333333333333334
0 0.6505 0.7876666666666666 0.03 0.027333333333333334
0 0.7685 0.7396666666666667 0.049 0.042
0 0.50175 0.5903333333333334 0.0115 0.014
0 0.512 0.583 0.012 0.020666666666666667
0 0.5125 0.507 0.013 0.027333333333333334
0 0.48825 0.4876666666666667 0.0135 0.028666666666666667
0 0.39625 0.6106666666666667 0.0145 0.018666666666666668
0 0.32525 0.5793333333333334 0.0175 0.02266666666666667
0 0.35375 0.5233333333333333 0.0125 0.021333333333333333
0 0.32975 0.5073333333333333 0.0185 0.017333333333333333
0 0.35725 0.491 0.0175 0.027333333333333334
0 0.3845 0.4266666666666667 0.015 0.017333333333333333
0 0.398 0.425 0.015 0.024666666666666667
0 0.40575 0.411 0.0185 0.023333333333333334
0 0.676 0.138 0.015 0.03333333333333333
0 0.3905 0.338 0.016 0.017333333333333333
0 0.243 0.42966666666666664 0.024 0.023333333333333334
0 0.242 0.31233333333333335 0.026 0.03133333333333333
0 0.30675 0.20733333333333334 0.0195 0.034666666666666665
0 0.31725 0.196 0.0185 0.034666666666666665
0 0.32825 0.20166666666666666 0.0175 0.03666666666666667
0 0.426 0.019666666666666666 0.018 0.03933333333333333
0 0.1565 0.216 0.028 0.034666666666666665
0 0.13675 0.05433333333333333 0.0275 0.03666666666666667
0 0.126 0.01633333333333333 0.024 0.03266666666666666
0 0.08525 0.07366666666666667 0.0225 0.019333333333333334
0 0.07375 0.051333333333333335 0.0205 0.017333333333333333