0 0.5517857142857143 0.9495238095238095 0.027857142857142858 0.03619047619047619
0 0.6910714285714286 0.7604761904761905 0.020714285714285713 0.04285714285714286
0 0.72 0.6861904761904762 0.02 0.05047619047619047
0 0.455 0.06761904761904762 0.007142857142857143 0.024761904761904763
0 0.4564285714285714 0.05047619047619047 0.007142857142857143 0.022857142857142857
0 0.8664285714285714 0.8671428571428571 0.03142857142857143 0.04476190476190476
0 0.855 0.7728571428571429 0.04 0.035238095238095235
0 0.9853571428571428 0.8571428571428571 0.027857142857142858 0.0380952380952381
0 0.8717857142857143 0.4719047619047619 0.019285714285714285 0.040952380952380955
0 0.9157142857142857 0.4638095238095238 0.02 0.047619047619047616
0 0.08892857142857143 0.42714285714285716 0.023571428571428573 0.04857142857142857