0 0.2340814196242171 0.44990723562152135 0.013048016701461378 0.03710575139146568
0 0.23877870563674322 0.48840445269016697 0.012004175365344467 0.04730983302411874
0 0.3081941544885177 0.49489795918367346 0.013048016701461378 0.04916512059369202
0 0.11978079331941545 0.5885899814471243 0.01722338204592902 0.04730983302411874
0 0.11638830897703549 0.5728200371057514 0.015657620041753653 0.03432282003710575
0 0.31863256784968685 0.6846011131725418 0.010960334029227558 0.0575139146567718
0 0.3890918580375783 0.7277365491651205 0.01722338204592902 0.06957328385899815
0 0.42484342379958245 0.6989795918367347 0.012526096033402923 0.06957328385899815
0 0.43058455114822547 0.7198515769944341 0.009394572025052192 0.04452690166975881
0 0.45981210855949894 0.7829313543599258 0.016701461377870562 0.061224489795918366
0 0.47781837160751567 0.7388682745825603 0.013048016701461378 0.05102040816326531
0 0.48747390396659707 0.7467532467532467 0.012526096033402923 0.05009276437847866
0 0.5200939457202505 0.8200371057513914 0.015135699373695199 0.07792207792207792
0 0.5973382045929019 0.7796846011131725 0.015135699373695199 0.05473098330241188
0 0.8301148225469729 0.7481447124304267 0.02139874739039666 0.05102040816326531
0 0.8572546972860126 0.5449907235621522 0.012004175365344467 0.02504638218923933
0 0.8478601252609603 0.5329313543599258 0.013048016701461378 0.03432282003710575
0 0.7210334029227558 0.6182745825602969 0.014091858037578288 0.05844155844155844
0 0.6980688935281837 0.5681818181818182 0.009916492693110648 0.038033395176252316
0 0.7239039665970772 0.5431354359925789 0.010438413361169102 0.04916512059369202
0 0.7181628392484343 0.536178107606679 0.009394572025052192 0.04267161410018553
0 0.6918058455114823 0.41836734693877553 0.006784968684759917 0.027829313543599257
0 0.6860647181628392 0.4155844155844156 0.007828810020876827 0.03525046382189239
0 0.6299582463465553 0.608534322820037 0.018789144050104383 0.04081632653061224
0 0.6132567849686847 0.6159554730983302 0.013569937369519834 0.03525046382189239
0 0.6004697286012526 0.62847866419295 0.012004175365344467 0.03432282003710575
0 0.43606471816283926 0.5653988868274582 0.013048016701461378 0.032467532467532464
0 0.42484342379958245 0.5598330241187384 0.011482254697286013 0.036178107606679034
0 0.41727557411273486 0.5570500927643784 0.008872651356993737 0.032467532467532464
0 0.4068371607515658 0.46660482374768086 0.014091858037578288 0.04452690166975881