0 0.8181106471816284 0.5630797773654916 0.02870563674321503 0.07792207792207792
0 0.6038622129436325 0.4689239332096475 0.012526096033402923 0.04359925788497217
0 0.5169624217118998 0.5060296846011132 0.015135699373695199 0.04359925788497217
0 0.5660229645093946 0.40816326530612246 0.007828810020876827 0.03710575139146568
0 0.5088726513569938 0.36363636363636365 0.006263048016701462 0.014842300556586271
0 0.49843423799582465 0.3654916512059369 0.005219206680584551 0.014842300556586271
0 0.5044363256784968 0.34137291280148424 0.0036534446764091857 0.011131725417439703
0 0.5007828810020877 0.3362708719851577 0.0036534446764091857 0.01020408163265306
0 0.5130480167014614 0.31586270871985156 0.003131524008350731 0.008348794063079777
0 0.5198329853862212 0.3144712430426716 0.0020876826722338203 0.0055658627087198514
0 0.5169624217118998 0.3163265306122449 0.0026096033402922755 0.00927643784786642
0 0.5448851774530271 0.38311688311688313 0.008350730688935281 0.022263450834879406
0 0.49164926931106473 0.3654916512059369 0.0041753653444676405 0.012987012987012988