0 0.92775 0.9203333333333333 0.0205 0.046
0 0.856 0.948 0.023 0.056
0 0.822 0.8576666666666667 0.015 0.048666666666666664
0 0.8255 0.846 0.012 0.04
0 0.70925 0.8016666666666666 0.0165 0.04733333333333333
0 0.68275 0.827 0.0115 0.038
0 0.7245 0.841 0.019 0.042
0 0.63075 0.6576666666666666 0.0095 0.034
0 0.583 0.7186666666666667 0.012 0.02666666666666667
0 0.5665 0.7263333333333334 0.012 0.035333333333333335
0 0.57225 0.696 0.0125 0.03333333333333333
0 0.54775 0.6936666666666667 0.0095 0.023333333333333334
0 0.51 0.688 0.011 0.03333333333333333
0 0.4835 0.6483333333333333 0.009 0.028666666666666667
0 0.4775 0.6536666666666666 0.005 0.020666666666666667
0 0.5335 0.6313333333333333 0.009 0.032
0 0.48275 0.6073333333333333 0.0075 0.029333333333333333
0 0.50425 0.6173333333333333 0.0075 0.028
0 0.51175 0.6193333333333333 0.0075 0.030666666666666665
0 0.52625 0.5876666666666667 0.0075 0.024666666666666667
0 0.52125 0.5833333333333334 0.0065 0.025333333333333333
0 0.53425 0.5846666666666667 0.0055 0.02266666666666667
0 0.53475 0.5766666666666667 0.0065 0.018666666666666668
0 0.5215 0.5606666666666666 0.005 0.025333333333333333
0 0.5065 0.5473333333333333 0.007 0.02266666666666667
0 0.4905 0.555 0.008 0.020666666666666667
0 0.5285 0.556 0.007 0.02266666666666667
0 0.533 0.5533333333333333 0.006 0.02266666666666667
0 0.50975 0.5656666666666667 0.0085 0.022
0 0.51675 0.533 0.0075 0.019333333333333334
0 0.52525 0.531 0.0045 0.019333333333333334
0 0.48975 0.5293333333333333 0.0075 0.021333333333333333
0 0.50575 0.5116666666666667 0.0055 0.020666666666666667
0 0.49875 0.5156666666666667 0.0055 0.020666666666666667
0 0.503 0.492 0.006 0.016
0 0.494 0.484 0.005 0.018666666666666668
0 0.49775 0.48533333333333334 0.0035 0.014666666666666666
0 0.50275 0.464 0.0055 0.016
0 0.4895 0.4633333333333333 0.004 0.016
0 0.522 0.4673333333333333 0.005 0.017333333333333333
0 0.51425 0.4716666666666667 0.0055 0.014
0 0.29625 0.8883333333333333 0.0155 0.05
0 0.29525 0.8803333333333333 0.0095 0.024666666666666667
0 0.31375 0.8763333333333333 0.0205 0.03933333333333333
0 0.16 0.7066666666666667 0.01 0.03333333333333333
0 0.2185 0.672 0.011 0.03333333333333333
0 0.1295 0.543 0.008 0.022
0 0.12775 0.5536666666666666 0.0055 0.019333333333333334
0 0.36525 0.562 0.0065 0.014666666666666666
0 0.36875 0.5646666666666667 0.0075 0.017333333333333333
0 0.3745 0.5593333333333333 0.007 0.013333333333333334
0 0.376 0.562 0.006 0.014666666666666666
0 0.3305 0.5483333333333333 0.007 0.014
0 0.32625 0.451 0.0055 0.015333333333333332
0 0.313 0.455 0.005 0.014
0 0.30575 0.4653333333333333 0.0055 0.016
0 0.30725 0.46366666666666667 0.0045 0.016666666666666666
0 0.29025 0.48133333333333334 0.0055 0.013333333333333334
0 0.34625 0.419 0.0035 0.012666666666666666
0 0.342 0.4206666666666667 0.004 0.012
0 0.3375 0.425 0.004 0.012666666666666666
0 0.28175 0.4746666666666667 0.0045 0.013333333333333334
0 0.276 0.483 0.007 0.01
0 0.26825 0.4876666666666667 0.0065 0.011333333333333334