0 0.4042857142857143 0.07809523809523809 0.005714285714285714 0.013333333333333334
0 0.39535714285714285 0.2919047619047619 0.0064285714285714285 0.014285714285714285
0 0.5196428571428572 0.3547619047619048 0.0064285714285714285 0.012380952380952381
0 0.5925 0.7309523809523809 0.010714285714285714 0.023809523809523808
0 0.5567857142857143 0.7219047619047619 0.010714285714285714 0.017142857142857144
0 0.4857142857142857 0.7423809523809524 0.014285714285714285 0.02
0 0.4682142857142857 0.7119047619047619 0.009285714285714286 0.018095238095238095
0 0.71 0.8828571428571429 0.011428571428571429 0.022857142857142857
0 0.7667857142857143 0.8861904761904762 0.007857142857142858 0.018095238095238095
0 0.7739285714285714 0.91 0.012142857142857143 0.018095238095238095
0 0.8046428571428571 0.9119047619047619 0.013571428571428571 0.018095238095238095
0 0.4175 0.9133333333333333 0.013571428571428571 0.01904761904761905
0 0.11714285714285715 0.9276190476190476 0.017142857142857144 0.01904761904761905
0 0.30607142857142855 0.7328571428571429 0.0064285714285714285 0.02