0 0.15428571428571428 0.2571428571428571 0.015714285714285715 0.02666666666666667
0 0.1725 0.3295238095238095 0.02214285714285714 0.030476190476190476
0 0.0675 0.4204761904761905 0.025 0.012380952380952381
0 0.09142857142857143 0.34904761904761905 0.03 0.03142857142857143
0 0.09571428571428571 0.3314285714285714 0.027142857142857142 0.03238095238095238
0 0.07964285714285714 0.3323809523809524 0.027857142857142858 0.03238095238095238
0 0.08428571428571428 0.5771428571428572 0.03571428571428571 0.03238095238095238
0 0.3375 0.02666666666666667 0.012142857142857143 0.03428571428571429
0 0.49107142857142855 0.01904761904761905 0.010714285714285714 0.03619047619047619
0 0.5142857142857142 0.011428571428571429 0.01 0.022857142857142857
0 0.44035714285714284 0.4180952380952381 0.02214285714285714 0.030476190476190476
0 0.47964285714285715 0.4504761904761905 0.016428571428571428 0.030476190476190476
0 0.5442857142857143 0.39571428571428574 0.011428571428571429 0.03142857142857143
0 0.5910714285714286 0.4219047619047619 0.012142857142857143 0.04
0 0.6171428571428571 0.36238095238095236 0.014285714285714285 0.037142857142857144
0 0.4328571428571429 0.6414285714285715 0.02 0.029523809523809525
0 0.4392857142857143 0.62 0.02 0.02857142857142857
0 0.021785714285714287 0.9333333333333333 0.04357142857142857 0.024761904761904763
0 0.01 0.9114285714285715 0.02 0.022857142857142857