0 0.3807142857142857 0.9152380952380952 0.03857142857142857 0.12380952380952381
0 0.27214285714285713 0.6633333333333333 0.024285714285714285 0.07142857142857142
0 0.27964285714285714 0.6461904761904762 0.016428571428571428 0.040952380952380955
0 0.11785714285714285 0.48523809523809525 0.017142857142857144 0.04666666666666667
0 0.47285714285714286 0.5066666666666667 0.014285714285714285 0.04
0 0.5539285714285714 0.44571428571428573 0.007857142857142858 0.024761904761904763
0 0.4514285714285714 0.5861904761904762 0.015714285714285715 0.058095238095238096
0 0.45821428571428574 0.5819047619047619 0.009285714285714286 0.049523809523809526
0 0.42678571428571427 0.5919047619047619 0.015 0.054285714285714284
0 0.4132142857142857 0.5885714285714285 0.015 0.05523809523809524
0 0.3967857142857143 0.5866666666666667 0.015 0.05523809523809524
0 0.3875 0.5833333333333334 0.013571428571428571 0.054285714285714284
0 0.38642857142857145 0.58 0.014285714285714285 0.05523809523809524
0 0.39 0.5733333333333334 0.014285714285714285 0.05904761904761905
0 0.4057142857142857 0.56 0.015714285714285715 0.047619047619047616
0 0.4442857142857143 0.5666666666666667 0.017142857142857144 0.05523809523809524
0 0.45607142857142857 0.5766666666666667 0.015 0.054285714285714284
0 0.445 0.5895238095238096 0.012857142857142857 0.030476190476190476
0 0.44571428571428573 0.5828571428571429 0.015714285714285715 0.0380952380952381
0 0.4278571428571429 0.5757142857142857 0.015714285714285715 0.035238095238095235
0 0.41678571428571426 0.5742857142857143 0.016428571428571428 0.0419047619047619
0 0.5025 0.57 0.027857142857142858 0.035238095238095235
0 0.5025 0.5595238095238095 0.019285714285714285 0.035238095238095235
0 0.5128571428571429 0.54 0.017142857142857144 0.0419047619047619
0 0.5485714285714286 0.5442857142857143 0.022857142857142857 0.035238095238095235
0 0.5014285714285714 0.5352380952380953 0.012857142857142857 0.0380952380952381
0 0.6157142857142858 0.5014285714285714 0.012857142857142857 0.029523809523809525
0 0.655 0.47333333333333333 0.007142857142857143 0.024761904761904763
0 0.6632142857142858 0.4766666666666667 0.010714285714285714 0.018095238095238095
0 0.7139285714285715 0.45904761904761904 0.012142857142857143 0.02666666666666667
0 0.7417857142857143 0.4514285714285714 0.012142857142857143 0.01904761904761905
0 0.6760714285714285 0.46476190476190476 0.009285714285714286 0.022857142857142857
0 0.65 0.49476190476190474 0.011428571428571429 0.029523809523809525
0 0.8957142857142857 0.44142857142857145 0.007142857142857143 0.023809523809523808
0 0.81 0.38476190476190475 0.004285714285714286 0.013333333333333334
0 0.6035714285714285 0.4504761904761905 0.02 0.013333333333333334