0 0.31535714285714284 0.4593908629441624 0.007857142857142858 0.025380710659898477
0 0.32285714285714284 0.3286802030456853 0.005714285714285714 0.02284263959390863
0 0.09964285714285714 0.45748730964467005 0.013571428571428571 0.01649746192893401
0 0.13357142857142856 0.030456852791878174 0.005714285714285714 0.02284263959390863
0 0.13071428571428573 0.021573604060913704 0.004285714285714286 0.02030456852791878
0 0.125 0.027918781725888325 0.005714285714285714 0.017766497461928935
0 0.9017857142857143 0.6116751269035533 0.009285714285714286 0.02284263959390863
0 0.9214285714285714 0.9676395939086294 0.012857142857142857 0.024111675126903553
0 0.03 0.7106598984771574 0.015714285714285715 0.02030456852791878
0 0.014285714285714285 0.7626903553299492 0.014285714285714285 0.027918781725888325
0 0.06714285714285714 0.7785532994923858 0.017142857142857144 0.01649746192893401
0 0.0675 0.4663705583756345 0.0064285714285714285 0.013959390862944163
0 0.07321428571428572 0.46890862944162437 0.0064285714285714285 0.01903553299492386
0 0.07964285714285714 0.46954314720812185 0.009285714285714286 0.012690355329949238
0 0.08642857142857142 0.47017766497461927 0.005714285714285714 0.013959390862944163
0 0.09428571428571429 0.46954314720812185 0.008571428571428572 0.017766497461928935
0 0.09714285714285714 0.47779187817258884 0.008571428571428572 0.011421319796954314
0 0.10107142857142858 0.4847715736040609 0.005 0.012690355329949238
0 0.10535714285714286 0.475253807106599 0.007857142857142858 0.01649746192893401
0 0.1125 0.4746192893401015 0.005 0.015228426395939087
0 0.07071428571428572 0.4930203045685279 0.007142857142857143 0.013959390862944163
0 0.07678571428571429 0.49238578680203043 0.007857142857142858 0.012690355329949238
0 0.08071428571428571 0.4860406091370558 0.005714285714285714 0.012690355329949238
0 0.08714285714285715 0.48286802030456855 0.01 0.013959390862944163
0 0.08214285714285714 0.49555837563451777 0.007142857142857143 0.013959390862944163
0 0.0875 0.4930203045685279 0.0064285714285714285 0.013959390862944163
0 0.09214285714285714 0.5006345177664975 0.005714285714285714 0.01649746192893401
0 0.09571428571428571 0.49428934010152287 0.005714285714285714 0.013959390862944163
0 0.10035714285714285 0.49619289340101524 0.005 0.012690355329949238
0 0.10464285714285715 0.49682741116751267 0.0064285714285714285 0.01649746192893401
0 0.11142857142857143 0.4949238578680203 0.008571428571428572 0.017766497461928935