0 0.41214285714285714 0.3842857142857143 0.005714285714285714 0.010476190476190476
0 0.4025 0.5152380952380953 0.0064285714285714285 0.011428571428571429
0 0.41214285714285714 0.5157142857142857 0.008571428571428572 0.012380952380952381
0 0.4035714285714286 0.5566666666666666 0.008571428571428572 0.014285714285714285
0 0.4085714285714286 0.5395238095238095 0.01 0.021904761904761906
0 0.3942857142857143 0.9385714285714286 0.01 0.023809523809523808
0 0.3964285714285714 0.93 0.014285714285714285 0.018095238095238095
0 0.3975 0.8876190476190476 0.015 0.0380952380952381
0 0.39535714285714285 0.8738095238095238 0.010714285714285714 0.025714285714285714
0 0.43892857142857145 0.8752380952380953 0.013571428571428571 0.03428571428571429
0 0.41785714285714287 0.8785714285714286 0.014285714285714285 0.02
0 0.8325 0.9076190476190477 0.012142857142857143 0.0419047619047619
0 0.5771428571428572 0.520952380952381 0.007142857142857143 0.02666666666666667
0 0.5225 0.439047619047619 0.005 0.02095238095238095
0 0.525 0.439047619047619 0.005714285714285714 0.02095238095238095
0 0.4132142857142857 0.7766666666666666 0.009285714285714286 0.02
0 0.8425 0.96 0.020714285714285713 0.030476190476190476