0 0.35464285714285715 0.7271428571428571 0.019285714285714285 0.04857142857142857
0 0.1957142857142857 0.6057142857142858 0.022857142857142857 0.047619047619047616
0 0.6510714285714285 0.6619047619047619 0.02214285714285714 0.05714285714285714
0 0.6028571428571429 0.590952380952381 0.018571428571428572 0.04666666666666667
0 0.5053571428571428 0.5619047619047619 0.013571428571428571 0.04
0 0.4832142857142857 0.5352380952380953 0.010714285714285714 0.04380952380952381
0 0.4742857142857143 0.5214285714285715 0.01 0.040952380952380955
0 0.4742857142857143 0.5023809523809524 0.01 0.029523809523809525
0 0.4714285714285714 0.49857142857142855 0.01 0.02761904761904762
0 0.2742857142857143 0.43 0.011428571428571429 0.023809523809523808
0 0.32392857142857145 0.4328571428571429 0.010714285714285714 0.029523809523809525
0 0.3467857142857143 0.45 0.010714285714285714 0.02761904761904762
0 0.29642857142857143 0.4266666666666667 0.011428571428571429 0.02857142857142857
0 0.3417857142857143 0.4419047619047619 0.0064285714285714285 0.02857142857142857
0 0.34535714285714286 0.4461904761904762 0.007857142857142858 0.02761904761904762
0 0.3464285714285714 0.4442857142857143 0.005714285714285714 0.035238095238095235
0 0.3475 0.3547619047619048 0.007857142857142858 0.021904761904761906
0 0.15892857142857142 0.4919047619047619 0.013571428571428571 0.03333333333333333
0 0.1125 0.48904761904761906 0.016428571428571428 0.040952380952380955
0 0.115 0.48238095238095235 0.008571428571428572 0.01619047619047619
0 0.12785714285714286 0.4828571428571429 0.012857142857142857 0.03619047619047619
0 0.054285714285714284 0.46 0.015714285714285715 0.03238095238095238
0 0.013571428571428571 0.44 0.011428571428571429 0.017142857142857144
0 0.08964285714285715 0.4657142857142857 0.010714285714285714 0.0380952380952381
0 0.07928571428571428 0.4633333333333333 0.011428571428571429 0.039047619047619046
0 0.03142857142857143 0.18714285714285714 0.002857142857142857 0.008571428571428572
0 0.3925 0.2904761904761905 0.005 0.017142857142857144
0 0.3921428571428571 0.2795238095238095 0.004285714285714286 0.014285714285714285
0 0.45 0.2957142857142857 0.004285714285714286 0.01619047619047619
0 0.4732142857142857 0.2923809523809524 0.005 0.015238095238095238
0 0.48964285714285716 0.2752380952380952 0.005 0.013333333333333334
0 0.49357142857142855 0.30047619047619045 0.004285714285714286 0.012380952380952381
0 0.5428571428571428 0.2919047619047619 0.005714285714285714 0.012380952380952381
0 0.6035714285714285 0.2904761904761905 0.004285714285714286 0.009523809523809525
0 0.6342857142857142 0.29714285714285715 0.004285714285714286 0.011428571428571429
0 0.9239285714285714 0.3976190476190476 0.009285714285714286 0.029523809523809525
0 0.9617857142857142 0.4085714285714286 0.007857142857142858 0.024761904761904763
0 0.8810714285714286 0.4247619047619048 0.009285714285714286 0.01904761904761905
0 0.7007142857142857 0.3638095238095238 0.008571428571428572 0.024761904761904763
0 0.6525 0.3519047619047619 0.0064285714285714285 0.01619047619047619
0 0.6410714285714286 0.3461904761904762 0.0064285714285714285 0.018095238095238095
0 0.6139285714285714 0.36095238095238097 0.0064285714285714285 0.02095238095238095
0 0.5328571428571428 0.34285714285714286 0.005714285714285714 0.017142857142857144
0 0.6107142857142858 0.3342857142857143 0.005714285714285714 0.02095238095238095