0 0.3382142857142857 0.11095238095238096 0.0035714285714285713 0.012380952380952381
0 0.3342857142857143 0.10952380952380952 0.002857142857142857 0.011428571428571429
0 0.2864285714285714 0.13476190476190475 0.005714285714285714 0.010476190476190476
0 0.27964285714285714 0.1357142857142857 0.005 0.008571428571428572
0 0.15464285714285714 0.4742857142857143 0.012142857142857143 0.013333333333333334
0 0.23464285714285715 0.6723809523809524 0.013571428571428571 0.011428571428571429
0 0.3053571428571429 0.2633333333333333 0.0035714285714285713 0.012380952380952381
0 0.31214285714285717 0.22238095238095237 0.004285714285714286 0.014285714285714285
0 0.3171428571428571 0.21761904761904763 0.004285714285714286 0.010476190476190476
0 0.23964285714285713 0.21428571428571427 0.002142857142857143 0.005714285714285714
0 0.2375 0.22142857142857142 0.002142857142857143 0.006666666666666667
0 0.2342857142857143 0.22047619047619046 0.002857142857142857 0.004761904761904762
0 0.25214285714285717 0.25476190476190474 0.004285714285714286 0.010476190476190476
0 0.27535714285714286 0.24476190476190476 0.002142857142857143 0.005714285714285714
0 0.29428571428571426 0.23761904761904762 0.002857142857142857 0.008571428571428572
0 0.3517857142857143 0.22380952380952382 0.005 0.011428571428571429
0 0.385 0.490952380952381 0.004285714285714286 0.006666666666666667
0 0.3492857142857143 0.7338095238095238 0.004285714285714286 0.010476190476190476
0 0.3982142857142857 0.4880952380952381 0.0035714285714285713 0.006666666666666667
0 0.4085714285714286 0.0761904761904762 0.004285714285714286 0.005714285714285714
0 0.7717857142857143 0.02857142857142857 0.005 0.005714285714285714