0 0.7578571428571429 0.8590476190476191 0.014285714285714285 0.02857142857142857
0 0.9467857142857142 0.9238095238095239 0.015 0.02666666666666667
0 0.9835714285714285 0.8980952380952381 0.02142857142857143 0.02857142857142857
0 0.88 0.8076190476190476 0.014285714285714285 0.022857142857142857
0 0.8589285714285714 0.79 0.016428571428571428 0.023809523809523808
0 0.8778571428571429 0.7833333333333333 0.011428571428571429 0.025714285714285714
0 0.8385714285714285 0.7776190476190477 0.015714285714285715 0.023809523809523808
0 0.8457142857142858 0.7780952380952381 0.01 0.022857142857142857
0 0.8442857142857143 0.770952380952381 0.011428571428571429 0.021904761904761906
0 0.8664285714285714 0.7880952380952381 0.008571428571428572 0.018095238095238095
0 0.9575 0.8838095238095238 0.010714285714285714 0.024761904761904763
0 0.9678571428571429 0.8790476190476191 0.014285714285714285 0.02857142857142857
0 0.9532142857142857 0.9152380952380952 0.015 0.02857142857142857
0 0.9646428571428571 0.91 0.015 0.025714285714285714
0 0.9503571428571429 0.8842857142857142 0.017857142857142856 0.025714285714285714
0 0.9642857142857143 0.8876190476190476 0.011428571428571429 0.030476190476190476
0 0.6167857142857143 0.5485714285714286 0.009285714285714286 0.02095238095238095
0 0.5442857142857143 0.4685714285714286 0.008571428571428572 0.01904761904761905
0 0.485 0.3914285714285714 0.008571428571428572 0.01904761904761905
0 0.4164285714285714 0.3180952380952381 0.005714285714285714 0.01904761904761905
0 0.3975 0.31952380952380954 0.005 0.012380952380952381
0 0.4539285714285714 0.3838095238095238 0.0064285714285714285 0.013333333333333334
0 0.3196428571428571 0.28523809523809524 0.005 0.012380952380952381
0 0.8671428571428571 0.15333333333333332 0.005714285714285714 0.013333333333333334
0 0.8896428571428572 0.1595238095238095 0.005 0.014285714285714285
0 0.885 0.15761904761904763 0.004285714285714286 0.012380952380952381
0 0.88 0.15761904761904763 0.004285714285714286 0.012380952380952381
0 0.5439285714285714 0.4542857142857143 0.0064285714285714285 0.01904761904761905
0 0.5392857142857143 0.4561904761904762 0.004285714285714286 0.02095238095238095
0 0.5414285714285715 0.4504761904761905 0.005714285714285714 0.01904761904761905