0 0.3125 0.458 0.011 0.017333333333333333
0 0.7225 0.3983333333333333 0.01 0.024666666666666667
0 0.985 0.43133333333333335 0.019 0.02266666666666667
0 0.7215 0.6333333333333333 0.012 0.024
0 0.70725 0.61 0.0095 0.025333333333333333
0 0.6835 0.6416666666666667 0.01 0.018
0 0.69475 0.6416666666666667 0.0075 0.011333333333333334
0 0.68225 0.6256666666666667 0.0105 0.016666666666666666
0 0.698 0.6226666666666667 0.011 0.02
0 0.93425 0.5426666666666666 0.0175 0.02666666666666667
0 0.793 0.763 0.016 0.024666666666666667
0 0.798 0.762 0.006 0.012