0 0.33964285714285714 0.4261904761904762 0.020714285714285713 0.05238095238095238
0 0.36678571428571427 0.4195238095238095 0.016428571428571428 0.04285714285714286
0 0.465 0.36047619047619045 0.01 0.05047619047619047
0 0.35714285714285715 0.3323809523809524 0.01 0.04380952380952381
0 0.6432142857142857 0.2357142857142857 0.007857142857142858 0.04285714285714286
0 0.9778571428571429 0.2957142857142857 0.014285714285714285 0.04285714285714286
0 0.7042857142857143 0.2195238095238095 0.008571428571428572 0.02761904761904762
0 0.9682142857142857 0.0419047619047619 0.005 0.013333333333333334
0 0.2925 0.5342857142857143 0.020714285714285713 0.05714285714285714
0 0.09392857142857143 0.7361904761904762 0.047857142857142855 0.06666666666666667
0 0.5342857142857143 0.20142857142857143 0.011428571428571429 0.029523809523809525
0 0.9021428571428571 0.18047619047619048 0.011428571428571429 0.021904761904761906