0 0.5507142857142857 0.7271428571428571 0.014285714285714285 0.08857142857142856
0 0.8857142857142857 0.76 0.02 0.09333333333333334
0 0.9260714285714285 0.7885714285714286 0.025 0.09333333333333334
0 0.9496428571428571 0.790952380952381 0.019285714285714285 0.0980952380952381
0 0.3078571428571429 0.5447619047619048 0.005714285714285714 0.01904761904761905
0 0.32142857142857145 0.5380952380952381 0.004285714285714286 0.01904761904761905
0 0.28714285714285714 0.5561904761904762 0.005714285714285714 0.02095238095238095
0 0.5514285714285714 0.5361904761904762 0.004285714285714286 0.013333333333333334
0 0.425 0.5166666666666667 0.002857142857142857 0.008571428571428572
0 0.4714285714285714 0.5138095238095238 0.0014285714285714286 0.006666666666666667
0 0.5935714285714285 0.5347619047619048 0.002857142857142857 0.008571428571428572