0 0.2982142857142857 0.4819047619047619 0.013571428571428571 0.024761904761904763
0 0.34 0.6090476190476191 0.01 0.023809523809523808
0 0.32535714285714284 0.5942857142857143 0.010714285714285714 0.024761904761904763
0 0.42714285714285716 0.5119047619047619 0.007142857142857143 0.02
0 0.38035714285714284 0.5261904761904762 0.007857142857142858 0.025714285714285714
0 0.3692857142857143 0.6214285714285714 0.017142857142857144 0.01619047619047619
0 0.8025 0.2219047619047619 0.0064285714285714285 0.02095238095238095
0 0.1275 0.34904761904761905 0.010714285714285714 0.021904761904761906
0 0.6464285714285715 0.3361904761904762 0.007142857142857143 0.01904761904761905
0 0.6496428571428572 0.3252380952380952 0.005 0.02
0 0.6703571428571429 0.3638095238095238 0.009285714285714286 0.017142857142857144
0 0.6932142857142857 0.35428571428571426 0.007857142857142858 0.017142857142857144