0 0.5853571428571429 0.04619047619047619 0.0064285714285714285 0.01619047619047619
0 0.4725 0.11571428571428571 0.005 0.025714285714285714
0 0.48035714285714287 0.11333333333333333 0.009285714285714286 0.02666666666666667
0 0.44892857142857145 0.1319047619047619 0.0064285714285714285 0.03142857142857143
0 0.4607142857142857 0.29095238095238096 0.011428571428571429 0.039047619047619046
0 0.6210714285714286 0.25476190476190474 0.007857142857142858 0.029523809523809525
0 0.37357142857142855 0.47619047619047616 0.015714285714285715 0.03619047619047619
0 0.665 0.42857142857142855 0.015714285714285715 0.03238095238095238
0 0.4878571428571429 0.26095238095238094 0.01 0.02666666666666667
0 0.4592857142857143 0.5295238095238095 0.014285714285714285 0.030476190476190476
0 0.32535714285714284 0.4942857142857143 0.013571428571428571 0.0380952380952381
0 0.5053571428571428 0.6933333333333334 0.016428571428571428 0.045714285714285714
0 0.555 0.7785714285714286 0.01 0.03142857142857143
0 0.3314285714285714 0.8142857142857143 0.02142857142857143 0.04
0 0.32857142857142857 0.7847619047619048 0.017142857142857144 0.04
0 0.7739285714285714 0.7804761904761904 0.012142857142857143 0.03142857142857143