0 0.2775 0.5996192893401016 0.010714285714285714 0.04187817258883249
0 0.26607142857142857 0.583756345177665 0.013571428571428571 0.04314720812182741
0 0.22642857142857142 0.9828680203045685 0.02857142857142857 0.031725888324873094
0 0.35964285714285715 0.41624365482233505 0.010714285714285714 0.027918781725888325
0 0.1957142857142857 0.37944162436548223 0.007142857142857143 0.027918781725888325
0 0.19785714285714287 0.37753807106598986 0.01 0.02918781725888325
0 0.4682142857142857 0.5856598984771574 0.007857142857142858 0.03680203045685279
0 0.44142857142857145 0.24238578680203046 0.005714285714285714 0.030456852791878174
0 0.7996428571428571 0.4796954314720812 0.007857142857142858 0.03553299492385787
0 0.8135714285714286 0.4784263959390863 0.014285714285714285 0.04060913705583756
0 0.8017857142857143 0.47017766497461927 0.010714285714285714 0.03680203045685279
0 0.7039285714285715 0.4581218274111675 0.007857142857142858 0.02030456852791878
0 0.7078571428571429 0.4460659898477157 0.008571428571428572 0.031725888324873094
0 0.7232142857142857 0.4365482233502538 0.009285714285714286 0.03299492385786802
0 0.48857142857142855 0.5736040609137056 0.011428571428571429 0.03553299492385787
0 0.45 0.5057106598984772 0.01 0.03934010152284264
0 0.4357142857142857 0.42258883248730966 0.008571428571428572 0.030456852791878174
0 0.42892857142857144 0.37055837563451777 0.007857142857142858 0.025380710659898477
0 0.4382142857142857 0.3217005076142132 0.007857142857142858 0.024111675126903553