0 0.06607142857142857 0.056472081218274114 0.0035714285714285713 0.008883248730964468
0 0.07035714285714285 0.06408629441624365 0.002142857142857143 0.006345177664974619
0 0.07821428571428571 0.05203045685279188 0.0035714285714285713 0.007614213197969543
0 0.055 0.08375634517766498 0.002857142857142857 0.01015228426395939
0 0.0525 0.0850253807106599 0.0035714285714285713 0.01015228426395939
0 0.10321428571428572 0.03426395939086294 0.0064285714285714285 0.012690355329949238
0 0.41964285714285715 0.0532994923857868 0.002142857142857143 0.01015228426395939
0 0.42178571428571426 0.05203045685279188 0.002142857142857143 0.01015228426395939
0 0.42142857142857143 0.07741116751269035 0.0014285714285714286 0.01015228426395939
0 0.45714285714285713 0.23921319796954316 0.002857142857142857 0.013959390862944163
0 0.45964285714285713 0.23730964467005075 0.002142857142857143 0.012690355329949238
0 0.4635714285714286 0.23540609137055837 0.002857142857142857 0.011421319796954314
0 0.3775 0.20050761421319796 0.0035714285714285713 0.012690355329949238
0 0.37607142857142856 0.2296954314720812 0.0035714285714285713 0.012690355329949238
0 0.3842857142857143 0.25571065989847713 0.0014285714285714286 0.011421319796954314
0 0.38285714285714284 0.35215736040609136 0.002857142857142857 0.013959390862944163
0 0.38392857142857145 0.34454314720812185 0.002142857142857143 0.008883248730964468
0 0.37357142857142855 0.37944162436548223 0.004285714285714286 0.01015228426395939
0 0.38392857142857145 0.3864213197969543 0.0035714285714285713 0.011421319796954314
0 0.385 0.4263959390862944 0.002857142857142857 0.012690355329949238
0 0.3807142857142857 0.38578680203045684 0.002857142857142857 0.01015228426395939
0 0.3792857142857143 0.3889593908629442 0.002857142857142857 0.011421319796954314
0 0.37642857142857145 0.4022842639593909 0.002857142857142857 0.012690355329949238
0 0.38035714285714284 0.5685279187817259 0.0035714285714285713 0.012690355329949238
0 0.8835714285714286 0.5253807106598984 0.002857142857142857 0.012690355329949238