0 0.9392857142857143 0.025238095238095237 0.01 0.012380952380952381
0 0.9367857142857143 0.019523809523809523 0.007857142857142858 0.014285714285714285
0 0.9428571428571428 0.07476190476190477 0.007142857142857143 0.014285714285714285
0 0.9392857142857143 0.16142857142857142 0.01 0.010476190476190476
0 0.9414285714285714 0.1742857142857143 0.008571428571428572 0.009523809523809525
0 0.94 0.18857142857142858 0.007142857142857143 0.009523809523809525
0 0.9646428571428571 0.23666666666666666 0.010714285714285714 0.010476190476190476
0 0.9453571428571429 0.29428571428571426 0.010714285714285714 0.009523809523809525
0 0.9367857142857143 0.3233333333333333 0.007857142857142858 0.006666666666666667
0 0.9378571428571428 0.3295238095238095 0.01 0.007619047619047619
0 0.9414285714285714 0.33285714285714285 0.01 0.008571428571428572
0 0.9435714285714286 0.32571428571428573 0.01 0.007619047619047619
0 0.9460714285714286 0.38047619047619047 0.0064285714285714285 0.006666666666666667
0 0.9653571428571428 0.38142857142857145 0.010714285714285714 0.010476190476190476
0 0.9567857142857142 0.38857142857142857 0.009285714285714286 0.009523809523809525
0 0.9575 0.4076190476190476 0.0064285714285714285 0.0038095238095238095
0 0.9485714285714286 0.45571428571428574 0.004285714285714286 0.004761904761904762
0 0.9521428571428572 0.46095238095238095 0.007142857142857143 0.0038095238095238095
0 0.9514285714285714 0.5023809523809524 0.005714285714285714 0.014285714285714285
0 0.9596428571428571 0.4719047619047619 0.0064285714285714285 0.008571428571428572
0 0.9517857142857142 0.4680952380952381 0.009285714285714286 0.010476190476190476
0 0.9546428571428571 0.39476190476190476 0.013571428571428571 0.004761904761904762
0 0.9546428571428571 0.3995238095238095 0.009285714285714286 0.006666666666666667
0 0.9582142857142857 0.41714285714285715 0.010714285714285714 0.005714285714285714
0 0.9535714285714286 0.42714285714285716 0.007142857142857143 0.006666666666666667
0 0.96 0.4257142857142857 0.01 0.007619047619047619
0 0.013928571428571429 0.3742857142857143 0.010714285714285714 0.007619047619047619
0 0.015714285714285715 0.37 0.01 0.006666666666666667
0 0.0575 0.41619047619047617 0.007857142857142858 0.007619047619047619
0 0.05857142857142857 0.4119047619047619 0.007142857142857143 0.006666666666666667
0 0.05964285714285714 0.4061904761904762 0.007857142857142858 0.006666666666666667
0 0.05714285714285714 0.3976190476190476 0.008571428571428572 0.008571428571428572
0 0.3432142857142857 0.5014285714285714 0.0064285714285714285 0.006666666666666667
0 0.32357142857142857 0.5114285714285715 0.005714285714285714 0.005714285714285714
0 0.21571428571428572 0.45 0.008571428571428572 0.008571428571428572
0 0.19678571428571429 0.4561904761904762 0.009285714285714286 0.009523809523809525
0 0.1975 0.4676190476190476 0.009285714285714286 0.009523809523809525
0 0.40285714285714286 0.5761904761904761 0.004285714285714286 0.007619047619047619
0 0.40535714285714286 0.5728571428571428 0.0035714285714285713 0.006666666666666667