0 0.3221428571428571 0.08666666666666667 0.004285714285714286 0.013333333333333334
0 0.42 0.15619047619047619 0.005714285714285714 0.02095238095238095
0 0.3467857142857143 0.13857142857142857 0.0035714285714285713 0.014285714285714285
0 0.34285714285714286 0.14095238095238094 0.002857142857142857 0.009523809523809525
0 0.4925 0.07714285714285714 0.002142857142857143 0.005714285714285714
0 0.4928571428571429 0.08523809523809524 0.002857142857142857 0.004761904761904762
0 0.4907142857142857 0.1523809523809524 0.004285714285714286 0.017142857142857144
0 0.48214285714285715 0.1523809523809524 0.002857142857142857 0.015238095238095238
0 0.515 0.4666666666666667 0.005714285714285714 0.015238095238095238
0 0.5296428571428572 0.02 0.0035714285714285713 0.009523809523809525
0 0.5403571428571429 0.023333333333333334 0.0035714285714285713 0.012380952380952381
0 0.5764285714285714 0.062380952380952384 0.002857142857142857 0.010476190476190476
0 0.5335714285714286 0.06523809523809523 0.002857142857142857 0.008571428571428572
0 0.5289285714285714 0.06476190476190476 0.002142857142857143 0.007619047619047619
0 0.6425 0.5514285714285714 0.0064285714285714285 0.015238095238095238
0 0.5714285714285714 0.0719047619047619 0.002857142857142857 0.008571428571428572
0 0.5692857142857143 0.07 0.002857142857142857 0.008571428571428572
0 0.5903571428571428 0.07523809523809524 0.002142857142857143 0.011428571428571429