0 0.37142857142857144 0.2817258883248731 0.002857142857142857 0.012690355329949238
0 0.375 0.28616751269035534 0.002857142857142857 0.008883248730964468
0 0.4225 0.5031725888324873 0.002142857142857143 0.006345177664974619
0 0.4032142857142857 0.39784263959390864 0.002142857142857143 0.006345177664974619
0 0.43535714285714283 0.5209390862944162 0.0035714285714285713 0.006345177664974619
0 0.3792857142857143 0.274746192893401 0.002857142857142857 0.006345177664974619
0 0.4035714285714286 0.43591370558375636 0.002857142857142857 0.011421319796954314
0 0.43464285714285716 0.16243654822335024 0.002142857142857143 0.005076142131979695
0 0.6114285714285714 0.4251269035532995 0.002857142857142857 0.012690355329949238
0 0.6142857142857143 0.4251269035532995 0.002857142857142857 0.01015228426395939
0 0.975 0.6116751269035533 0.004285714285714286 0.015228426395939087