0 0.34 0.5404761904761904 0.004285714285714286 0.014285714285714285
0 0.3025 0.5585714285714286 0.005 0.010476190476190476
0 0.3117857142857143 0.5547619047619048 0.0035714285714285713 0.012380952380952381
0 0.37464285714285717 0.5338095238095238 0.0064285714285714285 0.01619047619047619
0 0.4160714285714286 0.5428571428571428 0.0035714285714285713 0.013333333333333334
0 0.39535714285714285 0.560952380952381 0.005 0.011428571428571429
0 0.4157142857142857 0.5642857142857143 0.004285714285714286 0.012380952380952381
0 0.4307142857142857 0.5623809523809524 0.002857142857142857 0.010476190476190476
0 0.47714285714285715 0.5738095238095238 0.004285714285714286 0.010476190476190476
0 0.4875 0.5495238095238095 0.005 0.011428571428571429
0 0.5060714285714286 0.5119047619047619 0.002142857142857143 0.008571428571428572
0 0.43535714285714283 0.5533333333333333 0.005 0.013333333333333334
0 0.4210714285714286 0.5404761904761904 0.0035714285714285713 0.012380952380952381
0 0.42214285714285715 0.5447619047619048 0.005714285714285714 0.013333333333333334
0 0.4442857142857143 0.5433333333333333 0.004285714285714286 0.010476190476190476
0 0.475 0.5423809523809524 0.004285714285714286 0.010476190476190476
0 0.4717857142857143 0.5480952380952381 0.005 0.010476190476190476
0 0.4635714285714286 0.5542857142857143 0.004285714285714286 0.011428571428571429
0 0.45785714285714285 0.5566666666666666 0.005714285714285714 0.012380952380952381
0 0.4675 0.5585714285714286 0.0035714285714285713 0.010476190476190476
0 0.5342857142857143 0.5742857142857143 0.004285714285714286 0.011428571428571429
0 0.5375 0.5733333333333334 0.005 0.011428571428571429
0 0.5525 0.5780952380952381 0.0064285714285714285 0.013333333333333334
0 0.5789285714285715 0.5852380952380952 0.005 0.010476190476190476
0 0.5664285714285714 0.5452380952380952 0.002857142857142857 0.012380952380952381
0 0.6603571428571429 0.5823809523809523 0.0064285714285714285 0.010476190476190476
0 0.6771428571428572 0.55 0.005714285714285714 0.010476190476190476
0 0.6535714285714286 0.5019047619047619 0.004285714285714286 0.009523809523809525
0 0.6310714285714286 0.4576190476190476 0.0035714285714285713 0.008571428571428572
0 0.5653571428571429 0.4142857142857143 0.0035714285714285713 0.009523809523809525
0 0.5739285714285715 0.42 0.005 0.005714285714285714
0 0.5696428571428571 0.4228571428571429 0.0035714285714285713 0.005714285714285714
0 0.5546428571428571 0.43952380952380954 0.0035714285714285713 0.006666666666666667
0 0.6267857142857143 0.3576190476190476 0.002142857142857143 0.004761904761904762
0 0.5657142857142857 0.7261904761904762 0.011428571428571429 0.021904761904761906
0 0.565 0.8404761904761905 0.005714285714285714 0.02761904761904762
0 0.6103571428571428 0.9033333333333333 0.0064285714285714285 0.025714285714285714
0 0.03321428571428572 0.6385714285714286 0.0064285714285714285 0.01619047619047619
0 0.02 0.6442857142857142 0.007142857142857143 0.01619047619047619
0 0.1392857142857143 0.6519047619047619 0.005714285714285714 0.010476190476190476
0 0.14464285714285716 0.65 0.0064285714285714285 0.010476190476190476
0 0.155 0.6438095238095238 0.004285714285714286 0.013333333333333334
0 0.15964285714285714 0.6433333333333333 0.0064285714285714285 0.012380952380952381
0 0.2325 0.6533333333333333 0.005 0.015238095238095238
0 0.24285714285714285 0.6438095238095238 0.005714285714285714 0.013333333333333334
0 0.2910714285714286 0.6514285714285715 0.0064285714285714285 0.013333333333333334
0 0.33321428571428574 0.6433333333333333 0.005 0.018095238095238095
0 0.3078571428571429 0.6604761904761904 0.007142857142857143 0.012380952380952381
0 0.035 0.6523809523809524 0.008571428571428572 0.017142857142857144
0 0.02857142857142857 0.6566666666666666 0.008571428571428572 0.01619047619047619
0 0.0325 0.7433333333333333 0.012142857142857143 0.021904761904761906
0 0.045 0.7552380952380953 0.015714285714285715 0.017142857142857144
0 0.4035714285714286 0.689047619047619 0.005714285714285714 0.018095238095238095
0 0.4907142857142857 0.6852380952380952 0.005714285714285714 0.014285714285714285
0 0.5092857142857142 0.6757142857142857 0.007142857142857143 0.01619047619047619
0 0.5207142857142857 0.7004761904761905 0.008571428571428572 0.014285714285714285
0 0.5546428571428571 0.6861904761904762 0.007857142857142858 0.01619047619047619
0 0.5575 0.6952380952380952 0.005 0.013333333333333334
0 0.5921428571428572 0.6928571428571428 0.008571428571428572 0.01619047619047619
0 0.6575 0.6928571428571428 0.007857142857142858 0.014285714285714285
0 0.8078571428571428 0.5547619047619048 0.005714285714285714 0.014285714285714285
0 0.7846428571428572 0.5795238095238096 0.005 0.012380952380952381
0 0.9539285714285715 0.6223809523809524 0.0064285714285714285 0.012380952380952381
0 0.8239285714285715 0.6080952380952381 0.0064285714285714285 0.012380952380952381
0 0.7589285714285714 0.6057142857142858 0.0064285714285714285 0.013333333333333334
0 0.7389285714285714 0.6028571428571429 0.005 0.013333333333333334
0 0.7210714285714286 0.6009523809523809 0.005 0.013333333333333334
0 0.7028571428571428 0.5633333333333334 0.005714285714285714 0.010476190476190476
0 0.6971428571428572 0.560952380952381 0.005714285714285714 0.009523809523809525
0 0.6878571428571428 0.5552380952380952 0.004285714285714286 0.009523809523809525
0 0.6867857142857143 0.5547619047619048 0.005 0.008571428571428572
0 0.7189285714285715 0.57 0.005 0.014285714285714285
0 0.7014285714285714 0.59 0.005714285714285714 0.010476190476190476
0 0.7 0.7042857142857143 0.01 0.018095238095238095
0 0.7275 0.7033333333333334 0.007857142857142858 0.018095238095238095
0 0.735 0.7142857142857143 0.008571428571428572 0.015238095238095238
0 0.7696428571428572 0.7085714285714285 0.010714285714285714 0.017142857142857144
0 0.7828571428571428 0.7204761904761905 0.008571428571428572 0.01619047619047619
0 0.8228571428571428 0.7261904761904762 0.008571428571428572 0.014285714285714285
0 0.8382142857142857 0.7214285714285714 0.007857142857142858 0.01619047619047619
0 0.9257142857142857 0.7371428571428571 0.011428571428571429 0.01904761904761905
0 0.9553571428571429 0.741904761904762 0.007857142857142858 0.017142857142857144
0 0.9614285714285714 0.7423809523809524 0.005714285714285714 0.01619047619047619
0 0.9907142857142858 0.7552380952380953 0.008571428571428572 0.017142857142857144
0 0.6282142857142857 0.7609523809523809 0.0064285714285714285 0.02095238095238095
0 0.7103571428571429 0.76 0.009285714285714286 0.011428571428571429
0 0.6032142857142857 0.768095238095238 0.009285714285714286 0.018095238095238095
0 0.595 0.7761904761904762 0.007142857142857143 0.01904761904761905
0 0.6135714285714285 0.7914285714285715 0.011428571428571429 0.01904761904761905
0 0.6039285714285715 0.7985714285714286 0.012142857142857143 0.021904761904761906
0 0.5971428571428572 0.8214285714285714 0.008571428571428572 0.018095238095238095
0 0.5807142857142857 0.819047619047619 0.007142857142857143 0.02095238095238095
0 0.58 0.8733333333333333 0.007142857142857143 0.017142857142857144
0 0.5671428571428572 0.8323809523809523 0.007142857142857143 0.013333333333333334
0 0.59 0.8790476190476191 0.008571428571428572 0.02095238095238095
0 0.6028571428571429 0.8847619047619047 0.008571428571428572 0.02095238095238095
0 0.5778571428571428 0.9142857142857143 0.01 0.01904761904761905