0 0.10642857142857143 0.9304761904761905 0.02857142857142857 0.06095238095238095
0 0.3414285714285714 0.9076190476190477 0.027142857142857142 0.07809523809523809
0 0.3585714285714286 0.9047619047619048 0.024285714285714285 0.06285714285714286
0 0.3510714285714286 0.7390476190476191 0.023571428571428573 0.047619047619047616
0 0.2592857142857143 0.7757142857142857 0.027142857142857142 0.04857142857142857
0 0.22035714285714286 0.6566666666666666 0.019285714285714285 0.05238095238095238
0 0.33107142857142857 0.6157142857142858 0.020714285714285713 0.054285714285714284
0 0.3196428571428571 0.611904761904762 0.019285714285714285 0.058095238095238096
0 0.3142857142857143 0.6357142857142857 0.018571428571428572 0.03333333333333333
0 0.27071428571428574 0.6309523809523809 0.022857142857142857 0.04285714285714286
0 0.4014285714285714 0.5552380952380952 0.02142857142857143 0.03428571428571429
0 0.37535714285714283 0.5542857142857143 0.017857142857142856 0.04380952380952381
0 0.1742857142857143 0.5585714285714286 0.018571428571428572 0.04285714285714286
0 0.215 0.5704761904761905 0.022857142857142857 0.05714285714285714
0 0.14285714285714285 0.5471428571428572 0.02142857142857143 0.04476190476190476
0 0.12642857142857142 0.5428571428571428 0.022857142857142857 0.049523809523809526
0 0.09857142857142857 0.5357142857142857 0.024285714285714285 0.04476190476190476
0 0.08 0.5561904761904762 0.02 0.047619047619047616
0 0.07857142857142857 0.5471428571428572 0.022857142857142857 0.04666666666666667
0 0.08214285714285714 0.5361904761904762 0.024285714285714285 0.049523809523809526
0 0.07642857142857143 0.5295238095238095 0.027142857142857142 0.05333333333333334
0 0.07178571428571429 0.5566666666666666 0.023571428571428573 0.04857142857142857
0 0.06535714285714286 0.5776190476190476 0.030714285714285715 0.058095238095238096
0 0.048928571428571425 0.5561904761904762 0.019285714285714285 0.05523809523809524
0 0.05357142857142857 0.5542857142857143 0.022857142857142857 0.05333333333333334
0 0.13071428571428573 0.4866666666666667 0.02142857142857143 0.05142857142857143
0 0.21928571428571428 0.44 0.017142857142857144 0.0419047619047619
0 0.24892857142857142 0.44904761904761903 0.023571428571428573 0.039047619047619046
0 0.26142857142857145 0.43476190476190474 0.022857142857142857 0.04857142857142857
0 0.48035714285714287 0.5485714285714286 0.012142857142857143 0.02857142857142857
0 0.4689285714285714 0.5052380952380953 0.016428571428571428 0.03142857142857143
0 0.48392857142857143 0.5290476190476191 0.012142857142857143 0.040952380952380955
0 0.7028571428571428 0.27380952380952384 0.008571428571428572 0.023809523809523808
0 0.7042857142857143 0.19380952380952382 0.004285714285714286 0.012380952380952381
0 0.7082142857142857 0.19285714285714287 0.005 0.014285714285714285
0 0.6517857142857143 0.17095238095238094 0.005 0.012380952380952381
0 0.8889285714285714 0.15476190476190477 0.0035714285714285713 0.012380952380952381
0 0.9142857142857143 0.15666666666666668 0.004285714285714286 0.012380952380952381
0 0.5785714285714286 0.19380952380952382 0.005714285714285714 0.014285714285714285
0 0.5057142857142857 0.15523809523809523 0.004285714285714286 0.013333333333333334
0 0.41678571428571426 0.12238095238095238 0.0035714285714285713 0.008571428571428572
0 0.4132142857142857 0.1219047619047619 0.002142857142857143 0.007619047619047619
0 0.4325 0.12333333333333334 0.002142857142857143 0.006666666666666667
0 0.43642857142857144 0.12380952380952381 0.002857142857142857 0.007619047619047619
0 0.4421428571428571 0.12380952380952381 0.002857142857142857 0.007619047619047619
0 0.39285714285714285 0.13 0.002857142857142857 0.006666666666666667
0 0.4007142857142857 0.13714285714285715 0.002857142857142857 0.007619047619047619
0 0.2332142857142857 0.1976190476190476 0.0064285714285714285 0.01619047619047619
0 0.1732142857142857 0.2319047619047619 0.0064285714285714285 0.012380952380952381
0 0.14642857142857144 0.23333333333333334 0.007142857142857143 0.015238095238095238
0 0.02 0.28904761904761905 0.008571428571428572 0.01619047619047619