0 0.38535714285714284 0.9628571428571429 0.015 0.0419047619047619
0 0.14857142857142858 0.5347619047619048 0.02 0.025714285714285714
0 0.2592857142857143 0.1619047619047619 0.008571428571428572 0.030476190476190476
0 0.3107142857142857 0.09523809523809523 0.011428571428571429 0.02666666666666667
0 0.4860714285714286 0.039047619047619046 0.007857142857142858 0.030476190476190476
0 0.5460714285714285 0.14523809523809525 0.009285714285714286 0.03142857142857143
0 0.5371428571428571 0.16142857142857142 0.01 0.029523809523809525
0 0.5064285714285715 0.18523809523809523 0.01 0.035238095238095235
0 0.5296428571428572 0.4533333333333333 0.012142857142857143 0.0419047619047619
0 0.5396428571428571 0.6 0.019285714285714285 0.0419047619047619
0 0.5071428571428571 0.005714285714285714 0.004285714285714286 0.011428571428571429