0 0.49642857142857144 0.19035532994923857 0.004285714285714286 0.02030456852791878
0 0.36964285714285716 0.4232233502538071 0.0035714285714285713 0.01649746192893401
0 0.38142857142857145 0.41878172588832485 0.004285714285714286 0.015228426395939087
0 0.40535714285714286 0.46573604060913704 0.0035714285714285713 0.02030456852791878
0 0.38642857142857145 0.22081218274111675 0.004285714285714286 0.017766497461928935
0 0.3917857142857143 0.17385786802030456 0.005 0.02030456852791878
0 0.4064285714285714 0.10279187817258884 0.002857142857142857 0.015228426395939087
0 0.38785714285714284 0.03236040609137056 0.004285714285714286 0.01903553299492386
0 0.3925 0.02982233502538071 0.005 0.01649746192893401
0 0.45107142857142857 0.021573604060913704 0.0035714285714285713 0.015228426395939087
0 0.5457142857142857 0.16878172588832488 0.004285714285714286 0.017766497461928935
0 0.46964285714285714 0.35215736040609136 0.002142857142857143 0.008883248730964468