0 0.22285714285714286 0.9114285714285715 0.008571428571428572 0.02095238095238095
0 0.2025 0.9076190476190477 0.010714285714285714 0.022857142857142857
0 0.5553571428571429 0.6238095238095238 0.007857142857142858 0.015238095238095238
0 0.6053571428571428 0.5266666666666666 0.0035714285714285713 0.011428571428571429
0 0.5314285714285715 0.6728571428571428 0.005714285714285714 0.014285714285714285
0 0.6085714285714285 0.44333333333333336 0.007142857142857143 0.014285714285714285
0 0.6096428571428572 0.4666666666666667 0.0064285714285714285 0.017142857142857144
0 0.6625 0.4076190476190476 0.005 0.015238095238095238
0 0.6132142857142857 0.5266666666666666 0.005 0.013333333333333334
0 0.2710714285714286 0.5466666666666666 0.005 0.02095238095238095
0 0.2807142857142857 0.55 0.005714285714285714 0.02
0 0.6707142857142857 0.3380952380952381 0.005714285714285714 0.013333333333333334
0 0.6892857142857143 0.3342857142857143 0.005714285714285714 0.011428571428571429
0 0.6203571428571428 0.2480952380952381 0.005 0.010476190476190476
0 0.6803571428571429 0.18476190476190477 0.0035714285714285713 0.007619047619047619
0 0.7042857142857143 0.15857142857142856 0.002857142857142857 0.006666666666666667
0 0.6328571428571429 0.16047619047619047 0.002857142857142857 0.010476190476190476
0 0.6957142857142857 0.15285714285714286 0.004285714285714286 0.010476190476190476
0 0.6921428571428572 0.1523809523809524 0.002857142857142857 0.011428571428571429
0 0.6896428571428571 0.1580952380952381 0.002142857142857143 0.009523809523809525
0 0.6875 0.16238095238095238 0.0035714285714285713 0.010476190476190476
0 0.6807142857142857 0.15095238095238095 0.004285714285714286 0.010476190476190476
0 0.7960714285714285 0.10952380952380952 0.002142857142857143 0.005714285714285714
0 0.7232142857142857 0.09 0.002142857142857143 0.008571428571428572
0 0.7771428571428571 0.1838095238095238 0.004285714285714286 0.013333333333333334