0 0.9160714285714285 0.7290609137055838 0.009285714285714286 0.0266497461928934
0 0.9085714285714286 0.7131979695431472 0.01 0.02284263959390863
0 0.8803571428571428 0.6357868020304569 0.007857142857142858 0.030456852791878174
0 0.76 0.5843908629441624 0.008571428571428572 0.024111675126903553
0 0.7607142857142857 0.5736040609137056 0.012857142857142857 0.017766497461928935
0 0.6675 0.3470812182741117 0.005 0.0266497461928934
0 0.6889285714285714 0.3477157360406091 0.007857142857142858 0.012690355329949238
0 0.7032142857142857 0.3432741116751269 0.0064285714285714285 0.024111675126903553
0 0.7007142857142857 0.33883248730964466 0.004285714285714286 0.025380710659898477
0 0.6114285714285714 0.22525380710659898 0.014285714285714285 0.031725888324873094
0 0.605 0.21383248730964466 0.004285714285714286 0.024111675126903553
0 0.5857142857142857 0.2233502538071066 0.005714285714285714 0.025380710659898477
0 0.5782142857142857 0.22842639593908629 0.005 0.025380710659898477
0 0.5725 0.22398477157360405 0.007857142857142858 0.0266497461928934
0 0.5589285714285714 0.24111675126903553 0.0064285714285714285 0.02284263959390863
0 0.55 0.2303299492385787 0.004285714285714286 0.0266497461928934
0 0.5239285714285714 0.20939086294416243 0.0035714285714285713 0.02284263959390863
0 0.5303571428571429 0.20875634517766498 0.005 0.024111675126903553
0 0.535 0.19860406091370558 0.007142857142857143 0.0266497461928934
0 0.5278571428571428 0.19543147208121828 0.004285714285714286 0.02030456852791878
0 0.5239285714285714 0.20050761421319796 0.0064285714285714285 0.025380710659898477
0 0.5057142857142857 0.09898477157360407 0.004285714285714286 0.02030456852791878
0 0.4542857142857143 0.007614213197969543 0.004285714285714286 0.015228426395939087
0 0.43357142857142855 0.005710659898477157 0.002857142857142857 0.011421319796954314
0 0.4032142857142857 0.013959390862944163 0.005 0.02030456852791878
0 0.3992857142857143 0.010786802030456852 0.004285714285714286 0.01903553299492386