0 0.5164285714285715 0.6428571428571429 0.02142857142857143 0.045714285714285714
0 0.8564285714285714 0.38857142857142857 0.024285714285714285 0.045714285714285714
0 0.875 0.39095238095238094 0.024285714285714285 0.04857142857142857
0 0.24142857142857144 0.3361904761904762 0.017142857142857144 0.047619047619047616
0 0.23964285714285713 0.32666666666666666 0.010714285714285714 0.024761904761904763
0 0.18392857142857144 0.3514285714285714 0.020714285714285713 0.04380952380952381
0 0.19142857142857142 0.3080952380952381 0.02 0.04666666666666667
0 0.17392857142857143 0.3047619047619048 0.020714285714285713 0.045714285714285714
0 0.21107142857142858 0.3680952380952381 0.013571428571428571 0.04285714285714286
0 0.2542857142857143 0.24952380952380954 0.015714285714285715 0.04380952380952381
0 0.3157142857142857 0.21047619047619048 0.015714285714285715 0.0419047619047619
0 0.2375 0.23523809523809525 0.020714285714285713 0.0419047619047619
0 0.37285714285714283 0.08952380952380952 0.011428571428571429 0.0380952380952381
0 0.3525 0.09666666666666666 0.010714285714285714 0.039047619047619046
0 0.3375 0.10904761904761905 0.007857142857142858 0.018095238095238095
0 0.33285714285714285 0.08952380952380952 0.008571428571428572 0.03428571428571429
0 0.4982142857142857 0.20666666666666667 0.009285714285714286 0.0419047619047619
0 0.7360714285714286 0.07238095238095238 0.013571428571428571 0.04
0 0.7685714285714286 0.09571428571428571 0.014285714285714285 0.029523809523809525
0 0.9253571428571429 0.28095238095238095 0.025 0.03428571428571429