0 0.013214285714285715 0.6228571428571429 0.025 0.08952380952380952
0 0.4253571428571429 0.7452380952380953 0.03642857142857143 0.15904761904761905
0 0.465 0.6628571428571428 0.037142857142857144 0.12571428571428572
0 0.5046428571428572 0.679047619047619 0.03357142857142857 0.12
0 0.5596428571428571 0.7242857142857143 0.03357142857142857 0.12666666666666668
0 0.49392857142857144 0.5542857142857143 0.020714285714285713 0.09523809523809523
0 0.775 0.43761904761904763 0.017142857142857144 0.06761904761904762
0 0.8042857142857143 0.4514285714285714 0.02857142857142857 0.08190476190476191
0 0.10821428571428572 0.6152380952380953 0.052142857142857144 0.09333333333333334
0 0.7735714285714286 0.5138095238095238 0.027142857142857142 0.07714285714285714
0 0.7607142857142857 0.508095238095238 0.02857142857142857 0.08666666666666667