0 0.4675 0.060279187817258884 0.0035714285714285713 0.013959390862944163
0 0.4725 0.06281725888324872 0.0035714285714285713 0.01649746192893401
0 0.47714285714285715 0.06281725888324872 0.004285714285714286 0.011421319796954314
0 0.48142857142857143 0.056472081218274114 0.0014285714285714286 0.008883248730964468
0 0.46535714285714286 0.10786802030456853 0.002142857142857143 0.012690355329949238
0 0.46785714285714286 0.10786802030456853 0.002857142857142857 0.012690355329949238
0 0.465 0.1218274111675127 0.002857142857142857 0.01015228426395939
0 0.48142857142857143 0.08058375634517767 0.002857142857142857 0.011421319796954314
0 0.4607142857142857 0.2633248730964467 0.004285714285714286 0.013959390862944163
0 0.4525 0.2963197969543147 0.0035714285714285713 0.013959390862944163
0 0.45035714285714284 0.29124365482233505 0.0035714285714285713 0.011421319796954314
0 0.7085714285714285 0.26649746192893403 0.002857142857142857 0.012690355329949238
0 0.7039285714285715 0.5723350253807107 0.0064285714285714285 0.01015228426395939
0 0.7107142857142857 0.5640862944162437 0.004285714285714286 0.011421319796954314
0 0.9371428571428572 0.31916243654822335 0.002857142857142857 0.011421319796954314