0 0.36775 0.9666666666666667 0.0235 0.06266666666666666
0 0.2845 0.9206666666666666 0.019 0.07066666666666667
0 0.30925 0.9363333333333334 0.0275 0.06333333333333334
0 0.65475 0.9073333333333333 0.0185 0.072
0 0.59075 0.841 0.0205 0.06733333333333333
0 0.372 0.6546666666666666 0.014 0.037333333333333336
0 0.18225 0.586 0.0135 0.024
0 0.40025 0.4613333333333333 0.0075 0.029333333333333333
0 0.39425 0.4623333333333333 0.0075 0.019333333333333334
0 0.4535 0.39966666666666667 0.008 0.022
0 0.4435 0.38033333333333336 0.007 0.019333333333333334
0 0.4285 0.365 0.005 0.015333333333333332
0 0.40125 0.346 0.0055 0.014666666666666666
0 0.40275 0.32033333333333336 0.0045 0.01
0 0.39625 0.29433333333333334 0.0045 0.008666666666666666
0 0.392 0.2806666666666667 0.003 0.010666666666666666
0 0.415 0.27466666666666667 0.003 0.006666666666666667