0 0.46035714285714285 0.15355329949238578 0.005 0.02030456852791878
0 0.4525 0.15101522842639595 0.0035714285714285713 0.015228426395939087
0 0.4539285714285714 0.14593908629441624 0.005 0.017766497461928935
0 0.8460714285714286 0.26078680203045684 0.0064285714285714285 0.024111675126903553
0 0.7821428571428571 0.04568527918781726 0.005714285714285714 0.017766497461928935
0 0.9425 0.13388324873096447 0.007857142857142858 0.021573604060913704
0 0.9135714285714286 0.2753807106598985 0.007142857142857143 0.017766497461928935
0 0.9235714285714286 0.2918781725888325 0.007142857142857143 0.02284263959390863
0 0.9664285714285714 0.4333756345177665 0.01 0.024111675126903553
0 0.8667857142857143 0.03236040609137056 0.005 0.011421319796954314
0 0.8885714285714286 0.004441624365482234 0.002857142857142857 0.008883248730964468
0 0.5932142857142857 0.5107868020304569 0.0064285714285714285 0.024111675126903553