0 0.3692857142857143 0.4397208121827411 0.01 0.024111675126903553
0 0.22285714285714286 0.2049492385786802 0.008571428571428572 0.024111675126903553
0 0.22964285714285715 0.20050761421319796 0.007857142857142858 0.025380710659898477
0 0.3464285714285714 0.10913705583756345 0.005714285714285714 0.017766497461928935
0 0.16357142857142856 0.25571065989847713 0.008571428571428572 0.0266497461928934
0 0.6257142857142857 0.18210659898477158 0.004285714285714286 0.024111675126903553
0 0.6321428571428571 0.02918781725888325 0.004285714285714286 0.02030456852791878
0 0.6125 0.017766497461928935 0.0035714285714285713 0.017766497461928935
0 0.6132142857142857 0.013959390862944163 0.005 0.02284263959390863
0 0.5210714285714285 0.018401015228426396 0.0035714285714285713 0.013959390862944163
0 0.42642857142857143 0.0450507614213198 0.005714285714285714 0.01649746192893401