0 0.23464285714285715 0.07931472081218274 0.0035714285714285713 0.011421319796954314
0 0.23785714285714285 0.08439086294416244 0.002857142857142857 0.011421319796954314
0 0.4767857142857143 0.07931472081218274 0.002142857142857143 0.006345177664974619
0 0.4810714285714286 0.0799492385786802 0.002142857142857143 0.01015228426395939
0 0.47 0.07614213197969544 0.002857142857142857 0.01015228426395939
0 0.4742857142857143 0.0983502538071066 0.0014285714285714286 0.006345177664974619
0 0.47964285714285715 0.09708121827411167 0.002142857142857143 0.008883248730964468
0 0.8364285714285714 0.8324873096446701 0.004285714285714286 0.01015228426395939
0 0.8614285714285714 0.5133248730964467 0.004285714285714286 0.006345177664974619
0 0.9010714285714285 0.005076142131979695 0.002142857142857143 0.007614213197969543
0 0.9125 0.008248730964467006 0.002142857142857143 0.008883248730964468
0 0.9564285714285714 0.21065989847715735 0.002857142857142857 0.007614213197969543