0 0.18392857142857144 0.5319047619047619 0.010714285714285714 0.023809523809523808
0 0.03678571428571428 0.82 0.009285714285714286 0.01904761904761905
0 0.024285714285714285 0.820952380952381 0.012857142857142857 0.022857142857142857
0 0.5907142857142857 0.6995238095238095 0.005714285714285714 0.021904761904761906
0 0.6082142857142857 0.7 0.007857142857142858 0.01904761904761905
0 0.6153571428571428 0.7566666666666667 0.005 0.018095238095238095
0 0.6085714285714285 0.76 0.004285714285714286 0.015238095238095238
0 0.6007142857142858 0.6976190476190476 0.008571428571428572 0.021904761904761906
0 0.48464285714285715 0.4247619047619048 0.005 0.015238095238095238
0 0.4785714285714286 0.4204761904761905 0.005714285714285714 0.02
0 0.5782142857142857 0.310952380952381 0.0064285714285714285 0.02
0 0.47214285714285714 0.3547619047619048 0.007142857142857143 0.02
0 0.4625 0.3566666666666667 0.0064285714285714285 0.018095238095238095
0 0.6110714285714286 0.15095238095238095 0.0064285714285714285 0.018095238095238095
0 0.6653571428571429 0.1819047619047619 0.0064285714285714285 0.01904761904761905
0 0.5764285714285714 0.25142857142857145 0.004285714285714286 0.02095238095238095
0 0.5639285714285714 0.22095238095238096 0.0064285714285714285 0.022857142857142857
0 0.7153571428571428 0.2438095238095238 0.007857142857142858 0.017142857142857144
0 0.5696428571428571 0.25 0.007857142857142858 0.018095238095238095
0 0.615 0.1457142857142857 0.007142857142857143 0.015238095238095238
0 0.5946428571428571 0.11619047619047619 0.0035714285714285713 0.009523809523809525
0 0.6253571428571428 0.48857142857142855 0.005 0.022857142857142857
0 0.6203571428571428 0.48857142857142855 0.005 0.022857142857142857
0 0.8257142857142857 0.2342857142857143 0.01 0.02095238095238095
0 0.9871428571428571 0.1919047619047619 0.008571428571428572 0.01619047619047619
0 0.9835714285714285 0.1895238095238095 0.007142857142857143 0.01904761904761905
0 0.46785714285714286 0.5190476190476191 0.008571428571428572 0.011428571428571429
0 0.4607142857142857 0.5395238095238095 0.007142857142857143 0.018095238095238095
0 0.41535714285714287 0.45380952380952383 0.0064285714285714285 0.012380952380952381
0 0.42142857142857143 0.37238095238095237 0.007142857142857143 0.015238095238095238
0 0.12892857142857142 0.20809523809523808 0.0064285714285714285 0.012380952380952381
0 0.23642857142857143 0.6833333333333333 0.01 0.01619047619047619
0 0.22785714285714287 0.7371428571428571 0.011428571428571429 0.024761904761904763
0 0.15535714285714286 0.6314285714285715 0.009285714285714286 0.015238095238095238