0 0.47525 0.6016666666666667 0.0225 0.059333333333333335
0 0.391 0.43833333333333335 0.01 0.04066666666666666
0 0.376 0.20233333333333334 0.006 0.015333333333333332
0 0.33625 0.14833333333333334 0.0045 0.01
0 0.33325 0.14533333333333334 0.0035 0.009333333333333334
0 0.42375 0.10033333333333333 0.0035 0.007333333333333333
0 0.70125 0.25 0.0055 0.024
0 0.70875 0.245 0.0055 0.022
0 0.6995 0.23433333333333334 0.006 0.022
0 0.66275 0.224 0.0055 0.021333333333333333
0 0.568 0.19566666666666666 0.005 0.012666666666666666
0 0.55325 0.16566666666666666 0.0045 0.015333333333333332