0 0.635 0.41751269035532995 0.002857142857142857 0.017766497461928935
0 0.6375 0.4156091370558376 0.0035714285714285713 0.011421319796954314
0 0.23142857142857143 0.05266497461928934 0.005714285714285714 0.01649746192893401
0 0.22714285714285715 0.05901015228426396 0.004285714285714286 0.01649746192893401
0 0.4307142857142857 0.1034263959390863 0.002857142857142857 0.013959390862944163
0 0.6457142857142857 0.44352791878172587 0.002857142857142857 0.01649746192893401
0 0.6289285714285714 0.4467005076142132 0.005 0.017766497461928935
0 0.6032142857142857 0.366751269035533 0.0064285714285714285 0.015228426395939087
0 0.6460714285714285 0.35215736040609136 0.0064285714285714285 0.01903553299492386
0 0.6725 0.5019035532994924 0.0035714285714285713 0.013959390862944163
0 0.6685714285714286 0.5044416243654822 0.005714285714285714 0.01649746192893401
0 0.6739285714285714 0.5253807106598984 0.0064285714285714285 0.015228426395939087
0 0.7389285714285714 0.6484771573604061 0.002142857142857143 0.015228426395939087
0 0.7346428571428572 0.6522842639593909 0.005 0.012690355329949238
0 0.7539285714285714 0.6751269035532995 0.0064285714285714285 0.02030456852791878
0 0.7475 0.6624365482233503 0.005 0.017766497461928935
0 0.7375 0.6656091370558376 0.005 0.011421319796954314