0 0.016428571428571428 0.24904761904761905 0.008571428571428572 0.02
0 0.18464285714285714 0.9471428571428572 0.03214285714285714 0.08095238095238096
0 0.24321428571428572 0.8957142857142857 0.030714285714285715 0.06571428571428571
0 0.3389285714285714 0.829047619047619 0.023571428571428573 0.06761904761904762
0 0.1732142857142857 0.5295238095238095 0.020714285714285713 0.047619047619047616
0 0.11642857142857142 0.34285714285714286 0.012857142857142857 0.01904761904761905
0 0.04392857142857143 0.2776190476190476 0.019285714285714285 0.03142857142857143
0 0.1275 0.1980952380952381 0.007857142857142858 0.015238095238095238
0 0.11857142857142858 0.20904761904761904 0.007142857142857143 0.018095238095238095
0 0.11428571428571428 0.20952380952380953 0.007142857142857143 0.017142857142857144
0 0.10964285714285714 0.19666666666666666 0.0064285714285714285 0.02
0 0.16178571428571428 0.16714285714285715 0.007857142857142858 0.018095238095238095
0 0.18428571428571427 0.16523809523809524 0.005714285714285714 0.01619047619047619
0 0.215 0.1742857142857143 0.005714285714285714 0.015238095238095238
0 0.6221428571428571 0.17095238095238094 0.004285714285714286 0.008571428571428572
0 0.6442857142857142 0.19238095238095237 0.004285714285714286 0.017142857142857144
0 0.6746428571428571 0.1361904761904762 0.005 0.009523809523809525
0 0.58 0.3161904761904762 0.008571428571428572 0.024761904761904763
0 0.58 0.3361904761904762 0.008571428571428572 0.017142857142857144
0 0.5942857142857143 0.31047619047619046 0.007142857142857143 0.015238095238095238
0 0.8735714285714286 0.34809523809523807 0.011428571428571429 0.03333333333333333
0 0.7635714285714286 0.1919047619047619 0.008571428571428572 0.021904761904761906
0 0.7882142857142858 0.17095238095238094 0.0064285714285714285 0.01619047619047619
0 0.7978571428571428 0.17952380952380953 0.004285714285714286 0.01619047619047619
0 0.8025 0.17857142857142858 0.0035714285714285713 0.014285714285714285
0 0.8064285714285714 0.17857142857142858 0.004285714285714286 0.014285714285714285
0 0.8292857142857143 0.20857142857142857 0.008571428571428572 0.01904761904761905
0 0.8335714285714285 0.23142857142857143 0.007142857142857143 0.02095238095238095
0 0.8410714285714286 0.20714285714285716 0.005 0.01619047619047619