0 0.4446428571428571 0.8333333333333334 0.017857142857142856 0.0419047619047619
0 0.7196428571428571 0.5366666666666666 0.012142857142857143 0.03333333333333333
0 0.5882142857142857 0.5952380952380952 0.012142857142857143 0.03238095238095238
0 0.5796428571428571 0.5780952380952381 0.012142857142857143 0.03238095238095238
0 0.9146428571428571 0.34904761904761905 0.007857142857142858 0.023809523809523808
0 0.9914285714285714 0.3028571428571429 0.008571428571428572 0.01904761904761905
0 0.9782142857142857 0.29 0.007857142857142858 0.018095238095238095
0 0.9128571428571428 0.3271428571428571 0.01 0.018095238095238095
0 0.9014285714285715 0.3485714285714286 0.007142857142857143 0.022857142857142857
0 0.9239285714285714 0.34809523809523807 0.007857142857142858 0.01619047619047619
0 0.7989285714285714 0.5061904761904762 0.0064285714285714285 0.021904761904761906
0 0.42464285714285716 0.8104761904761905 0.013571428571428571 0.045714285714285714
0 0.4332142857142857 0.8214285714285714 0.015 0.04476190476190476