0 0.2792857142857143 0.016666666666666666 0.002857142857142857 0.010476190476190476
0 0.27464285714285713 0.016666666666666666 0.0035714285714285713 0.012380952380952381
0 0.27035714285714285 0.01619047619047619 0.005 0.017142857142857144
0 0.2832142857142857 0.08142857142857143 0.0035714285714285713 0.012380952380952381
0 0.2767857142857143 0.13714285714285715 0.0035714285714285713 0.011428571428571429
0 0.2517857142857143 0.36666666666666664 0.005 0.022857142857142857
0 0.25142857142857145 0.8319047619047619 0.007142857142857143 0.025714285714285714
0 0.24464285714285713 0.83 0.005 0.025714285714285714
0 0.2332142857142857 0.7833333333333333 0.005 0.02
0 0.4075 0.43714285714285717 0.005 0.013333333333333334
0 0.46535714285714286 0.05238095238095238 0.0035714285714285713 0.007619047619047619