0 0.9353571428571429 0.5485714285714286 0.013571428571428571 0.03619047619047619
0 0.6967857142857142 0.49476190476190474 0.009285714285714286 0.02761904761904762
0 0.6592857142857143 0.48714285714285716 0.01 0.023809523809523808
0 0.6564285714285715 0.4957142857142857 0.01 0.023809523809523808
0 0.7003571428571429 0.5414285714285715 0.009285714285714286 0.03142857142857143
0 0.6892857142857143 0.5414285714285715 0.01 0.03333333333333333
0 0.6771428571428572 0.530952380952381 0.01 0.029523809523809525
0 0.6432142857142857 0.5071428571428571 0.009285714285714286 0.029523809523809525
0 0.6403571428571428 0.48714285714285716 0.007857142857142858 0.021904761904761906
0 0.65 0.47285714285714286 0.005714285714285714 0.02761904761904762
0 0.6657142857142857 0.4685714285714286 0.007142857142857143 0.024761904761904763
0 0.6710714285714285 0.4795238095238095 0.009285714285714286 0.023809523809523808
0 0.6885714285714286 0.5009523809523809 0.008571428571428572 0.02857142857142857