0 0.26821428571428574 0.32761904761904764 0.017857142857142856 0.0380952380952381
0 0.48964285714285716 0.035238095238095235 0.007857142857142858 0.03619047619047619
0 0.5010714285714286 0.034761904761904765 0.0064285714285714285 0.03142857142857143
0 0.4725 0.13 0.010714285714285714 0.04476190476190476
0 0.5757142857142857 0.05 0.007142857142857143 0.03333333333333333
0 0.5817857142857142 0.07809523809523809 0.007857142857142858 0.030476190476190476
0 0.5825 0.08571428571428572 0.007857142857142858 0.030476190476190476
0 0.5571428571428572 0.07904761904761905 0.011428571428571429 0.0380952380952381
0 0.5903571428571428 0.11761904761904762 0.009285714285714286 0.037142857142857144
0 0.4932142857142857 0.12428571428571429 0.013571428571428571 0.04285714285714286
0 0.5071428571428571 0.16380952380952382 0.012857142857142857 0.0380952380952381
0 0.5678571428571428 0.17333333333333334 0.007142857142857143 0.030476190476190476
0 0.5596428571428571 0.15047619047619049 0.010714285714285714 0.03428571428571429
0 0.5228571428571429 0.12047619047619047 0.01 0.035238095238095235
0 0.5125 0.11714285714285715 0.009285714285714286 0.04
0 0.6546428571428572 0.5542857142857143 0.016428571428571428 0.05523809523809524
0 0.6339285714285714 0.5414285714285715 0.02214285714285714 0.05619047619047619
0 0.6482142857142857 0.5157142857142857 0.023571428571428573 0.054285714285714284
0 0.6617857142857143 0.43238095238095237 0.017857142857142856 0.05142857142857143
0 0.5796428571428571 0.3595238095238095 0.015 0.04666666666666667
0 0.6203571428571428 0.3676190476190476 0.013571428571428571 0.0419047619047619
0 0.7196428571428571 0.42238095238095236 0.015 0.035238095238095235
0 0.7314285714285714 0.4147619047619048 0.02142857142857143 0.035238095238095235
0 0.6796428571428571 0.37285714285714283 0.012142857142857143 0.02761904761904762