0 0.7164285714285714 0.21573604060913706 0.004285714285714286 0.02284263959390863
0 0.7185714285714285 0.21383248730964466 0.002857142857142857 0.021573604060913704
0 0.7225 0.21192893401015228 0.005 0.02284263959390863
0 0.73 0.21192893401015228 0.004285714285714286 0.02284263959390863
0 0.7346428571428572 0.21446700507614214 0.005 0.02284263959390863
0 0.7378571428571429 0.21954314720812182 0.004285714285714286 0.02030456852791878
0 0.7367857142857143 0.23096446700507614 0.005 0.02284263959390863
0 0.7307142857142858 0.22842639593908629 0.005714285714285714 0.02284263959390863
0 0.725 0.2233502538071066 0.005714285714285714 0.025380710659898477
0 0.6392857142857142 0.2918781725888325 0.007142857142857143 0.027918781725888325
0 0.5889285714285715 0.5932741116751269 0.0064285714285714285 0.031725888324873094
0 0.6253571428571428 0.2753807106598985 0.0064285714285714285 0.02284263959390863
0 0.6535714285714286 0.282994923857868 0.005714285714285714 0.02030456852791878
0 0.7025 0.2963197969543147 0.005 0.01903553299492386
0 0.7239285714285715 0.31091370558375636 0.0064285714285714285 0.02030456852791878
0 0.7378571428571429 0.37119289340101524 0.005714285714285714 0.01903553299492386
0 0.5807142857142857 0.5805837563451777 0.007142857142857143 0.021573604060913704
0 0.5935714285714285 0.6522842639593909 0.007142857142857143 0.025380710659898477
0 0.5196428571428572 0.5437817258883249 0.007857142857142858 0.0266497461928934
0 0.48892857142857143 0.5431472081218274 0.007857142857142858 0.025380710659898477
0 0.45785714285714285 0.48096446700507617 0.005714285714285714 0.02030456852791878
0 0.3682142857142857 0.9225888324873096 0.009285714285714286 0.03299492385786802
0 0.3796428571428571 0.9378172588832487 0.009285714285714286 0.04060913705583756