0 0.18642857142857142 0.40523809523809523 0.005714285714285714 0.012380952380952381
0 0.1957142857142857 0.6361904761904762 0.005714285714285714 0.017142857142857144
0 0.4732142857142857 0.8052380952380952 0.0064285714285714285 0.012380952380952381
0 0.725 0.2661904761904762 0.002857142857142857 0.008571428571428572
0 0.7207142857142858 0.26142857142857145 0.002857142857142857 0.008571428571428572
0 0.7589285714285714 0.2723809523809524 0.002142857142857143 0.007619047619047619
0 0.9128571428571428 0.3271428571428571 0.002857142857142857 0.008571428571428572
0 0.7964285714285714 0.5228571428571429 0.01 0.011428571428571429
0 0.9853571428571428 0.37761904761904763 0.0064285714285714285 0.008571428571428572
0 0.9657142857142857 0.3414285714285714 0.002857142857142857 0.008571428571428572
0 0.9675 0.3523809523809524 0.0035714285714285713 0.007619047619047619
0 0.9778571428571429 0.36238095238095236 0.004285714285714286 0.008571428571428572
0 0.9892857142857143 0.36666666666666664 0.004285714285714286 0.009523809523809525