0 0.3846428571428571 0.7433333333333333 0.012142857142857143 0.02761904761904762
0 0.38642857142857145 0.6114285714285714 0.007142857142857143 0.02666666666666667
0 0.25821428571428573 0.7142857142857143 0.015 0.022857142857142857
0 0.4835714285714286 0.5776190476190476 0.008571428571428572 0.01619047619047619
0 0.4907142857142857 0.57 0.008571428571428572 0.01619047619047619
0 0.3432142857142857 0.7076190476190476 0.016428571428571428 0.011428571428571429
0 0.3442857142857143 0.6919047619047619 0.011428571428571429 0.018095238095238095
0 0.45 0.8223809523809524 0.007142857142857143 0.018095238095238095
0 0.3732142857142857 0.5933333333333334 0.010714285714285714 0.017142857142857144
0 0.13785714285714284 0.8576190476190476 0.017142857142857144 0.012380952380952381
0 0.6007142857142858 0.4147619047619048 0.005714285714285714 0.023809523809523808
0 0.8575 0.4657142857142857 0.016428571428571428 0.030476190476190476
0 0.8385714285714285 0.5142857142857142 0.017142857142857144 0.02095238095238095
0 0.3517857142857143 0.30952380952380953 0.0064285714285714285 0.02095238095238095
0 0.22535714285714287 0.03428571428571429 0.005 0.013333333333333334