0 0.16988517745302714 0.4044526901669759 0.008872651356993737 0.022263450834879406
0 0.1761482254697286 0.39888682745825604 0.008872651356993737 0.014842300556586271
0 0.38230688935281837 0.4605751391465677 0.008872651356993737 0.021335807050092765
0 0.6203027139874739 0.3344155844155844 0.007828810020876827 0.02504638218923933
0 0.5394050104384134 0.34183673469387754 0.008872651356993737 0.026901669758812616
0 0.5117432150313153 0.349721706864564 0.006784968684759917 0.027829313543599257
0 0.5542797494780793 0.39471243042671617 0.007306889352818371 0.02504638218923933
0 0.48512526096033404 0.4025974025974026 0.009916492693110648 0.02040816326530612
0 0.45668058455114824 0.3654916512059369 0.008350730688935281 0.027829313543599257
0 0.4517223382045929 0.3562152133580705 0.006784968684759917 0.029684601113172542
0 0.4459812108559499 0.3432282003710575 0.006784968684759917 0.022263450834879406
0 0.4373695198329854 0.47031539888682744 0.009394572025052192 0.022263450834879406
0 0.43997912317327764 0.45918367346938777 0.009394572025052192 0.022263450834879406
0 0.4744258872651357 0.5069573283858998 0.007306889352818371 0.032467532467532464
0 0.4932150313152401 0.5811688311688312 0.008350730688935281 0.038033395176252316
0 0.5054801670146137 0.6261595547309833 0.012004175365344467 0.04267161410018553
0 0.43815240083507306 0.7119666048237476 0.015135699373695199 0.02504638218923933
0 0.4188413361169102 0.849721706864564 0.015135699373695199 0.05009276437847866
0 0.39744258872651356 0.8710575139146568 0.012004175365344467 0.04638218923933209
0 0.2927974947807933 0.7249536178107606 0.016701461377870562 0.026901669758812616
0 0.7231210855949896 0.3937847866419295 0.006784968684759917 0.026901669758812616
0 0.982776617954071 0.33070500927643787 0.008350730688935281 0.02504638218923933
0 0.7335594989561587 0.31261595547309834 0.005741127348643006 0.012987012987012988
0 0.7319937369519833 0.3038033395176252 0.006784968684759917 0.01948051948051948
0 0.735125260960334 0.3209647495361781 0.005741127348643006 0.016697588126159554
0 0.7387787056367432 0.31493506493506496 0.004697286012526096 0.013914656771799629
0 0.75 0.3140074211502783 0.005219206680584551 0.01948051948051948