0 0.3492857142857143 0.04949238578680203 0.0014285714285714286 0.005076142131979695
0 0.3510714285714286 0.048223350253807105 0.002142857142857143 0.005076142131979695
0 0.35428571428571426 0.04758883248730964 0.0014285714285714286 0.0038071065989847717
0 0.3489285714285714 0.1116751269035533 0.002142857142857143 0.007614213197969543
0 0.3578571428571429 0.10406091370558376 0.002857142857142857 0.0025380710659898475
0 0.2617857142857143 0.7360406091370558 0.0035714285714285713 0.01015228426395939
0 0.25892857142857145 0.7385786802030457 0.002142857142857143 0.007614213197969543
0 0.44642857142857145 0.8534263959390863 0.002857142857142857 0.006345177664974619
0 0.44892857142857145 0.8515228426395939 0.002142857142857143 0.007614213197969543
0 0.4632142857142857 0.9105329949238579 0.002142857142857143 0.006345177664974619
0 0.4735714285714286 0.8984771573604061 0.002857142857142857 0.007614213197969543
0 0.4421428571428571 0.7893401015228426 0.002857142857142857 0.007614213197969543
0 0.43607142857142855 0.7798223350253807 0.0035714285714285713 0.008883248730964468
0 0.42142857142857143 0.7296954314720813 0.002857142857142857 0.007614213197969543
0 0.41678571428571426 0.7284263959390863 0.0035714285714285713 0.005076142131979695
0 0.42607142857142855 0.7258883248730964 0.002142857142857143 0.007614213197969543
0 0.4014285714285714 0.6814720812182741 0.002857142857142857 0.01015228426395939
0 0.39357142857142857 0.623730964467005 0.002857142857142857 0.006345177664974619
0 0.39107142857142857 0.6256345177664975 0.002142857142857143 0.01015228426395939
0 0.37892857142857145 0.583756345177665 0.002142857142857143 0.007614213197969543
0 0.3514285714285714 0.5031725888324873 0.002857142857142857 0.006345177664974619
0 0.3457142857142857 0.49746192893401014 0.002857142857142857 0.007614213197969543
0 0.34714285714285714 0.48413705583756345 0.002857142857142857 0.008883248730964468
0 0.33321428571428574 0.43210659898477155 0.002142857142857143 0.006345177664974619
0 0.33464285714285713 0.4137055837563452 0.002142857142857143 0.01015228426395939
0 0.3217857142857143 0.41053299492385786 0.002142857142857143 0.008883248730964468
0 0.3221428571428571 0.3819796954314721 0.0014285714285714286 0.005076142131979695
0 0.31464285714285717 0.3413705583756345 0.002142857142857143 0.005076142131979695
0 0.2832142857142857 0.25380710659898476 0.002142857142857143 0.007614213197969543
0 0.3125 0.3604060913705584 0.002142857142857143 0.007614213197969543
0 0.3167857142857143 0.36484771573604063 0.002142857142857143 0.008883248730964468
0 0.8910714285714286 0.3934010152284264 0.0035714285714285713 0.007614213197969543
0 0.8853571428571428 0.39086294416243655 0.002142857142857143 0.007614213197969543
0 0.8625 0.36928934010152287 0.002142857142857143 0.0025380710659898475
0 0.8617857142857143 0.36421319796954316 0.002142857142857143 0.0025380710659898475
0 0.8410714285714286 0.3426395939086294 0.002142857142857143 0.007614213197969543
0 0.8246428571428571 0.33185279187817257 0.002142857142857143 0.006345177664974619
0 0.825 0.3369289340101523 0.0014285714285714286 0.0038071065989847717
0 0.8278571428571428 0.33185279187817257 0.002857142857142857 0.0038071065989847717