0 0.5745 0.8016666666666666 0.032 0.05266666666666667
0 0.613 0.639 0.032 0.056666666666666664
0 0.555 0.5006666666666667 0.037 0.072
0 0.35 0.4613333333333333 0.029 0.058666666666666666
0 0.37125 0.452 0.0225 0.04
0 0.35675 0.4026666666666667 0.0325 0.07866666666666666
0 0.71725 0.8493333333333334 0.0525 0.04133333333333333
0 0.717 0.7893333333333333 0.053 0.050666666666666665
0 0.72775 0.729 0.0385 0.04066666666666666
0 0.29475 0.4186666666666667 0.0345 0.058666666666666666
0 0.51275 0.4703333333333333 0.0295 0.048666666666666664
0 0.51275 0.4623333333333333 0.0335 0.054
0 0.67925 0.33866666666666667 0.0315 0.058666666666666666
0 0.66925 0.2866666666666667 0.0295 0.05466666666666667
0 0.66475 0.25866666666666666 0.0295 0.064
0 0.84275 0.084 0.0285 0.06
0 0.8205 0.08433333333333333 0.017 0.042
0 0.64075 0.13533333333333333 0.0235 0.06933333333333333
0 0.6305 0.10833333333333334 0.022 0.062
0 0.59925 0.102 0.0285 0.06933333333333333
0 0.56075 0.11533333333333333 0.0255 0.072
0 0.54125 0.023333333333333334 0.0165 0.04533333333333334
0 0.49375 0.030333333333333334 0.0165 0.06066666666666667
0 0.513 0.017 0.015 0.034
0 0.311 0.18433333333333332 0.031 0.06866666666666667
0 0.35125 0.05533333333333333 0.0155 0.02266666666666667