0 0.44892857142857145 0.19796954314720813 0.007857142857142858 0.02030456852791878
0 0.5103571428571428 0.28426395939086296 0.007857142857142858 0.017766497461928935
0 0.16642857142857143 0.6199238578680203 0.008571428571428572 0.011421319796954314
0 0.10857142857142857 0.7696700507614214 0.014285714285714285 0.008883248730964468
0 0.10928571428571429 0.7810913705583756 0.014285714285714285 0.011421319796954314
0 0.11571428571428571 0.7982233502538071 0.018571428571428572 0.012690355329949238
0 0.11392857142857143 0.7918781725888325 0.013571428571428571 0.015228426395939087
0 0.18785714285714286 0.5843908629441624 0.011428571428571429 0.01649746192893401
0 0.1625 0.5463197969543148 0.009285714285714286 0.008883248730964468
0 0.14 0.5133248730964467 0.008571428571428572 0.013959390862944163
0 0.12607142857142858 0.4720812182741117 0.009285714285714286 0.012690355329949238
0 0.05785714285714286 0.43147208121827413 0.01 0.012690355329949238
0 0.12357142857142857 0.9657360406091371 0.011428571428571429 0.012690355329949238
0 0.3514285714285714 0.8965736040609137 0.01 0.01649746192893401
0 0.3335714285714286 0.8953045685279187 0.005714285714285714 0.011421319796954314
0 0.3475 0.924492385786802 0.007857142857142858 0.01649746192893401
0 0.28285714285714286 0.8045685279187818 0.008571428571428572 0.015228426395939087
0 0.2775 0.8058375634517766 0.009285714285714286 0.015228426395939087
0 0.2692857142857143 0.7874365482233503 0.011428571428571429 0.013959390862944163
0 0.25392857142857145 0.807741116751269 0.009285714285714286 0.013959390862944163
0 0.155 0.5437817258883249 0.007142857142857143 0.011421319796954314
0 0.16392857142857142 0.5336294416243654 0.009285714285714286 0.01649746192893401
0 0.08642857142857142 0.7296954314720813 0.012857142857142857 0.012690355329949238
0 0.026785714285714284 0.633248730964467 0.013571428571428571 0.015228426395939087