0 0.22607142857142856 0.45748730964467005 0.0035714285714285713 0.008883248730964468
0 0.23 0.45241116751269034 0.004285714285714286 0.011421319796954314
0 0.21964285714285714 0.7925126903553299 0.005 0.008883248730964468
0 0.21571428571428572 0.8032994923857868 0.002857142857142857 0.007614213197969543
0 0.21607142857142858 0.7982233502538071 0.0035714285714285713 0.007614213197969543
0 0.3067857142857143 0.7836294416243654 0.0035714285714285713 0.011421319796954314
0 0.3410714285714286 0.9543147208121827 0.005 0.012690355329949238
0 0.3460714285714286 0.9416243654822335 0.005 0.01015228426395939
0 0.35 0.9390862944162437 0.004285714285714286 0.01015228426395939
0 0.41678571428571426 0.27918781725888325 0.002142857142857143 0.012690355329949238
0 0.4235714285714286 0.2772842639593909 0.002857142857142857 0.011421319796954314
0 0.43357142857142855 0.2519035532994924 0.002857142857142857 0.011421319796954314
0 0.43535714285714283 0.2550761421319797 0.002142857142857143 0.007614213197969543
0 0.4367857142857143 0.2506345177664975 0.002142857142857143 0.008883248730964468
0 0.5517857142857143 0.2519035532994924 0.002142857142857143 0.008883248730964468
0 0.49142857142857144 0.04251269035532995 0.0014285714285714286 0.008883248730964468