0 0.12678571428571428 0.6110406091370558 0.0035714285714285713 0.006345177664974619
0 0.1225 0.5964467005076142 0.0035714285714285713 0.012690355329949238
0 0.11642857142857142 0.6021573604060914 0.007142857142857143 0.006345177664974619
0 0.4739285714285714 0.5107868020304569 0.002142857142857143 0.008883248730964468
0 0.4732142857142857 0.5310913705583756 0.002142857142857143 0.008883248730964468
0 0.41035714285714286 0.8635786802030457 0.005 0.008883248730964468
0 0.3992857142857143 0.9854060913705583 0.005714285714285714 0.008883248730964468
0 0.5157142857142857 0.817258883248731 0.004285714285714286 0.01015228426395939
0 0.5264285714285715 0.16624365482233502 0.002857142857142857 0.012690355329949238
0 0.53 0.16307106598984772 0.002857142857142857 0.013959390862944163
0 0.5585714285714286 0.11421319796954314 0.004285714285714286 0.015228426395939087
0 0.5557142857142857 0.10723350253807107 0.002857142857142857 0.008883248730964468
0 0.5828571428571429 0.12373096446700507 0.004285714285714286 0.013959390862944163
0 0.5989285714285715 0.09517766497461928 0.0035714285714285713 0.01015228426395939
0 0.6071428571428571 0.2652284263959391 0.002857142857142857 0.012690355329949238
0 0.5439285714285714 0.2645939086294416 0.0035714285714285713 0.013959390862944163
0 0.5357142857142857 0.3756345177664975 0.002857142857142857 0.012690355329949238
0 0.5285714285714286 0.4549492385786802 0.002857142857142857 0.011421319796954314
0 0.5342857142857143 0.8045685279187818 0.002857142857142857 0.01015228426395939
0 0.6421428571428571 0.7766497461928934 0.004285714285714286 0.01015228426395939
0 0.6371428571428571 0.7810913705583756 0.004285714285714286 0.006345177664974619
0 0.6371428571428571 0.6205583756345178 0.004285714285714286 0.012690355329949238
0 0.6314285714285715 0.6605329949238579 0.004285714285714286 0.013959390862944163
0 0.6346428571428572 0.6630710659898477 0.002142857142857143 0.006345177664974619
0 0.7171428571428572 0.037436548223350255 0.002857142857142857 0.008883248730964468
0 0.6728571428571428 0.17956852791878172 0.002857142857142857 0.011421319796954314
0 0.6764285714285714 0.7379441624365483 0.004285714285714286 0.008883248730964468
0 0.7514285714285714 0.7607868020304569 0.005714285714285714 0.008883248730964468
0 0.7835714285714286 0.756979695431472 0.005714285714285714 0.008883248730964468
0 0.7903571428571429 0.7538071065989848 0.007857142857142858 0.007614213197969543
0 0.8021428571428572 0.1516497461928934 0.004285714285714286 0.013959390862944163
0 0.6435714285714286 0.07614213197969544 0.002857142857142857 0.01015228426395939
0 0.9475 0.7684010152284264 0.0064285714285714285 0.011421319796954314
0 0.23357142857142857 0.8369289340101523 0.005714285714285714 0.011421319796954314