0 0.18178571428571427 0.7366666666666667 0.005 0.01619047619047619
0 0.11857142857142858 0.5947619047619047 0.002857142857142857 0.008571428571428572
0 0.12142857142857143 0.5957142857142858 0.002857142857142857 0.008571428571428572
0 0.13535714285714287 0.5923809523809523 0.002142857142857143 0.009523809523809525
0 0.1332142857142857 0.5923809523809523 0.002142857142857143 0.009523809523809525
0 0.13071428571428573 0.5928571428571429 0.002857142857142857 0.010476190476190476
0 0.1417857142857143 0.599047619047619 0.002142857142857143 0.007619047619047619
0 0.14464285714285716 0.6166666666666667 0.002142857142857143 0.004761904761904762
0 0.4392857142857143 0.8814285714285715 0.01 0.02
0 0.6021428571428571 0.9338095238095238 0.01 0.035238095238095235
0 0.8685714285714285 0.7509523809523809 0.005714285714285714 0.02
0 0.7192857142857143 0.7161904761904762 0.004285714285714286 0.01904761904761905
0 0.7642857142857142 0.700952380952381 0.005714285714285714 0.01904761904761905
0 0.98 0.6785714285714286 0.004285714285714286 0.014285714285714285
0 0.9525 0.7276190476190476 0.0035714285714285713 0.013333333333333334
0 0.9471428571428572 0.7261904761904762 0.005714285714285714 0.01619047619047619
0 0.9246428571428571 0.6452380952380953 0.002142857142857143 0.010476190476190476
0 0.9292857142857143 0.6480952380952381 0.0014285714285714286 0.012380952380952381
0 0.9321428571428572 0.6490476190476191 0.002857142857142857 0.010476190476190476