0 0.9382142857142857 0.6242857142857143 0.005 0.010476190476190476
0 0.7603571428571428 0.7780952380952381 0.005 0.015238095238095238
0 0.7689285714285714 0.8442857142857143 0.0064285714285714285 0.010476190476190476
0 0.7178571428571429 0.5666666666666667 0.005714285714285714 0.009523809523809525
0 0.6832142857142857 0.6352380952380953 0.005 0.015238095238095238
0 0.5664285714285714 0.4147619047619048 0.004285714285714286 0.008571428571428572
0 0.6303571428571428 0.4180952380952381 0.005 0.013333333333333334
0 0.5692857142857143 0.4080952380952381 0.004285714285714286 0.008571428571428572
0 0.6614285714285715 0.3904761904761905 0.004285714285714286 0.013333333333333334
0 0.6132142857142857 0.4057142857142857 0.0035714285714285713 0.013333333333333334
0 0.3917857142857143 0.2480952380952381 0.0035714285714285713 0.006666666666666667
0 0.48142857142857143 0.3242857142857143 0.002857142857142857 0.012380952380952381
0 0.3107142857142857 0.2276190476190476 0.002857142857142857 0.009523809523809525
0 0.7475 0.4266666666666667 0.005 0.011428571428571429
0 0.7517857142857143 0.4257142857142857 0.005 0.011428571428571429
0 0.5892857142857143 0.2814285714285714 0.002857142857142857 0.008571428571428572