0 0.16785714285714284 0.4461904761904762 0.01 0.021904761904761906
0 0.23392857142857143 0.46285714285714286 0.0064285714285714285 0.02095238095238095
0 0.21392857142857144 0.46714285714285714 0.012142857142857143 0.01619047619047619
0 0.24071428571428571 0.46476190476190476 0.004285714285714286 0.022857142857142857
0 0.2739285714285714 0.43 0.005 0.021904761904761906
0 0.21071428571428572 0.4452380952380952 0.007142857142857143 0.018095238095238095
0 0.19678571428571429 0.47285714285714286 0.0064285714285714285 0.018095238095238095
0 0.19857142857142857 0.44666666666666666 0.007142857142857143 0.017142857142857144
0 0.18464285714285714 0.44904761904761903 0.007857142857142858 0.018095238095238095
0 0.19464285714285715 0.43238095238095237 0.0064285714285714285 0.017142857142857144
0 0.19107142857142856 0.4666666666666667 0.005 0.017142857142857144
0 0.19892857142857143 0.4666666666666667 0.007857142857142858 0.017142857142857144
0 0.2571428571428571 0.4552380952380952 0.005714285714285714 0.017142857142857144
0 0.3432142857142857 0.34809523809523807 0.0035714285714285713 0.018095238095238095