0 0.08785714285714286 0.11333333333333333 0.008571428571428572 0.009523809523809525
0 0.05821428571428571 0.20666666666666667 0.010714285714285714 0.011428571428571429
0 0.5925 0.17285714285714285 0.0035714285714285713 0.008571428571428572
0 0.5975 0.17285714285714285 0.0035714285714285713 0.008571428571428572
0 0.5953571428571428 0.18 0.005 0.009523809523809525
0 0.6025 0.11952380952380952 0.0035714285714285713 0.008571428571428572
0 0.6096428571428572 0.1261904761904762 0.005 0.008571428571428572
0 0.615 0.062380952380952384 0.004285714285714286 0.008571428571428572
0 0.6257142857142857 0.05714285714285714 0.004285714285714286 0.007619047619047619
0 0.6142857142857143 0.07285714285714286 0.004285714285714286 0.008571428571428572
0 0.6171428571428571 0.0719047619047619 0.002857142857142857 0.008571428571428572
0 0.61 0.1138095238095238 0.002857142857142857 0.008571428571428572
0 0.6125 0.11428571428571428 0.0035714285714285713 0.007619047619047619
0 0.6142857142857143 0.10571428571428572 0.002857142857142857 0.009523809523809525
0 0.6160714285714286 0.1061904761904762 0.0035714285714285713 0.006666666666666667
0 0.5482142857142858 0.3223809523809524 0.0035714285714285713 0.006666666666666667
0 0.5560714285714285 0.31857142857142856 0.0035714285714285713 0.006666666666666667
0 0.5482142857142858 0.3280952380952381 0.0035714285714285713 0.006666666666666667
0 0.5310714285714285 0.37142857142857144 0.0035714285714285713 0.005714285714285714
0 0.5332142857142858 0.37523809523809526 0.0035714285714285713 0.005714285714285714
0 0.5310714285714285 0.42333333333333334 0.0064285714285714285 0.010476190476190476
0 0.5242857142857142 0.43761904761904763 0.004285714285714286 0.008571428571428572
0 0.5267857142857143 0.439047619047619 0.002142857142857143 0.007619047619047619
0 0.45 0.6757142857142857 0.004285714285714286 0.008571428571428572
0 0.35892857142857143 0.5980952380952381 0.0064285714285714285 0.007619047619047619
0 0.39071428571428574 0.6180952380952381 0.002857142857142857 0.005714285714285714
0 0.39321428571428574 0.6176190476190476 0.0035714285714285713 0.004761904761904762
0 0.3246428571428571 0.5823809523809523 0.0035714285714285713 0.004761904761904762
0 0.32607142857142857 0.5785714285714286 0.005 0.004761904761904762
0 0.3628571428571429 0.7414285714285714 0.005714285714285714 0.006666666666666667
0 0.2842857142857143 0.5714285714285714 0.004285714285714286 0.005714285714285714
0 0.285 0.5661904761904762 0.004285714285714286 0.004761904761904762