0 0.6385714285714286 0.7823809523809524 0.007142857142857143 0.012380952380952381
0 0.6717857142857143 0.7633333333333333 0.0064285714285714285 0.012380952380952381
0 0.6553571428571429 0.6738095238095239 0.007857142857142858 0.014285714285714285
0 0.6317857142857143 0.6433333333333333 0.0064285714285714285 0.010476190476190476
0 0.6589285714285714 0.6042857142857143 0.009285714285714286 0.01619047619047619
0 0.6660714285714285 0.5961904761904762 0.0064285714285714285 0.011428571428571429
0 0.6714285714285714 0.5985714285714285 0.008571428571428572 0.012380952380952381
0 0.6757142857142857 0.3985714285714286 0.007142857142857143 0.01619047619047619
0 0.6607142857142857 0.39714285714285713 0.007142857142857143 0.013333333333333334
0 0.7142857142857143 0.1680952380952381 0.007142857142857143 0.01619047619047619
0 0.6746428571428571 0.18571428571428572 0.009285714285714286 0.015238095238095238
0 0.685 0.014285714285714285 0.005714285714285714 0.015238095238095238
0 0.6892857142857143 0.014761904761904763 0.005714285714285714 0.01619047619047619
0 0.7257142857142858 0.03571428571428571 0.007142857142857143 0.018095238095238095
0 0.45714285714285713 0.7104761904761905 0.007142857142857143 0.013333333333333334
0 0.47285714285714286 0.7171428571428572 0.008571428571428572 0.011428571428571429
0 0.4392857142857143 0.7014285714285714 0.01 0.014285714285714285
0 0.46964285714285714 0.7 0.009285714285714286 0.013333333333333334
0 0.4835714285714286 0.6723809523809524 0.008571428571428572 0.015238095238095238
0 0.49785714285714283 0.45714285714285713 0.007142857142857143 0.01904761904761905
0 0.34714285714285714 0.4157142857142857 0.007142857142857143 0.02
0 0.5632142857142857 0.22238095238095237 0.0064285714285714285 0.02
0 0.41214285714285714 0.23666666666666666 0.007142857142857143 0.025714285714285714
0 0.3892857142857143 0.20761904761904762 0.007142857142857143 0.02095238095238095
0 0.3410714285714286 0.23666666666666666 0.005 0.01619047619047619
0 0.3360714285714286 0.2361904761904762 0.0064285714285714285 0.017142857142857144
0 0.32785714285714285 0.23523809523809525 0.008571428571428572 0.017142857142857144
0 0.3985714285714286 0.1295238095238095 0.008571428571428572 0.015238095238095238