0 0.26321428571428573 0.36666666666666664 0.009285714285714286 0.01904761904761905
0 0.6175 0.6504761904761904 0.015 0.04380952380952381
0 0.5717857142857142 0.6514285714285715 0.012142857142857143 0.03619047619047619
0 0.5764285714285714 0.6357142857142857 0.012857142857142857 0.040952380952380955
0 0.5828571428571429 0.40285714285714286 0.007142857142857143 0.02095238095238095
0 0.57 0.4014285714285714 0.008571428571428572 0.021904761904761906
0 0.7207142857142858 0.31476190476190474 0.004285714285714286 0.012380952380952381
0 0.7557142857142857 0.3742857142857143 0.005714285714285714 0.01904761904761905
0 0.7435714285714285 0.37476190476190474 0.005714285714285714 0.018095238095238095
0 0.7367857142857143 0.36904761904761907 0.005 0.02
0 0.7471428571428571 0.37142857142857144 0.007142857142857143 0.01904761904761905