0 0.2032142857142857 0.48142857142857143 0.030714285714285715 0.058095238095238096
0 0.4467857142857143 0.5895238095238096 0.030714285714285715 0.06476190476190476
0 0.5057142857142857 0.6338095238095238 0.017142857142857144 0.07333333333333333
0 0.6060714285714286 0.5038095238095238 0.015 0.05142857142857143
0 0.5832142857142857 0.5161904761904762 0.013571428571428571 0.05904761904761905
0 0.6042857142857143 0.48333333333333334 0.017142857142857144 0.05238095238095238
0 0.5853571428571429 0.47714285714285715 0.015 0.05714285714285714
0 0.6503571428571429 0.5204761904761904 0.017857142857142856 0.05047619047619047
0 0.6821428571428572 0.6128571428571429 0.022857142857142857 0.06380952380952382
0 0.8907142857142857 0.7447619047619047 0.041428571428571426 0.07047619047619047
0 0.4725 0.4280952380952381 0.010714285714285714 0.04285714285714286
0 0.5617857142857143 0.4990476190476191 0.019285714285714285 0.047619047619047616
0 0.37357142857142855 0.2904761904761905 0.012857142857142857 0.02666666666666667
0 0.41785714285714287 0.319047619047619 0.008571428571428572 0.02857142857142857
0 0.3960714285714286 0.3138095238095238 0.009285714285714286 0.023809523809523808
0 0.3707142857142857 0.26904761904761904 0.008571428571428572 0.02
0 0.3314285714285714 0.2280952380952381 0.005714285714285714 0.012380952380952381
0 0.31285714285714283 0.18571428571428572 0.004285714285714286 0.009523809523809525
0 0.315 0.17476190476190476 0.004285714285714286 0.010476190476190476
0 0.3075 0.17714285714285713 0.0035714285714285713 0.007619047619047619
0 0.5421428571428571 0.4357142857142857 0.012857142857142857 0.04857142857142857
0 0.5410714285714285 0.47095238095238096 0.012142857142857143 0.05047619047619047
0 0.5464285714285714 0.4704761904761905 0.008571428571428572 0.03428571428571429
0 0.5660714285714286 0.46095238095238095 0.012142857142857143 0.045714285714285714
0 0.5653571428571429 0.4471428571428571 0.010714285714285714 0.04666666666666667
0 0.5742857142857143 0.44857142857142857 0.007142857142857143 0.045714285714285714
0 0.4635714285714286 0.37523809523809526 0.011428571428571429 0.04
0 0.455 0.37333333333333335 0.011428571428571429 0.0380952380952381
0 0.3921428571428571 0.3504761904761905 0.012857142857142857 0.03238095238095238
0 0.3992857142857143 0.3476190476190476 0.012857142857142857 0.03428571428571429
0 0.4060714285714286 0.3438095238095238 0.009285714285714286 0.03619047619047619
0 0.38821428571428573 0.31952380952380954 0.010714285714285714 0.03333333333333333
0 0.37357142857142855 0.33476190476190476 0.012857142857142857 0.029523809523809525
0 0.3707142857142857 0.3295238095238095 0.012857142857142857 0.02666666666666667
0 0.39785714285714285 0.2923809523809524 0.01 0.02666666666666667
0 0.3514285714285714 0.29 0.008571428571428572 0.029523809523809525
0 0.35678571428571426 0.2876190476190476 0.0064285714285714285 0.02666666666666667
0 0.3825 0.2623809523809524 0.005 0.023809523809523808
0 0.37857142857142856 0.26761904761904765 0.007142857142857143 0.017142857142857144
0 0.3375 0.24714285714285714 0.007857142857142858 0.02
0 0.3264285714285714 0.24714285714285714 0.008571428571428572 0.01619047619047619
0 0.3167857142857143 0.2257142857142857 0.0064285714285714285 0.01904761904761905
0 0.32 0.22095238095238096 0.005714285714285714 0.01904761904761905
0 0.33035714285714285 0.2219047619047619 0.005 0.01904761904761905
0 0.3425 0.22428571428571428 0.0064285714285714285 0.02
0 0.3467857142857143 0.22476190476190477 0.0064285714285714285 0.01904761904761905
0 0.35642857142857143 0.2342857142857143 0.007142857142857143 0.017142857142857144
0 0.35892857142857143 0.23142857142857143 0.005 0.01904761904761905
0 0.3557142857142857 0.2195238095238095 0.004285714285714286 0.018095238095238095
0 0.3464285714285714 0.2042857142857143 0.005714285714285714 0.01619047619047619
0 0.3075 0.1957142857142857 0.0064285714285714285 0.01619047619047619
0 0.3435714285714286 0.22095238095238096 0.005714285714285714 0.02095238095238095
0 0.32071428571428573 0.17761904761904762 0.004285714285714286 0.012380952380952381
0 0.30892857142857144 0.1676190476190476 0.0035714285714285713 0.009523809523809525
0 0.30642857142857144 0.16095238095238096 0.004285714285714286 0.009523809523809525
0 0.2907142857142857 0.15476190476190477 0.002857142857142857 0.008571428571428572
0 0.2889285714285714 0.15523809523809523 0.0035714285714285713 0.009523809523809525
0 0.25642857142857145 0.15714285714285714 0.004285714285714286 0.011428571428571429
0 0.2910714285714286 0.18142857142857144 0.002142857142857143 0.010476190476190476
0 0.28714285714285714 0.1819047619047619 0.002857142857142857 0.011428571428571429
0 0.29678571428571426 0.16047619047619047 0.002142857142857143 0.008571428571428572
0 0.2978571428571429 0.16 0.002857142857142857 0.009523809523809525
0 0.32285714285714284 0.2542857142857143 0.007142857142857143 0.02095238095238095
0 0.4328571428571429 0.26761904761904765 0.004285714285714286 0.01904761904761905
0 0.5285714285714286 0.31238095238095237 0.01 0.01904761904761905
0 0.8125 0.2571428571428571 0.009285714285714286 0.030476190476190476
0 0.7875 0.2695238095238095 0.007857142857142858 0.024761904761904763
0 0.7710714285714285 0.2733333333333333 0.009285714285714286 0.02666666666666667
0 0.7957142857142857 0.30095238095238097 0.011428571428571429 0.01904761904761905
0 0.705 0.2257142857142857 0.004285714285714286 0.01904761904761905
0 0.9260714285714285 0.2733333333333333 0.005 0.022857142857142857
0 0.6560714285714285 0.23333333333333334 0.005 0.015238095238095238
0 0.5792857142857143 0.21333333333333335 0.004285714285714286 0.011428571428571429
0 0.6096428571428572 0.20238095238095238 0.0035714285714285713 0.01619047619047619
0 0.6121428571428571 0.2 0.004285714285714286 0.013333333333333334
0 0.5871428571428572 0.1957142857142857 0.004285714285714286 0.012380952380952381
0 0.5671428571428572 0.1961904761904762 0.002857142857142857 0.013333333333333334
0 0.49857142857142855 0.16952380952380952 0.0014285714285714286 0.007619047619047619