0 0.7085714285714285 0.9680952380952381 0.008571428571428572 0.018095238095238095
0 0.7157142857142857 0.9623809523809523 0.008571428571428572 0.01619047619047619
0 0.7235714285714285 0.9661904761904762 0.008571428571428572 0.018095238095238095
0 0.27285714285714285 0.4361904761904762 0.007142857142857143 0.015238095238095238
0 0.3457142857142857 0.43238095238095237 0.008571428571428572 0.01904761904761905
0 0.5396428571428571 0.3433333333333333 0.005 0.018095238095238095
0 0.5892857142857143 0.2519047619047619 0.005714285714285714 0.01619047619047619
0 0.5860714285714286 0.21047619047619048 0.002142857142857143 0.015238095238095238
0 0.5885714285714285 0.2138095238095238 0.004285714285714286 0.008571428571428572
0 0.5246428571428572 0.11238095238095239 0.0035714285714285713 0.013333333333333334
0 0.5285714285714286 0.11333333333333333 0.004285714285714286 0.013333333333333334
0 0.5425 0.12428571428571429 0.0035714285714285713 0.014285714285714285
0 0.5596428571428571 0.15571428571428572 0.0035714285714285713 0.012380952380952381
0 0.49214285714285716 0.6152380952380953 0.007142857142857143 0.017142857142857144
0 0.4760714285714286 0.549047619047619 0.0064285714285714285 0.01619047619047619
0 0.1757142857142857 0.4604761904761905 0.008571428571428572 0.012380952380952381
0 0.2575 0.4661904761904762 0.007857142857142858 0.014285714285714285
0 0.2717857142857143 0.4595238095238095 0.0064285714285714285 0.012380952380952381
0 0.4942857142857143 0.46714285714285714 0.005714285714285714 0.012380952380952381
0 0.5035714285714286 0.4614285714285714 0.004285714285714286 0.012380952380952381
0 0.5092857142857142 0.4642857142857143 0.007142857142857143 0.01619047619047619
0 0.5382142857142858 0.4623809523809524 0.0064285714285714285 0.010476190476190476
0 0.5567857142857143 0.44571428571428573 0.005 0.011428571428571429
0 0.56 0.3514285714285714 0.004285714285714286 0.009523809523809525
0 0.5964285714285714 0.3661904761904762 0.004285714285714286 0.010476190476190476
0 0.5417857142857143 0.44047619047619047 0.005 0.01619047619047619
0 0.54 0.19523809523809524 0.004285714285714286 0.009523809523809525
0 0.5332142857142858 0.14666666666666667 0.0035714285714285713 0.007619047619047619
0 0.4592857142857143 0.47523809523809524 0.007142857142857143 0.013333333333333334