0 0.11107142857142857 0.42142857142857143 0.035 0.05047619047619047
0 0.4521428571428571 0.4014285714285714 0.017142857142857144 0.04285714285714286
0 0.6135714285714285 0.24714285714285714 0.017142857142857144 0.039047619047619046
0 0.4125 0.18047619047619048 0.015 0.03333333333333333
0 0.4057142857142857 0.14523809523809525 0.015714285714285715 0.035238095238095235
0 0.38535714285714284 0.15714285714285714 0.013571428571428571 0.03238095238095238
0 0.3221428571428571 0.14904761904761904 0.012857142857142857 0.03142857142857143
0 0.15285714285714286 0.0838095238095238 0.012857142857142857 0.01904761904761905
0 0.20464285714285715 0.11238095238095239 0.009285714285714286 0.022857142857142857
0 0.1957142857142857 0.09095238095238095 0.01 0.023809523809523808
0 0.24928571428571428 0.1595238095238095 0.012857142857142857 0.029523809523809525
0 0.3132142857142857 0.14809523809523809 0.009285714285714286 0.03333333333333333
0 0.20142857142857143 0.11476190476190476 0.008571428571428572 0.021904761904761906
0 0.3889285714285714 0.20666666666666667 0.012142857142857143 0.03428571428571429
0 0.44892857142857145 0.19333333333333333 0.005 0.022857142857142857
0 0.45285714285714285 0.1980952380952381 0.011428571428571429 0.024761904761904763
0 0.5532142857142858 0.17285714285714285 0.010714285714285714 0.021904761904761906
0 0.6396428571428572 0.1138095238095238 0.010714285714285714 0.025714285714285714
0 0.6596428571428572 0.21666666666666667 0.012142857142857143 0.03142857142857143
0 0.7089285714285715 0.22333333333333333 0.010714285714285714 0.040952380952380955
0 0.6985714285714286 0.24142857142857144 0.007142857142857143 0.039047619047619046
0 0.6914285714285714 0.24523809523809523 0.008571428571428572 0.039047619047619046
0 0.6839285714285714 0.2519047619047619 0.013571428571428571 0.04476190476190476
0 0.9496428571428571 0.30857142857142855 0.012142857142857143 0.030476190476190476
0 0.2621428571428571 0.2842857142857143 0.017142857142857144 0.035238095238095235
0 0.07678571428571429 0.6685714285714286 0.03642857142857143 0.03619047619047619
0 0.24571428571428572 0.11571428571428571 0.011428571428571429 0.025714285714285714
0 0.40464285714285714 0.06857142857142857 0.010714285714285714 0.024761904761904763
0 0.4542857142857143 0.07523809523809524 0.008571428571428572 0.02666666666666667
0 0.45964285714285713 0.07285714285714286 0.0064285714285714285 0.029523809523809525
0 0.46464285714285714 0.07047619047619047 0.009285714285714286 0.03428571428571429
0 0.4789285714285714 0.08142857142857143 0.009285714285714286 0.029523809523809525
0 0.5153571428571428 0.08428571428571428 0.007857142857142858 0.025714285714285714
0 0.5103571428571428 0.08761904761904762 0.009285714285714286 0.022857142857142857
0 0.6210714285714286 0.08476190476190476 0.009285714285714286 0.024761904761904763