0 0.8332142857142857 0.18619047619047618 0.007857142857142858 0.02
0 0.35035714285714287 0.580952380952381 0.010714285714285714 0.02857142857142857
0 0.5428571428571428 0.6090476190476191 0.01 0.035238095238095235
0 0.5378571428571428 0.5985714285714285 0.008571428571428572 0.03333333333333333
0 0.32071428571428573 0.4795238095238095 0.01 0.02761904761904762
0 0.3603571428571429 0.59 0.007857142857142858 0.018095238095238095
0 0.08642857142857142 0.36714285714285716 0.02 0.021904761904761906
0 0.11821428571428572 0.38761904761904764 0.015 0.02666666666666667
0 0.23214285714285715 0.48333333333333334 0.01 0.029523809523809525
0 0.2857142857142857 0.4666666666666667 0.014285714285714285 0.02857142857142857
0 0.3032142857142857 0.48333333333333334 0.010714285714285714 0.02761904761904762
0 0.039285714285714285 0.3514285714285714 0.012857142857142857 0.02095238095238095
0 0.8875 0.2276190476190476 0.010714285714285714 0.013333333333333334
0 0.8642857142857143 0.2219047619047619 0.005714285714285714 0.011428571428571429