0 0.5071428571428571 0.08058375634517767 0.002857142857142857 0.011421319796954314
0 0.5889285714285715 0.048223350253807105 0.0035714285714285713 0.01015228426395939
0 0.6185714285714285 0.04758883248730964 0.0014285714285714286 0.011421319796954314
0 0.5285714285714286 0.19923857868020303 0.002857142857142857 0.012690355329949238
0 0.53 0.28743654822335024 0.002857142857142857 0.011421319796954314
0 0.5414285714285715 0.41878172588832485 0.002857142857142857 0.012690355329949238
0 0.5385714285714286 0.4232233502538071 0.002857142857142857 0.013959390862944163
0 0.5417857142857143 0.45558375634517767 0.0035714285714285713 0.012690355329949238
0 0.5442857142857143 0.4530456852791878 0.002857142857142857 0.015228426395939087
0 0.7135714285714285 0.3737309644670051 0.002857142857142857 0.011421319796954314
0 0.7153571428571428 0.3769035532994924 0.0035714285714285713 0.012690355329949238
0 0.4039285714285714 0.45748730964467005 0.005 0.01649746192893401
0 0.32607142857142857 0.5793147208121827 0.005 0.01649746192893401
0 0.3264285714285714 0.5748730964467005 0.004285714285714286 0.02030456852791878
0 0.3 0.5025380710659898 0.002857142857142857 0.015228426395939087
0 0.30142857142857143 0.49682741116751267 0.002857142857142857 0.01649746192893401
0 0.3053571428571429 0.4930203045685279 0.0035714285714285713 0.013959390862944163
0 0.3078571428571429 0.48984771573604063 0.004285714285714286 0.015228426395939087
0 0.26035714285714284 0.5881979695431472 0.0035714285714285713 0.01649746192893401
0 0.28035714285714286 0.557741116751269 0.0035714285714285713 0.01649746192893401
0 0.2860714285714286 0.5748730964467005 0.0035714285714285713 0.015228426395939087
0 0.2792857142857143 0.5869289340101523 0.004285714285714286 0.01649746192893401
0 0.27214285714285713 0.5856598984771574 0.004285714285714286 0.013959390862944163
0 0.2667857142857143 0.583756345177665 0.0035714285714285713 0.012690355329949238
0 0.2760714285714286 0.5545685279187818 0.0035714285714285713 0.015228426395939087
0 0.2739285714285714 0.5596446700507615 0.005 0.012690355329949238
0 0.2867857142857143 0.5545685279187818 0.0035714285714285713 0.025380710659898477
0 0.008928571428571428 0.48096446700507617 0.005 0.015228426395939087