0 0.09678571428571428 0.7195238095238096 0.005 0.01619047619047619
0 0.1025 0.7176190476190476 0.0064285714285714285 0.018095238095238095
0 0.11035714285714286 0.7204761904761905 0.005 0.012380952380952381
0 0.7425 0.4119047619047619 0.0035714285714285713 0.018095238095238095
0 0.7367857142857143 0.4123809523809524 0.005 0.017142857142857144
0 0.825 0.4452380952380952 0.005714285714285714 0.02
0 0.7614285714285715 0.39666666666666667 0.005714285714285714 0.014285714285714285
0 0.7564285714285715 0.19904761904761906 0.002857142857142857 0.011428571428571429
0 0.7546428571428572 0.23809523809523808 0.0035714285714285713 0.009523809523809525
0 0.7517857142857143 0.1976190476190476 0.0035714285714285713 0.010476190476190476
0 0.7678571428571429 0.25952380952380955 0.004285714285714286 0.012380952380952381
0 0.7803571428571429 0.2571428571428571 0.0064285714285714285 0.007619047619047619
0 0.7803571428571429 0.29095238095238096 0.0064285714285714285 0.010476190476190476
0 0.7725 0.2857142857142857 0.007857142857142858 0.011428571428571429
0 0.5314285714285715 0.21619047619047618 0.005714285714285714 0.007619047619047619
0 0.5110714285714286 0.21857142857142858 0.0035714285714285713 0.010476190476190476
0 0.5239285714285714 0.2261904761904762 0.005 0.012380952380952381
0 0.5017857142857143 0.28523809523809524 0.005 0.008571428571428572