0 0.3275 0.028553299492385786 0.0064285714285714285 0.011421319796954314
0 0.30107142857142855 0.17893401015228427 0.007857142857142858 0.017766497461928935
0 0.325 0.34517766497461927 0.007142857142857143 0.012690355329949238
0 0.33714285714285713 0.41941624365482233 0.004285714285714286 0.006345177664974619
0 0.3425 0.42258883248730966 0.005 0.01015228426395939
0 0.5121428571428571 0.7950507614213198 0.005714285714285714 0.008883248730964468
0 0.5003571428571428 0.7347715736040609 0.005 0.01015228426395939
0 0.5042857142857143 0.7303299492385786 0.004285714285714286 0.011421319796954314
0 0.745 0.2468274111675127 0.007142857142857143 0.011421319796954314
0 0.7417857142857143 0.24111675126903553 0.0064285714285714285 0.01015228426395939
0 0.8103571428571429 0.6789340101522843 0.007857142857142858 0.007614213197969543
0 0.8185714285714286 0.3210659898477157 0.002857142857142857 0.005076142131979695
0 0.8271428571428572 0.31852791878172587 0.004285714285714286 0.01015228426395939