0 0.04 0.5951776649746193 0.01 0.027918781725888325
0 0.08392857142857142 0.7715736040609137 0.010714285714285714 0.025380710659898477
0 0.11357142857142857 0.8597715736040609 0.01 0.0266497461928934
0 0.07535714285714286 0.9892131979695431 0.012142857142857143 0.01903553299492386
0 0.14892857142857144 0.3267766497461929 0.0064285714285714285 0.021573604060913704
0 0.17 0.3381979695431472 0.004285714285714286 0.021573604060913704
0 0.1925 0.28616751269035534 0.007857142857142858 0.021573604060913704
0 0.19607142857142856 0.28616751269035534 0.0035714285714285713 0.01649746192893401
0 0.2067857142857143 0.27982233502538073 0.0064285714285714285 0.01903553299492386
0 0.18571428571428572 0.19098984771573604 0.004285714285714286 0.021573604060913704
0 0.2082142857142857 0.19860406091370558 0.005 0.01903553299492386
0 0.8814285714285715 0.11104060913705584 0.004285714285714286 0.013959390862944163
0 0.8796428571428572 0.17703045685279187 0.0064285714285714285 0.013959390862944163
0 0.8789285714285714 0.1713197969543147 0.005 0.015228426395939087
0 0.47964285714285715 0.3737309644670051 0.005 0.01903553299492386