0 0.439 0.023333333333333334 0.005 0.02
0 0.72575 0.515 0.0085 0.015333333333333332
0 0.62825 0.5306666666666666 0.0075 0.021333333333333333
0 0.59475 0.5243333333333333 0.0065 0.020666666666666667
0 0.584 0.5243333333333333 0.006 0.020666666666666667
0 0.406 0.33066666666666666 0.005 0.017333333333333333
0 0.35475 0.4206666666666667 0.0055 0.016
0 0.351 0.42 0.005 0.016
0 0.33825 0.595 0.0055 0.015333333333333332
0 0.3315 0.5983333333333334 0.005 0.016666666666666666
0 0.352 0.8493333333333334 0.008 0.018666666666666668