0 0.45357142857142857 0.9280952380952381 0.008571428571428572 0.012380952380952381
0 0.49607142857142855 0.8738095238095238 0.009285714285714286 0.01619047619047619
0 0.4675 0.8257142857142857 0.009285714285714286 0.015238095238095238
0 0.45285714285714285 0.8014285714285714 0.01 0.01619047619047619
0 0.46214285714285713 0.7628571428571429 0.007142857142857143 0.015238095238095238
0 0.4675 0.7633333333333333 0.0064285714285714285 0.01619047619047619
0 0.45607142857142857 0.7195238095238096 0.007857142857142858 0.014285714285714285
0 0.4660714285714286 0.7195238095238096 0.009285714285714286 0.018095238095238095
0 0.4789285714285714 0.4895238095238095 0.0064285714285714285 0.015238095238095238
0 0.465 0.08952380952380952 0.008571428571428572 0.01904761904761905
0 0.45321428571428574 0.08857142857142856 0.0064285714285714285 0.01904761904761905
0 0.45571428571428574 0.07095238095238095 0.007142857142857143 0.01619047619047619
0 0.45964285714285713 0.06333333333333334 0.0064285714285714285 0.018095238095238095
0 0.4432142857142857 0.02238095238095238 0.007857142857142858 0.021904761904761906
0 0.37857142857142856 0.06619047619047619 0.008571428571428572 0.014285714285714285