0 0.1 0.2914285714285714 0.008571428571428572 0.017142857142857144
0 0.17142857142857143 0.3647619047619048 0.01 0.017142857142857144
0 0.12071428571428572 0.33666666666666667 0.014285714285714285 0.012380952380952381
0 0.11428571428571428 0.3333333333333333 0.01 0.02095238095238095
0 0.5292857142857142 0.3495238095238095 0.008571428571428572 0.01904761904761905
0 0.5396428571428571 0.36428571428571427 0.0064285714285714285 0.025714285714285714
0 0.5425 0.4104761904761905 0.007857142857142858 0.01904761904761905
0 0.5246428571428572 0.4142857142857143 0.009285714285714286 0.015238095238095238
0 0.5182142857142857 0.37952380952380954 0.0064285714285714285 0.01619047619047619
0 0.4442857142857143 0.4057142857142857 0.008571428571428572 0.01904761904761905
0 0.5760714285714286 0.3519047619047619 0.009285714285714286 0.018095238095238095
0 0.5832142857142857 0.31523809523809526 0.0064285714285714285 0.017142857142857144
0 0.5892857142857143 0.3352380952380952 0.01 0.02095238095238095
0 0.6053571428571428 0.33380952380952383 0.012142857142857143 0.018095238095238095
0 0.5935714285714285 0.26761904761904765 0.007142857142857143 0.017142857142857144
0 0.6178571428571429 0.3476190476190476 0.007142857142857143 0.017142857142857144
0 0.6182142857142857 0.3657142857142857 0.010714285714285714 0.01904761904761905
0 0.6292857142857143 0.36857142857142855 0.008571428571428572 0.01904761904761905
0 0.6428571428571429 0.2904761904761905 0.01 0.015238095238095238
0 0.6096428571428572 0.28523809523809524 0.007857142857142858 0.01619047619047619
0 0.6021428571428571 0.25476190476190474 0.007142857142857143 0.014285714285714285
0 0.5932142857142857 0.23952380952380953 0.005 0.014285714285714285
0 0.6017857142857143 0.23333333333333334 0.0064285714285714285 0.015238095238095238
0 0.01892857142857143 0.5857142857142857 0.016428571428571428 0.022857142857142857
0 0.12285714285714286 0.6114285714285714 0.015714285714285715 0.02095238095238095
0 0.23 0.6552380952380953 0.012857142857142857 0.02095238095238095
0 0.2867857142857143 0.6780952380952381 0.013571428571428571 0.017142857142857144
0 0.2839285714285714 0.6938095238095238 0.016428571428571428 0.021904761904761906
0 0.16535714285714287 0.6338095238095238 0.015 0.01619047619047619
0 0.15857142857142856 0.6533333333333333 0.015714285714285715 0.022857142857142857
0 0.31535714285714284 0.7204761904761905 0.015 0.018095238095238095
0 0.37 0.7252380952380952 0.012857142857142857 0.02
0 0.4228571428571429 0.7076190476190476 0.012857142857142857 0.01904761904761905
0 0.5671428571428572 0.6666666666666666 0.012857142857142857 0.015238095238095238
0 0.5678571428571428 0.6923809523809524 0.011428571428571429 0.01904761904761905
0 0.4492857142857143 0.669047619047619 0.011428571428571429 0.014285714285714285
0 0.6214285714285714 0.8971428571428571 0.014285714285714285 0.02095238095238095
0 0.48 0.8466666666666667 0.015714285714285715 0.01904761904761905
0 0.4007142857142857 0.991904761904762 0.014285714285714285 0.01619047619047619
0 0.0175 0.8223809523809524 0.025 0.018095238095238095
0 0.02107142857142857 0.8119047619047619 0.019285714285714285 0.02
0 0.8796428571428572 0.44571428571428573 0.019285714285714285 0.024761904761904763
0 0.9064285714285715 0.4104761904761905 0.017142857142857144 0.02095238095238095
0 0.8992857142857142 0.508095238095238 0.014285714285714285 0.02
0 0.9039285714285714 0.5823809523809523 0.013571428571428571 0.018095238095238095
0 0.9021428571428571 0.650952380952381 0.018571428571428572 0.018095238095238095
0 0.8271428571428572 0.5804761904761905 0.01 0.018095238095238095
0 0.7792857142857142 0.6052380952380952 0.012857142857142857 0.021904761904761906
0 0.7192857142857143 0.6647619047619048 0.014285714285714285 0.017142857142857144
0 0.7685714285714286 0.6976190476190476 0.017142857142857144 0.02
0 0.5760714285714286 0.11 0.0035714285714285713 0.01619047619047619
0 0.5735714285714286 0.04857142857142857 0.002857142857142857 0.01904761904761905
0 0.5782142857142857 0.047142857142857146 0.005 0.008571428571428572
0 0.5760714285714286 0.029047619047619048 0.0035714285714285713 0.014285714285714285
0 0.5785714285714286 0.02761904761904762 0.004285714285714286 0.013333333333333334
0 0.7810714285714285 0.19285714285714287 0.007857142857142858 0.014285714285714285
0 0.7425 0.08523809523809524 0.0064285714285714285 0.014285714285714285