0 0.7314285714285714 0.6833333333333333 0.008571428571428572 0.039047619047619046
0 0.7410714285714286 0.6761904761904762 0.0064285714285714285 0.03238095238095238
0 0.7596428571428572 0.6757142857142857 0.016428571428571428 0.023809523809523808
0 0.7675 0.6776190476190476 0.013571428571428571 0.040952380952380955
0 0.5946428571428571 0.73 0.015 0.029523809523809525
0 0.45714285714285713 0.6066666666666667 0.015714285714285715 0.02857142857142857
0 0.08214285714285714 0.6109523809523809 0.015714285714285715 0.039047619047619046
0 0.3460714285714286 0.6085714285714285 0.015 0.03619047619047619
0 0.15571428571428572 0.5923809523809523 0.012857142857142857 0.02857142857142857
0 0.11035714285714286 0.6252380952380953 0.010714285714285714 0.03333333333333333
0 0.14607142857142857 0.59 0.012142857142857143 0.03333333333333333
0 0.10607142857142857 0.638095238095238 0.013571428571428571 0.03428571428571429