0 0.265 0.1880952380952381 0.014285714285714285 0.029523809523809525
0 0.22892857142857143 0.14476190476190476 0.025 0.03238095238095238
0 0.36642857142857144 0.1761904761904762 0.012857142857142857 0.03428571428571429
0 0.08714285714285715 0.5057142857142857 0.014285714285714285 0.017142857142857144
0 0.49607142857142855 0.9676190476190476 0.013571428571428571 0.02857142857142857
0 0.4032142857142857 0.690952380952381 0.019285714285714285 0.01619047619047619
0 0.3560714285714286 0.36238095238095236 0.012142857142857143 0.025714285714285714
0 0.2982142857142857 0.7138095238095238 0.013571428571428571 0.014285714285714285
0 0.3007142857142857 0.6923809523809524 0.015714285714285715 0.01904761904761905
0 0.2671428571428571 0.6619047619047619 0.017142857142857144 0.017142857142857144
0 0.5325 0.1138095238095238 0.010714285714285714 0.035238095238095235
0 0.5321428571428571 0.21904761904761905 0.01 0.02857142857142857
0 0.5246428571428572 0.3261904761904762 0.013571428571428571 0.023809523809523808
0 0.5232142857142857 0.4061904761904762 0.010714285714285714 0.025714285714285714
0 0.5557142857142857 0.45714285714285713 0.01 0.022857142857142857
0 0.5735714285714286 0.4552380952380952 0.012857142857142857 0.03238095238095238
0 0.5289285714285714 0.77 0.013571428571428571 0.02
0 0.25214285714285717 0.23952380952380953 0.02 0.03333333333333333
0 0.2057142857142857 0.2180952380952381 0.008571428571428572 0.02095238095238095