0 0.3375 0.74 0.018 0.05733333333333333
0 0.34625 0.7073333333333334 0.0105 0.017333333333333333
0 0.443 0.37066666666666664 0.015 0.044
0 0.477 0.32866666666666666 0.011 0.04
0 0.4535 0.30233333333333334 0.011 0.026
0 0.4345 0.23766666666666666 0.008 0.03266666666666666
0 0.4825 0.14366666666666666 0.007 0.03
0 0.47475 0.13166666666666665 0.0075 0.018
0 0.513 0.9713333333333334 0.024 0.05333333333333334
0 0.4945 0.978 0.02 0.044
0 0.54225 0.626 0.0145 0.028
0 0.53125 0.6193333333333333 0.0165 0.04533333333333334
0 0.562 0.5813333333333334 0.015 0.048
0 0.588 0.6043333333333333 0.018 0.05
0 0.668 0.5603333333333333 0.017 0.03266666666666666
0 0.5665 0.452 0.015 0.04133333333333333
0 0.579 0.3313333333333333 0.011 0.036
0 0.5895 0.262 0.018 0.02266666666666667
0 0.591 0.24933333333333332 0.015 0.02
0 0.522 0.20833333333333334 0.01 0.03
0 0.5515 0.22 0.009 0.030666666666666665
0 0.55675 0.20266666666666666 0.0085 0.029333333333333333
0 0.55225 0.18733333333333332 0.0065 0.029333333333333333
0 0.54375 0.17366666666666666 0.0075 0.026
0 0.49225 0.18066666666666667 0.0085 0.03333333333333333
0 0.49575 0.15733333333333333 0.0095 0.030666666666666665
0 0.4795 0.09633333333333334 0.008 0.016666666666666666
0 0.50425 0.09266666666666666 0.0065 0.025333333333333333
0 0.49475 0.08633333333333333 0.0075 0.019333333333333334
0 0.4985 0.07666666666666666 0.006 0.012
0 0.49 0.077 0.009 0.016666666666666666
0 0.54525 0.10433333333333333 0.0075 0.028666666666666667
0 0.5495 0.079 0.008 0.019333333333333334
0 0.545 0.073 0.006 0.023333333333333334
0 0.49975 0.03133333333333333 0.0065 0.018666666666666668
0 0.5435 0.04466666666666667 0.006 0.017333333333333333
0 0.5525 0.024666666666666667 0.005 0.02
0 0.54725 0.010666666666666666 0.0035 0.017333333333333333
0 0.55475 0.006666666666666667 0.0035 0.013333333333333334
0 0.50675 0.034 0.0045 0.017333333333333333
0 0.515 0.019666666666666666 0.006 0.020666666666666667
0 0.51 0.019666666666666666 0.004 0.019333333333333334
0 0.69425 0.515 0.0175 0.054
0 0.73575 0.3273333333333333 0.0145 0.04
0 0.75 0.39266666666666666 0.017 0.03333333333333333
0 0.80475 0.4076666666666667 0.0205 0.03933333333333333
0 0.6845 0.16166666666666665 0.009 0.03
0 0.738 0.107 0.012 0.022
0 0.68525 0.03833333333333333 0.0065 0.015333333333333332
0 0.67525 0.028333333333333332 0.0045 0.016666666666666666
0 0.67825 0.029333333333333333 0.0045 0.013333333333333334
0 0.7145 0.06633333333333333 0.008 0.023333333333333334
0 0.70175 0.045 0.0065 0.023333333333333334