0 0.601 0.921 0.025 0.054
0 0.681 0.986 0.017 0.028
0 0.35875 0.8823333333333333 0.0275 0.07133333333333333
0 0.5505 0.7246666666666667 0.013 0.03866666666666667
0 0.5175 0.698 0.012 0.02666666666666667
0 0.5175 0.689 0.012 0.027333333333333334
0 0.5245 0.6506666666666666 0.01 0.028
0 0.53025 0.614 0.0085 0.021333333333333333
0 0.4985 0.6256666666666667 0.008 0.018
0 0.49975 0.6186666666666667 0.0095 0.025333333333333333
0 0.54675 0.54 0.0055 0.013333333333333334
0 0.5475 0.536 0.005 0.014666666666666666
0 0.54025 0.5036666666666667 0.0045 0.011333333333333334
0 0.5435 0.601 0.007 0.028666666666666667
0 0.55075 0.6006666666666667 0.0075 0.028
0 0.54475 0.585 0.0075 0.024666666666666667
0 0.44975 0.625 0.0065 0.028666666666666667
0 0.45375 0.6256666666666667 0.0065 0.023333333333333334
0 0.51375 0.5653333333333334 0.0075 0.021333333333333333
0 0.512 0.5623333333333334 0.004 0.011333333333333334
0 0.52725 0.546 0.0055 0.018666666666666668
0 0.5365 0.497 0.004 0.012666666666666666