0 0.7305 0.058 0.009 0.025333333333333333
0 0.8585 0.13033333333333333 0.012 0.020666666666666667
0 0.78975 0.139 0.0115 0.022
0 0.617 0.121 0.007 0.019333333333333334
0 0.6045 0.17133333333333334 0.006 0.018666666666666668
0 0.618 0.17266666666666666 0.006 0.013333333333333334
0 0.67375 0.23866666666666667 0.0085 0.021333333333333333
0 0.6605 0.221 0.008 0.019333333333333334
0 0.71125 0.248 0.0055 0.014666666666666666
0 0.69925 0.235 0.0095 0.015333333333333332
0 0.66625 0.25533333333333336 0.0075 0.02
0 0.56425 0.161 0.0045 0.011333333333333334
0 0.6175 0.11366666666666667 0.008 0.014
0 0.56375 0.15233333333333332 0.0055 0.016666666666666666
0 0.81025 0.22666666666666666 0.0125 0.018666666666666668
0 0.65425 0.22566666666666665 0.0045 0.01
0 0.73325 0.3873333333333333 0.0095 0.016
0 0.7255 0.377 0.013 0.014
0 0.672 0.43533333333333335 0.013 0.013333333333333334
0 0.66975 0.4136666666666667 0.0095 0.007333333333333333
0 0.76625 0.5116666666666667 0.0145 0.015333333333333332
0 0.56775 0.446 0.0085 0.014666666666666666
0 0.50225 0.437 0.0095 0.016666666666666666
0 0.08425 0.5483333333333333 0.0225 0.014
0 0.096 0.578 0.019 0.013333333333333334
0 0.058 0.6553333333333333 0.019 0.013333333333333334
0 0.082 0.6593333333333333 0.019 0.013333333333333334
0 0.0335 0.7206666666666667 0.023 0.014666666666666666
0 0.01575 0.693 0.0205 0.012666666666666666
0 0.065 0.575 0.017 0.019333333333333334