0 0.88125 0.8703333333333333 0.0275 0.043333333333333335
0 0.89275 0.821 0.0315 0.035333333333333335
0 0.7995 0.8403333333333334 0.024 0.03666666666666667
0 0.82625 0.8036666666666666 0.0245 0.04466666666666667
0 0.80275 0.811 0.0255 0.043333333333333335
0 0.72125 0.9156666666666666 0.0195 0.051333333333333335
0 0.69275 0.9043333333333333 0.0185 0.04733333333333333
0 0.678 0.9426666666666667 0.016 0.04933333333333333
0 0.66125 0.907 0.0185 0.043333333333333335
0 0.66725 0.88 0.0195 0.04133333333333333
0 0.49275 0.578 0.0155 0.04133333333333333
0 0.4845 0.5353333333333333 0.016 0.042666666666666665
0 0.51325 0.5393333333333333 0.0095 0.042666666666666665
0 0.3475 0.6026666666666667 0.02 0.044
0 0.21875 0.413 0.0135 0.026
0 0.352 0.30233333333333334 0.013 0.035333333333333335