0 0.552 0.5766666666666667 0.01 0.03866666666666667
0 0.56475 0.5633333333333334 0.0125 0.05333333333333334
0 0.5445 0.555 0.018 0.056666666666666664
0 0.47625 0.39666666666666667 0.0135 0.037333333333333336
0 0.49625 0.37566666666666665 0.0105 0.03133333333333333
0 0.5345 0.38333333333333336 0.013 0.03333333333333333
0 0.57125 0.3546666666666667 0.0105 0.036
0 0.5195 0.25833333333333336 0.004 0.016666666666666666
0 0.49925 0.23033333333333333 0.0055 0.018
0 0.50475 0.23066666666666666 0.0035 0.016
0 0.63375 0.6543333333333333 0.0225 0.06866666666666667