0 0.12107142857142857 0.6290476190476191 0.03214285714285714 0.035238095238095235
0 0.11321428571428571 0.6576190476190477 0.030714285714285715 0.039047619047619046
0 0.10071428571428571 0.6476190476190476 0.018571428571428572 0.024761904761904763
0 0.2425 0.7323809523809524 0.030714285714285715 0.047619047619047616
0 0.20214285714285715 0.7285714285714285 0.02857142857142857 0.03619047619047619
0 0.9785714285714285 0.45 0.03571428571428571 0.04666666666666667
0 0.34285714285714286 0.3995238095238095 0.018571428571428572 0.04857142857142857
0 0.4107142857142857 0.2280952380952381 0.018571428571428572 0.05047619047619047
0 0.7053571428571429 0.2604761904761905 0.02214285714285714 0.05619047619047619
0 0.8382142857142857 0.10238095238095238 0.019285714285714285 0.05238095238095238
0 0.8514285714285714 0.05857142857142857 0.02142857142857143 0.05238095238095238