0 0.2 0.2633333333333333 0.004285714285714286 0.014285714285714285
0 0.1957142857142857 0.2704761904761905 0.004285714285714286 0.013333333333333334
0 0.19178571428571428 0.27714285714285714 0.005 0.013333333333333334
0 0.2867857142857143 0.34523809523809523 0.007857142857142858 0.025714285714285714
0 0.36678571428571427 0.27476190476190476 0.0064285714285714285 0.02
0 0.1417857142857143 0.5433333333333333 0.015 0.029523809523809525
0 0.4175 0.09857142857142857 0.0064285714285714285 0.014285714285714285
0 0.3871428571428571 0.20333333333333334 0.004285714285714286 0.02
0 0.37892857142857145 0.23238095238095238 0.007857142857142858 0.02095238095238095
0 0.5939285714285715 0.02761904761904762 0.0064285714285714285 0.02095238095238095
0 0.755 0.03428571428571429 0.005714285714285714 0.02095238095238095
0 0.7617857142857143 0.03619047619047619 0.0035714285714285713 0.02095238095238095
0 0.7532142857142857 0.005238095238095238 0.005 0.010476190476190476
0 0.7764285714285715 0.029047619047619048 0.004285714285714286 0.018095238095238095
0 0.7703571428571429 0.07952380952380952 0.0035714285714285713 0.02
0 0.7310714285714286 0.18761904761904763 0.0064285714285714285 0.022857142857142857
0 0.7282142857142857 0.24857142857142858 0.0064285714285714285 0.02666666666666667
0 0.7210714285714286 0.24904761904761905 0.0064285714285714285 0.025714285714285714
0 0.7246428571428571 0.18428571428571427 0.005 0.02
0 0.7657142857142857 0.3280952380952381 0.0014285714285714286 0.018095238095238095
0 0.7082142857142857 0.6361904761904762 0.0064285714285714285 0.02666666666666667
0 0.6860714285714286 0.6985714285714286 0.009285714285714286 0.02761904761904762
0 0.6703571428571429 0.710952380952381 0.010714285714285714 0.03142857142857143
0 0.7103571428571429 0.9733333333333334 0.007857142857142858 0.02857142857142857
0 0.8096428571428571 0.014285714285714285 0.005 0.01904761904761905
0 0.8132142857142857 0.04428571428571428 0.007857142857142858 0.02
0 0.795 0.04238095238095238 0.005714285714285714 0.021904761904761906
0 0.8264285714285714 0.05142857142857143 0.002857142857142857 0.015238095238095238
0 0.8317857142857142 0.043333333333333335 0.0035714285714285713 0.01619047619047619
0 0.8832142857142857 0.07571428571428572 0.010714285714285714 0.02