0 0.5335714285714286 0.8919047619047619 0.01 0.029523809523809525
0 0.5560714285714285 0.92 0.010714285714285714 0.03428571428571429
0 0.5453571428571429 0.9180952380952381 0.0064285714285714285 0.030476190476190476
0 0.5489285714285714 0.8028571428571428 0.015 0.02857142857142857
0 0.5142857142857142 0.4095238095238095 0.005714285714285714 0.02095238095238095
0 0.44142857142857145 0.39 0.005714285714285714 0.02761904761904762
0 0.44642857142857145 0.38857142857142857 0.004285714285714286 0.02666666666666667
0 0.4807142857142857 0.3628571428571429 0.004285714285714286 0.024761904761904763
0 0.48714285714285716 0.36238095238095236 0.008571428571428572 0.025714285714285714
0 0.5596428571428571 0.40523809523809523 0.0064285714285714285 0.018095238095238095
0 0.41714285714285715 0.72 0.01 0.024761904761904763