0 0.15714285714285714 0.07614213197969544 0.0014285714285714286 0.01015228426395939
0 0.15285714285714286 0.07804568527918782 0.0014285714285714286 0.006345177664974619
0 0.15892857142857142 0.07423857868020305 0.002142857142857143 0.006345177664974619
0 0.1675 0.08375634517766498 0.002142857142857143 0.01015228426395939
0 0.1717857142857143 0.0850253807106599 0.002142857142857143 0.01015228426395939
0 0.17035714285714285 0.23730964467005075 0.002142857142857143 0.01015228426395939
0 0.18178571428571427 0.09263959390862944 0.002142857142857143 0.007614213197969543
0 0.1875 0.10723350253807107 0.002142857142857143 0.011421319796954314
0 0.21821428571428572 0.13642131979695432 0.002142857142857143 0.008883248730964468
0 0.2532142857142857 0.13261421319796954 0.002142857142857143 0.008883248730964468
0 0.17107142857142857 0.010786802030456852 0.002142857142857143 0.006345177664974619
0 0.18535714285714286 0.0133248730964467 0.002142857142857143 0.008883248730964468
0 0.19964285714285715 0.027918781725888325 0.002142857142857143 0.007614213197969543
0 0.3132142857142857 0.05520304568527919 0.002142857142857143 0.011421319796954314
0 0.3271428571428571 0.08883248730964467 0.002857142857142857 0.01015228426395939
0 0.36142857142857143 0.1116751269035533 0.002857142857142857 0.012690355329949238
0 0.35464285714285715 0.11611675126903553 0.002142857142857143 0.011421319796954314
0 0.3703571428571429 0.1618020304568528 0.002142857142857143 0.011421319796954314
0 0.3717857142857143 0.1700507614213198 0.002142857142857143 0.012690355329949238
0 0.38357142857142856 0.16941624365482233 0.002857142857142857 0.013959390862944163
0 0.3867857142857143 0.1700507614213198 0.002142857142857143 0.01015228426395939
0 0.3925 0.16116751269035534 0.0035714285714285713 0.015228426395939087
0 0.385 0.1782994923857868 0.0014285714285714286 0.008883248730964468
0 0.38392857142857145 0.18591370558375633 0.002142857142857143 0.008883248730964468
0 0.5239285714285714 0.013959390862944163 0.002142857142857143 0.007614213197969543
0 0.6332142857142857 0.6370558375634517 0.0064285714285714285 0.025380710659898477
0 0.6532142857142857 0.7093908629441624 0.005 0.027918781725888325
0 0.6382142857142857 0.6338832487309645 0.0035714285714285713 0.0266497461928934
0 0.66 0.7055837563451777 0.004285714285714286 0.02284263959390863
0 0.7596428571428572 0.9022842639593909 0.0064285714285714285 0.027918781725888325
0 0.7721428571428571 0.8991116751269036 0.007142857142857143 0.02918781725888325