0 0.055714285714285716 0.22271573604060912 0.012857142857142857 0.0266497461928934
0 0.5228571428571429 0.06662436548223351 0.007142857142857143 0.024111675126903553
0 0.5171428571428571 0.06598984771573604 0.005714285714285714 0.02030456852791878
0 0.5125 0.06979695431472081 0.005 0.02030456852791878
0 0.5085714285714286 0.07614213197969544 0.005714285714285714 0.02284263959390863
0 0.1367857142857143 0.524746192893401 0.010714285714285714 0.024111675126903553
0 0.13071428571428573 0.5368020304568528 0.012857142857142857 0.027918781725888325
0 0.09785714285714285 0.3934010152284264 0.012857142857142857 0.030456852791878174
0 0.08964285714285715 0.4035532994923858 0.015 0.027918781725888325
0 0.10285714285714286 0.4663705583756345 0.015714285714285715 0.03426395939086294
0 0.18857142857142858 0.16751269035532995 0.008571428571428572 0.025380710659898477
0 0.3067857142857143 0.02728426395939086 0.005 0.024111675126903553
0 0.31035714285714283 0.031091370558375634 0.0064285714285714285 0.024111675126903553
0 0.32071428571428573 0.02728426395939086 0.008571428571428572 0.02918781725888325
0 0.31857142857142856 0.02601522842639594 0.01 0.02918781725888325
0 0.3167857142857143 0.021573604060913704 0.007857142857142858 0.030456852791878174