0 0.595 0.5519047619047619 0.002857142857142857 0.002857142857142857
0 0.5839285714285715 0.6090476190476191 0.002142857142857143 0.006666666666666667
0 0.6032142857142857 0.6223809523809524 0.002142857142857143 0.004761904761904762
0 0.6310714285714286 0.6266666666666667 0.002142857142857143 0.005714285714285714
0 0.5732142857142857 0.6514285714285715 0.002142857142857143 0.007619047619047619
0 0.6167857142857143 0.6657142857142857 0.002142857142857143 0.005714285714285714
0 0.6714285714285714 0.6961904761904761 0.002857142857142857 0.009523809523809525
0 0.6985714285714286 0.7085714285714285 0.002857142857142857 0.011428571428571429
0 0.56 0.8595238095238096 0.004285714285714286 0.010476190476190476
0 0.5785714285714286 0.8523809523809524 0.005714285714285714 0.017142857142857144
0 0.5532142857142858 0.7366666666666667 0.002142857142857143 0.010476190476190476