0 0.11035714285714286 0.5228426395939086 0.010714285714285714 0.025380710659898477
0 0.17392857142857143 0.5640862944162437 0.012142857142857143 0.0266497461928934
0 0.02857142857142857 0.8071065989847716 0.017142857142857144 0.04060913705583756
0 0.7789285714285714 0.9549492385786802 0.007857142857142858 0.024111675126903553
0 0.7678571428571429 0.9708121827411168 0.008571428571428572 0.02284263959390863
0 0.7525 0.9790609137055838 0.009285714285714286 0.02918781725888325
0 0.685 0.9321065989847716 0.007142857142857143 0.01903553299492386
0 0.6660714285714285 0.9232233502538071 0.007857142857142858 0.0266497461928934
0 0.6157142857142858 0.8381979695431472 0.011428571428571429 0.021573604060913704
0 0.6535714285714286 0.7626903553299492 0.007142857142857143 0.02030456852791878
0 0.7064285714285714 0.7239847715736041 0.005714285714285714 0.021573604060913704
0 0.6567857142857143 0.7017766497461929 0.005 0.02284263959390863
0 0.6471428571428571 0.6973350253807107 0.005714285714285714 0.021573604060913704
0 0.6496428571428572 0.6700507614213198 0.0064285714285714285 0.015228426395939087
0 0.7135714285714285 0.6529187817258884 0.007142857142857143 0.021573604060913704
0 0.6692857142857143 0.6427664974619289 0.008571428571428572 0.024111675126903553
0 0.6589285714285714 0.41116751269035534 0.009285714285714286 0.025380710659898477
0 0.6703571428571429 0.3546954314720812 0.0064285714285714285 0.01903553299492386
0 0.6428571428571429 0.2753807106598985 0.01 0.017766497461928935
0 0.6428571428571429 0.1199238578680203 0.005714285714285714 0.024111675126903553
0 0.5882142857142857 0.1548223350253807 0.0035714285714285713 0.015228426395939087
0 0.5810714285714286 0.14022842639593908 0.010714285714285714 0.01903553299492386
0 0.5446428571428571 0.35596446700507617 0.012142857142857143 0.024111675126903553
0 0.32 0.26078680203045684 0.007142857142857143 0.021573604060913704
0 0.5964285714285714 0.15609137055837563 0.005714285714285714 0.02030456852791878
0 0.5925 0.1548223350253807 0.005 0.017766497461928935
0 0.6014285714285714 0.15926395939086294 0.004285714285714286 0.021573604060913704
0 0.6471428571428571 0.12309644670050761 0.004285714285714286 0.02030456852791878
0 0.5857142857142857 0.17449238578680204 0.004285714285714286 0.01649746192893401
0 0.5875 0.17703045685279187 0.0035714285714285713 0.01903553299492386
0 0.5910714285714286 0.1751269035532995 0.0035714285714285713 0.017766497461928935
0 0.5925 0.17385786802030456 0.0035714285714285713 0.02030456852791878
0 0.6728571428571428 0.35913705583756345 0.005714285714285714 0.02030456852791878
0 0.7046428571428571 0.6541878172588832 0.005 0.024111675126903553
0 0.6992857142857143 0.6560913705583756 0.005714285714285714 0.017766497461928935
0 0.6942857142857143 0.6656091370558376 0.005714285714285714 0.021573604060913704
0 0.7110714285714286 0.7246192893401016 0.007857142857142858 0.017766497461928935
0 0.6953571428571429 0.9359137055837563 0.0064285714285714285 0.008883248730964468
0 0.6589285714285714 0.9206852791878173 0.0064285714285714285 0.021573604060913704
0 0.6489285714285714 0.8343908629441624 0.009285714285714286 0.01649746192893401