0 0.3078571428571429 0.4479695431472081 0.002857142857142857 0.007614213197969543
0 0.30714285714285716 0.44225888324873097 0.002857142857142857 0.008883248730964468
0 0.16285714285714287 0.5634517766497462 0.004285714285714286 0.007614213197969543
0 0.165 0.5710659898477157 0.004285714285714286 0.01015228426395939
0 0.17035714285714285 0.6046954314720813 0.0035714285714285713 0.008883248730964468
0 0.155 0.5710659898477157 0.005714285714285714 0.01015228426395939
0 0.18142857142857144 0.5425126903553299 0.0014285714285714286 0.006345177664974619
0 0.1725 0.575507614213198 0.005 0.008883248730964468
0 0.18714285714285714 0.5786802030456852 0.004285714285714286 0.01015228426395939
0 0.15464285714285714 0.7544416243654822 0.0035714285714285713 0.008883248730964468
0 0.4117857142857143 0.08565989847715735 0.002142857142857143 0.011421319796954314
0 0.4592857142857143 0.3083756345177665 0.004285714285714286 0.007614213197969543
0 0.47285714285714286 0.4631979695431472 0.002857142857142857 0.01015228426395939
0 0.47535714285714287 0.5215736040609137 0.0035714285714285713 0.007614213197969543