0 0.42325 0.2783333333333333 0.0055 0.012666666666666666
0 0.40775 0.2753333333333333 0.0065 0.012
0 0.4635 0.254 0.004 0.016
0 0.4705 0.21466666666666667 0.004 0.012
0 0.47 0.18033333333333335 0.004 0.008666666666666666
0 0.38875 0.18533333333333332 0.0025 0.012
0 0.37575 0.18966666666666668 0.0035 0.01
0 0.4165 0.18433333333333332 0.004 0.006
0 0.4485 0.15666666666666668 0.003 0.008
0 0.47225 0.14833333333333334 0.0025 0.008666666666666666
0 0.3485 0.15033333333333335 0.003 0.008666666666666666
0 0.00525 0.25166666666666665 0.0075 0.016666666666666666
0 0.019 0.24766666666666667 0.008 0.015333333333333332
0 0.62075 0.237 0.0045 0.012666666666666666
0 0.621 0.24066666666666667 0.004 0.006666666666666667
0 0.57 0.225 0.004 0.015333333333333332
0 0.58075 0.223 0.0045 0.014
0 0.57475 0.22433333333333333 0.0035 0.007333333333333333
0 0.56875 0.21466666666666667 0.0045 0.010666666666666666
0 0.55375 0.20233333333333334 0.0025 0.008666666666666666
0 0.5645 0.19966666666666666 0.003 0.014
0 0.577 0.21033333333333334 0.004 0.007333333333333333
0 0.5725 0.20966666666666667 0.003 0.012666666666666666
0 0.58275 0.20833333333333334 0.0025 0.007333333333333333
0 0.6055 0.20666666666666667 0.005 0.013333333333333334
0 0.61725 0.19766666666666666 0.0045 0.014
0 0.594 0.20666666666666667 0.003 0.006666666666666667
0 0.596 0.204 0.004 0.013333333333333334
0 0.57175 0.20433333333333334 0.0025 0.011333333333333334
0 0.572 0.19966666666666666 0.003 0.011333333333333334