0 0.14714285714285713 0.29095238095238096 0.004285714285714286 0.008571428571428572
0 0.07857142857142857 0.5776190476190476 0.007142857142857143 0.012380952380952381
0 0.017857142857142856 0.6861904761904762 0.014285714285714285 0.023809523809523808
0 0.04214285714285714 0.6761904761904762 0.007142857142857143 0.015238095238095238
0 0.030714285714285715 0.6538095238095238 0.005714285714285714 0.012380952380952381
0 0.0035714285714285713 0.689047619047619 0.007142857142857143 0.02
0 0.24107142857142858 0.4957142857142857 0.0035714285714285713 0.008571428571428572
0 0.23892857142857143 0.5304761904761904 0.005 0.013333333333333334
0 0.24464285714285713 0.5419047619047619 0.005 0.017142857142857144
0 0.27214285714285713 0.5290476190476191 0.004285714285714286 0.018095238095238095
0 0.2639285714285714 0.5347619047619048 0.005 0.018095238095238095
0 0.3296428571428571 0.5942857142857143 0.005 0.013333333333333334
0 0.33464285714285713 0.5823809523809523 0.0064285714285714285 0.014285714285714285
0 0.3492857142857143 0.5995238095238096 0.007142857142857143 0.018095238095238095
0 0.3425 0.6023809523809524 0.0064285714285714285 0.018095238095238095
0 0.25892857142857145 0.9304761904761905 0.007857142857142858 0.01904761904761905
0 0.405 0.9014285714285715 0.007142857142857143 0.021904761904761906
0 0.49464285714285716 0.8461904761904762 0.007857142857142858 0.018095238095238095
0 0.4539285714285714 0.8138095238095238 0.007857142857142858 0.02
0 0.37107142857142855 0.5504761904761905 0.0064285714285714285 0.011428571428571429
0 0.6889285714285714 0.4261904761904762 0.0035714285714285713 0.012380952380952381
0 0.22892857142857143 0.6 0.005 0.015238095238095238
0 0.22535714285714287 0.5971428571428572 0.0064285714285714285 0.009523809523809525
0 0.23642857142857143 0.6047619047619047 0.004285714285714286 0.009523809523809525
0 0.3142857142857143 0.6166666666666667 0.002857142857142857 0.012380952380952381
0 0.31035714285714283 0.6214285714285714 0.0035714285714285713 0.018095238095238095
0 0.30214285714285716 0.6152380952380953 0.005714285714285714 0.015238095238095238
0 0.30392857142857144 0.6309523809523809 0.005 0.012380952380952381
0 0.30214285714285716 0.6457142857142857 0.007142857142857143 0.01904761904761905
0 0.2889285714285714 0.628095238095238 0.0064285714285714285 0.01619047619047619
0 0.28464285714285714 0.6390476190476191 0.005 0.01904761904761905
0 0.2910714285714286 0.6457142857142857 0.0064285714285714285 0.015238095238095238
0 0.2885714285714286 0.6580952380952381 0.004285714285714286 0.017142857142857144
0 0.29428571428571426 0.6619047619047619 0.004285714285714286 0.015238095238095238
0 0.2760714285714286 0.6076190476190476 0.0035714285714285713 0.011428571428571429
0 0.2732142857142857 0.611904761904762 0.005 0.012380952380952381
0 0.2596428571428571 0.6095238095238096 0.005 0.013333333333333334
0 0.24392857142857144 0.62 0.005 0.011428571428571429
0 0.24071428571428571 0.6266666666666667 0.005714285714285714 0.011428571428571429
0 0.2507142857142857 0.6585714285714286 0.005714285714285714 0.010476190476190476
0 0.24321428571428572 0.6414285714285715 0.007857142857142858 0.008571428571428572
0 0.24428571428571427 0.6514285714285715 0.007142857142857143 0.009523809523809525
0 0.25857142857142856 0.6266666666666667 0.005714285714285714 0.017142857142857144
0 0.2664285714285714 0.6304761904761905 0.005714285714285714 0.011428571428571429
0 0.26535714285714285 0.6390476190476191 0.0064285714285714285 0.013333333333333334
0 0.26785714285714285 0.6561904761904762 0.007142857142857143 0.013333333333333334
0 0.26857142857142857 0.6657142857142857 0.004285714285714286 0.011428571428571429
0 0.2978571428571429 0.6823809523809524 0.007142857142857143 0.018095238095238095
0 0.3132142857142857 0.7047619047619048 0.009285714285714286 0.01904761904761905
0 0.31392857142857145 0.6980952380952381 0.0064285714285714285 0.013333333333333334
0 0.29428571428571426 0.7038095238095238 0.01 0.015238095238095238
0 0.30357142857142855 0.7228571428571429 0.008571428571428572 0.017142857142857144
0 0.2571428571428571 0.6852380952380952 0.005714285714285714 0.010476190476190476
0 0.2671428571428571 0.7142857142857143 0.007142857142857143 0.009523809523809525
0 0.26 0.7157142857142857 0.007142857142857143 0.010476190476190476
0 0.27214285714285713 0.7209523809523809 0.005714285714285714 0.009523809523809525
0 0.26821428571428574 0.7414285714285714 0.0064285714285714285 0.02
0 0.28464285714285714 0.74 0.007857142857142858 0.02095238095238095
0 0.30214285714285716 0.7414285714285714 0.011428571428571429 0.021904761904761906
0 0.2932142857142857 0.72 0.007857142857142858 0.015238095238095238
0 0.2832142857142857 0.7214285714285714 0.007857142857142858 0.014285714285714285
0 0.2825 0.6995238095238095 0.010714285714285714 0.018095238095238095
0 0.25035714285714283 0.6685714285714286 0.005 0.013333333333333334