0 0.23357142857142857 0.16476190476190475 0.022857142857142857 0.04380952380952381
0 0.07964285714285714 0.3119047619047619 0.020714285714285713 0.03333333333333333
0 0.18428571428571427 0.5047619047619047 0.025714285714285714 0.06476190476190476
0 0.6471428571428571 0.09523809523809523 0.008571428571428572 0.02857142857142857
0 0.6496428571428572 0.10666666666666667 0.0064285714285714285 0.02095238095238095
0 0.6660714285714285 0.12380952380952381 0.009285714285714286 0.015238095238095238
0 0.7082142857142857 0.15857142857142856 0.010714285714285714 0.040952380952380955
0 0.7160714285714286 0.16285714285714287 0.010714285714285714 0.030476190476190476
0 0.7439285714285714 0.16047619047619047 0.015 0.04476190476190476
0 0.7646428571428572 0.24 0.013571428571428571 0.04380952380952381
0 0.7557142857142857 0.2357142857142857 0.014285714285714285 0.04285714285714286
0 0.7835714285714286 0.13238095238095238 0.014285714285714285 0.04
0 0.8014285714285714 0.1457142857142857 0.014285714285714285 0.04
0 0.8810714285714286 0.16523809523809524 0.015 0.04476190476190476
0 0.8967857142857143 0.16904761904761906 0.016428571428571428 0.039047619047619046
0 0.9682142857142857 0.1261904761904762 0.020714285714285713 0.03333333333333333
0 0.7214285714285714 0.4114285714285714 0.02 0.047619047619047616
0 0.9453571428571429 0.5371428571428571 0.025 0.05904761904761905
0 0.9767857142857143 0.5357142857142857 0.023571428571428573 0.07333333333333333