0 0.5396428571428571 0.9780952380952381 0.005 0.009523809523809525
0 0.54 0.9857142857142858 0.004285714285714286 0.009523809523809525
0 0.5439285714285714 0.9742857142857143 0.0064285714285714285 0.009523809523809525
0 0.5464285714285714 0.9814285714285714 0.004285714285714286 0.008571428571428572
0 0.5457142857142857 0.9295238095238095 0.002857142857142857 0.009523809523809525
0 0.5464285714285714 0.9214285714285714 0.002857142857142857 0.006666666666666667
0 0.5435714285714286 0.8228571428571428 0.004285714285714286 0.009523809523809525
0 0.5446428571428571 0.9033333333333333 0.0035714285714285713 0.006666666666666667
0 0.5453571428571429 0.9142857142857143 0.0035714285714285713 0.005714285714285714
0 0.5467857142857143 0.8276190476190476 0.0035714285714285713 0.007619047619047619
0 0.6017857142857143 0.7252380952380952 0.005 0.008571428571428572