0 0.01425 0.715 0.0285 0.062
0 0.00725 0.684 0.0145 0.058666666666666666
0 0.4235 0.384 0.017 0.04933333333333333
0 0.63675 0.167 0.0095 0.023333333333333334
0 0.60075 0.082 0.0065 0.02266666666666667
0 0.595 0.08166666666666667 0.006 0.023333333333333334
0 0.59375 0.02266666666666667 0.0045 0.016
0 0.58875 0.02266666666666667 0.0045 0.016
0 0.57675 0.019 0.0045 0.015333333333333332
0 0.55225 0.016 0.0025 0.013333333333333334
0 0.5535 0.024 0.003 0.013333333333333334
0 0.5595 0.007333333333333333 0.003 0.009333333333333334
0 0.56175 0.015666666666666666 0.0045 0.012666666666666666
0 0.56225 0.025 0.0035 0.008666666666666666
0 0.7525 0.062 0.008 0.017333333333333333