0 0.59225 0.23133333333333334 0.0075 0.029333333333333333
0 0.645 0.236 0.008 0.02266666666666667
0 0.65475 0.25266666666666665 0.0115 0.024
0 0.644 0.25166666666666665 0.008 0.03
0 0.797 0.112 0.007 0.021333333333333333
0 0.806 0.131 0.008 0.023333333333333334
0 0.82075 0.14633333333333334 0.0095 0.020666666666666667
0 0.884 0.16466666666666666 0.011 0.02266666666666667
0 0.8565 0.22433333333333333 0.009 0.023333333333333334
0 0.8495 0.218 0.01 0.02666666666666667
0 0.853 0.3626666666666667 0.013 0.03333333333333333
0 0.90375 0.384 0.0145 0.037333333333333336
0 0.4985 0.5306666666666666 0.015 0.037333333333333336
0 0.63425 0.611 0.0145 0.042
0 0.59725 0.605 0.0125 0.035333333333333335
0 0.53125 0.615 0.0095 0.04066666666666666
0 0.52175 0.622 0.0105 0.03866666666666667
0 0.5315 0.817 0.024 0.042
0 0.5235 0.7986666666666666 0.018 0.03866666666666667
0 0.8305 0.419 0.015 0.027333333333333334
0 0.81325 0.404 0.0205 0.03333333333333333
0 0.84375 0.36733333333333335 0.0085 0.02266666666666667
0 0.85425 0.334 0.0145 0.034666666666666665
0 0.81325 0.2723333333333333 0.0125 0.03133333333333333
0 0.8965 0.3416666666666667 0.016 0.038
0 0.85675 0.30966666666666665 0.0135 0.026
0 0.82625 0.2856666666666667 0.0095 0.03133333333333333
0 0.836 0.324 0.011 0.030666666666666665
0 0.80525 0.35233333333333333 0.0125 0.022
0 0.87225 0.249 0.0125 0.03
0 0.83825 0.228 0.0125 0.024
0 0.8115 0.215 0.009 0.026
0 0.78775 0.15733333333333333 0.0065 0.02266666666666667
0 0.797 0.184 0.007 0.018666666666666668
0 0.80725 0.184 0.0055 0.02
0 0.797 0.194 0.006 0.018666666666666668
0 0.80275 0.19033333333333333 0.0055 0.020666666666666667
0 0.199 0.693 0.024 0.04466666666666667
0 0.15975 0.5173333333333333 0.0195 0.032
0 0.08825 0.5033333333333333 0.0195 0.032
0 0.0745 0.5046666666666667 0.015 0.018666666666666668
0 0.07125 0.49233333333333335 0.0135 0.019333333333333334
0 0.06525 0.49933333333333335 0.0135 0.018666666666666668
0 0.226 0.438 0.014 0.030666666666666665
0 0.24575 0.443 0.0115 0.026
0 0.2685 0.44366666666666665 0.012 0.034
0 0.299 0.457 0.015 0.035333333333333335
0 0.308 0.49133333333333334 0.014 0.03333333333333333