0 0.49357142857142855 0.05095238095238095 0.004285714285714286 0.008571428571428572
0 0.48214285714285715 0.06904761904761905 0.004285714285714286 0.010476190476190476
0 0.5342857142857143 0.034761904761904765 0.004285714285714286 0.010476190476190476
0 0.5371428571428571 0.027142857142857142 0.004285714285714286 0.006666666666666667
0 0.5907142857142857 0.018095238095238095 0.004285714285714286 0.009523809523809525
0 0.32392857142857145 0.5004761904761905 0.009285714285714286 0.018095238095238095
0 0.29678571428571426 0.56 0.007857142857142858 0.01904761904761905
0 0.2932142857142857 0.57 0.010714285714285714 0.021904761904761906
0 0.2567857142857143 0.6390476190476191 0.012142857142857143 0.017142857142857144
0 0.25392857142857145 0.6447619047619048 0.012142857142857143 0.022857142857142857
0 0.6482142857142857 0.8133333333333334 0.009285714285714286 0.01904761904761905
0 0.6464285714285715 0.8071428571428572 0.012857142857142857 0.018095238095238095
0 0.4878571428571429 0.6361904761904762 0.01 0.017142857142857144
0 0.5982142857142857 0.6147619047619047 0.010714285714285714 0.02
0 0.6585714285714286 0.6014285714285714 0.01 0.018095238095238095
0 0.6414285714285715 0.5647619047619048 0.008571428571428572 0.017142857142857144
0 0.6196428571428572 0.5038095238095238 0.007857142857142858 0.015238095238095238
0 0.6185714285714285 0.4976190476190476 0.01 0.01619047619047619
0 0.6392857142857142 0.5047619047619047 0.008571428571428572 0.011428571428571429
0 0.6392857142857142 0.5023809523809524 0.008571428571428572 0.014285714285714285
0 0.6989285714285715 0.4804761904761905 0.007857142857142858 0.023809523809523808
0 0.6714285714285714 0.44904761904761903 0.007142857142857143 0.021904761904761906
0 0.6503571428571429 0.4604761904761905 0.009285714285714286 0.014285714285714285
0 0.6317857142857143 0.4380952380952381 0.007857142857142858 0.017142857142857144
0 0.6521428571428571 0.310952380952381 0.005714285714285714 0.01619047619047619
0 0.6696428571428571 0.2652380952380952 0.007857142857142858 0.012380952380952381
0 0.6771428571428572 0.18761904761904763 0.007142857142857143 0.013333333333333334
0 0.6821428571428572 0.11571428571428571 0.005714285714285714 0.008571428571428572
0 0.6810714285714285 0.08285714285714285 0.005 0.007619047619047619
0 0.6685714285714286 0.017619047619047618 0.004285714285714286 0.010476190476190476
0 0.7057142857142857 0.26285714285714284 0.005714285714285714 0.02095238095238095