0 0.05892857142857143 0.59 0.017857142857142856 0.01619047619047619
0 0.3082142857142857 0.6752380952380952 0.012142857142857143 0.02095238095238095
0 0.24607142857142858 0.13 0.002142857142857143 0.004761904761904762
0 0.2546428571428571 0.1 0.002142857142857143 0.005714285714285714
0 0.25821428571428573 0.09 0.002142857142857143 0.004761904761904762
0 0.2325 0.15285714285714286 0.002142857142857143 0.008571428571428572
0 0.4742857142857143 0.68 0.008571428571428572 0.02095238095238095
0 0.49714285714285716 0.6647619047619048 0.007142857142857143 0.02095238095238095
0 0.6096428571428572 0.29619047619047617 0.002142857142857143 0.007619047619047619
0 0.6671428571428571 0.3076190476190476 0.004285714285714286 0.013333333333333334
0 0.6432142857142857 0.3057142857142857 0.0035714285714285713 0.011428571428571429
0 0.6985714285714286 0.3619047619047619 0.004285714285714286 0.017142857142857144
0 0.7042857142857143 0.3619047619047619 0.004285714285714286 0.01904761904761905