0 0.5703571428571429 0.7519047619047619 0.016428571428571428 0.029523809523809525
0 0.5271428571428571 0.4561904761904762 0.007142857142857143 0.022857142857142857
0 0.4953571428571429 0.3376190476190476 0.0064285714285714285 0.021904761904761906
0 0.48642857142857143 0.34476190476190477 0.007142857142857143 0.022857142857142857
0 0.4317857142857143 0.4261904761904762 0.007857142857142858 0.023809523809523808
0 0.4282142857142857 0.43142857142857144 0.005 0.017142857142857144
0 0.33 0.40095238095238095 0.007142857142857143 0.02095238095238095
0 0.32785714285714285 0.39714285714285713 0.007142857142857143 0.022857142857142857
0 0.2 0.4419047619047619 0.01 0.024761904761904763
0 0.1975 0.44571428571428573 0.012142857142857143 0.024761904761904763
0 0.05357142857142857 0.47904761904761906 0.012857142857142857 0.02857142857142857
0 0.14214285714285715 0.3819047619047619 0.011428571428571429 0.024761904761904763
0 0.1432142857142857 0.5676190476190476 0.010714285714285714 0.02666666666666667
0 0.1742857142857143 0.5671428571428572 0.011428571428571429 0.025714285714285714
0 0.19178571428571428 0.3019047619047619 0.0064285714285714285 0.01904761904761905
0 0.4164285714285714 0.2561904761904762 0.004285714285714286 0.017142857142857144
0 0.4992857142857143 0.27380952380952384 0.005714285714285714 0.01619047619047619
0 0.5025 0.28523809523809524 0.005 0.01619047619047619
0 0.5064285714285715 0.2795238095238095 0.004285714285714286 0.01619047619047619
0 0.4635714285714286 0.18761904761904763 0.004285714285714286 0.013333333333333334
0 0.46464285714285714 0.18523809523809523 0.0035714285714285713 0.012380952380952381
0 0.4496428571428571 0.680952380952381 0.013571428571428571 0.030476190476190476
0 0.5489285714285714 0.7014285714285714 0.016428571428571428 0.02761904761904762