0 0.01225 0.36933333333333335 0.0085 0.018666666666666668
0 0.0085 0.3556666666666667 0.007 0.012666666666666666
0 0.01575 0.357 0.0065 0.012666666666666666
0 0.14675 0.49566666666666664 0.0105 0.018
0 0.12775 0.48966666666666664 0.0105 0.03
0 0.3365 0.5806666666666667 0.016 0.042666666666666665
0 0.64425 0.77 0.0155 0.05733333333333333
0 0.61025 0.784 0.0205 0.04933333333333333
0 0.6105 0.7353333333333333 0.014 0.052
0 0.59025 0.7463333333333333 0.0145 0.05266666666666667
0 0.702 0.5536666666666666 0.012 0.043333333333333335
0 0.5815 0.5783333333333334 0.011 0.046
0 0.5605 0.5753333333333334 0.011 0.04666666666666667
0 0.641 0.5486666666666666 0.016 0.03866666666666667
0 0.48075 0.527 0.0095 0.043333333333333335
0 0.4685 0.5026666666666667 0.009 0.034666666666666665
0 0.497 0.507 0.012 0.03666666666666667
0 0.56425 0.5276666666666666 0.0145 0.034
0 0.76375 0.603 0.0165 0.03933333333333333
0 0.89825 0.696 0.0235 0.06133333333333333
0 0.90875 0.66 0.0195 0.05466666666666667
0 0.93 0.6226666666666667 0.022 0.048
0 0.855 0.616 0.014 0.048
0 0.8635 0.6026666666666667 0.008 0.02
0 0.791 0.591 0.02 0.03933333333333333
0 0.7425 0.5653333333333334 0.017 0.04133333333333333
0 0.7375 0.558 0.012 0.04
0 0.74575 0.5406666666666666 0.0125 0.04
0 0.58725 0.5336666666666666 0.0135 0.024666666666666667
0 0.806 0.563 0.021 0.042
0 0.733 0.38366666666666666 0.008 0.026
0 0.786 0.366 0.009 0.028
0 0.78575 0.36233333333333334 0.0055 0.014