0 0.7092857142857143 0.2303299492385787 0.007142857142857143 0.021573604060913704
0 0.7278571428571429 0.2550761421319797 0.005714285714285714 0.017766497461928935
0 0.7257142857142858 0.2639593908629442 0.008571428571428572 0.02284263959390863
0 0.7282142857142857 0.2823604060913706 0.0064285714285714285 0.01903553299492386
0 0.7271428571428571 0.2918781725888325 0.007142857142857143 0.02284263959390863
0 0.7721428571428571 0.3534263959390863 0.011428571428571429 0.01903553299492386
0 0.7810714285714285 0.3483502538071066 0.0064285714285714285 0.01903553299492386
0 0.7717857142857143 0.33756345177664976 0.009285714285714286 0.01015228426395939
0 0.8 0.46446700507614214 0.007142857142857143 0.017766497461928935
0 0.8160714285714286 0.5076142131979695 0.009285714285714286 0.017766497461928935
0 0.8260714285714286 0.5057106598984772 0.009285714285714286 0.01649746192893401
0 0.8510714285714286 0.5431472081218274 0.009285714285714286 0.02284263959390863
0 0.8714285714285714 0.5666243654822335 0.01 0.01903553299492386
0 0.8814285714285715 0.5748730964467005 0.01 0.017766497461928935
0 0.8846428571428572 0.5913705583756346 0.009285714285714286 0.02030456852791878
0 0.8917857142857143 0.5926395939086294 0.010714285714285714 0.017766497461928935
0 0.9003571428571429 0.6034263959390863 0.009285714285714286 0.01903553299492386
0 0.9085714285714286 0.6173857868020305 0.012857142857142857 0.011421319796954314
0 0.9428571428571428 0.6611675126903553 0.015714285714285715 0.02030456852791878