0 0.0625 0.6490476190476191 0.016428571428571428 0.02761904761904762
0 0.08035714285714286 0.6552380952380953 0.013571428571428571 0.01904761904761905
0 0.23535714285714285 0.5433333333333333 0.012142857142857143 0.01619047619047619
0 0.8296428571428571 0.014285714285714285 0.013571428571428571 0.02857142857142857
0 0.6539285714285714 0.039047619047619046 0.012142857142857143 0.03619047619047619
0 0.5921428571428572 0.09380952380952381 0.008571428571428572 0.035238095238095235
0 0.5282142857142857 0.04380952380952381 0.005 0.02857142857142857
0 0.5192857142857142 0.048095238095238094 0.008571428571428572 0.025714285714285714
0 0.52 0.03619047619047619 0.005714285714285714 0.02666666666666667
0 0.5175 0.03380952380952381 0.005 0.021904761904761906
0 0.14857142857142858 0.6214285714285714 0.017142857142857144 0.012380952380952381
0 0.31464285714285717 0.7380952380952381 0.015 0.022857142857142857
0 0.32535714285714284 0.7266666666666667 0.010714285714285714 0.01904761904761905
0 0.7832142857142858 0.08476190476190476 0.012142857142857143 0.024761904761904763
0 0.7282142857142857 0.3061904761904762 0.010714285714285714 0.014285714285714285