0 0.05035714285714286 0.621904761904762 0.015 0.05142857142857143
0 0.15142857142857144 0.4576190476190476 0.007142857142857143 0.029523809523809525
0 0.15928571428571428 0.4633333333333333 0.005714285714285714 0.025714285714285714
0 0.1467857142857143 0.5095238095238095 0.007857142857142858 0.03238095238095238
0 0.18 0.4861904761904762 0.008571428571428572 0.023809523809523808
0 0.5946428571428571 0.44571428571428573 0.007857142857142858 0.015238095238095238
0 0.6746428571428571 0.4742857142857143 0.0064285714285714285 0.022857142857142857
0 0.7939285714285714 0.5042857142857143 0.007857142857142858 0.023809523809523808
0 0.7985714285714286 0.5019047619047619 0.007142857142857143 0.022857142857142857
0 0.8067857142857143 0.5047619047619047 0.009285714285714286 0.022857142857142857
0 0.7275 0.45714285714285713 0.007857142857142858 0.022857142857142857
0 0.7335714285714285 0.4642857142857143 0.008571428571428572 0.012380952380952381
0 0.8875 0.5904761904761905 0.015 0.03428571428571429
0 0.9746428571428571 0.5804761904761905 0.0064285714285714285 0.023809523809523808
0 0.07071428571428572 0.5585714285714286 0.012857142857142857 0.037142857142857144
0 0.6025 0.45476190476190476 0.005 0.021904761904761906
0 0.395 0.34285714285714286 0.002857142857142857 0.009523809523809525
0 0.19178571428571428 0.37 0.005 0.014285714285714285
0 0.19714285714285715 0.37 0.007142857142857143 0.01619047619047619
0 0.18392857142857144 0.3376190476190476 0.005 0.012380952380952381
0 0.15928571428571428 0.42857142857142855 0.005714285714285714 0.02666666666666667
0 0.17 0.4257142857142857 0.007142857142857143 0.02857142857142857
0 0.7903571428571429 0.8023809523809524 0.016428571428571428 0.05047619047619047
0 0.09428571428571429 0.8990476190476191 0.025714285714285714 0.05142857142857143
0 0.2667857142857143 0.7261904761904762 0.023571428571428573 0.04666666666666667
0 0.33071428571428574 0.5804761904761905 0.014285714285714285 0.035238095238095235
0 0.4025 0.3638095238095238 0.005 0.009523809523809525
0 0.375 0.3361904761904762 0.004285714285714286 0.011428571428571429
0 0.39321428571428574 0.3538095238095238 0.0035714285714285713 0.008571428571428572
0 0.6585714285714286 0.4961904761904762 0.008571428571428572 0.017142857142857144
0 0.6385714285714286 0.4657142857142857 0.008571428571428572 0.02095238095238095
0 0.6664285714285715 0.47619047619047616 0.007142857142857143 0.022857142857142857
0 0.7542857142857143 0.4866666666666667 0.004285714285714286 0.024761904761904763
0 0.6714285714285714 0.47619047619047616 0.004285714285714286 0.02095238095238095
0 0.785 0.4685714285714286 0.005714285714285714 0.01904761904761905