0 0.10857142857142857 0.36484771573604063 0.01 0.0266497461928934
0 0.34285714285714286 0.5463197969543148 0.007142857142857143 0.024111675126903553
0 0.3464285714285714 0.5222081218274112 0.005714285714285714 0.021573604060913704
0 0.3078571428571429 0.567258883248731 0.007142857142857143 0.02284263959390863
0 0.3003571428571429 0.5621827411167513 0.0064285714285714285 0.025380710659898477
0 0.39035714285714285 0.5184010152284264 0.0064285714285714285 0.01903553299492386
0 0.41285714285714287 0.4333756345177665 0.008571428571428572 0.021573604060913704
0 0.43964285714285717 0.4651015228426396 0.005 0.01649746192893401
0 0.4210714285714286 0.4365482233502538 0.0064285714285714285 0.02030456852791878
0 0.4207142857142857 0.42576142131979694 0.005714285714285714 0.0266497461928934
0 0.7664285714285715 0.684010152284264 0.002857142857142857 0.02030456852791878
0 0.7689285714285714 0.684010152284264 0.0064285714285714285 0.017766497461928935
0 0.7739285714285714 0.6865482233502538 0.0064285714285714285 0.02030456852791878
0 0.8803571428571428 0.8902284263959391 0.009285714285714286 0.02918781725888325
0 0.8889285714285714 0.9397208121827412 0.010714285714285714 0.024111675126903553
0 0.8603571428571428 0.8870558375634517 0.0064285714285714285 0.017766497461928935
0 0.2975 0.3686548223350254 0.009285714285714286 0.01903553299492386
0 0.3107142857142857 0.3483502538071066 0.008571428571428572 0.021573604060913704
0 0.3360714285714286 0.33248730964467005 0.005 0.015228426395939087
0 0.3385714285714286 0.3197969543147208 0.007142857142857143 0.01015228426395939
0 0.34214285714285714 0.3229695431472081 0.005714285714285714 0.013959390862944163
0 0.35964285714285715 0.30456852791878175 0.0064285714285714285 0.02284263959390863
0 0.5710714285714286 0.9213197969543148 0.007857142857142858 0.02030456852791878
0 0.655 0.8280456852791879 0.007142857142857143 0.01649746192893401
0 0.6685714285714286 0.8381979695431472 0.007142857142857143 0.021573604060913704
0 0.6667857142857143 0.824238578680203 0.0035714285714285713 0.01649746192893401
0 0.7146428571428571 0.7823604060913706 0.005 0.01649746192893401
0 0.5603571428571429 0.08248730964467005 0.0064285714285714285 0.02284263959390863