0 0.07025 0.24833333333333332 0.0125 0.027333333333333334
0 0.24575 0.5343333333333333 0.0215 0.03933333333333333
0 0.3275 0.7166666666666667 0.019 0.04933333333333333
0 0.41475 0.6233333333333333 0.0175 0.03866666666666667
0 0.4545 0.613 0.019 0.042
0 0.5365 0.6286666666666667 0.018 0.048
0 0.44075 0.5613333333333334 0.0175 0.03866666666666667
0 0.50725 0.579 0.0155 0.03933333333333333
0 0.572 0.4613333333333333 0.013 0.04
0 0.44125 0.21433333333333332 0.0085 0.020666666666666667
0 0.4525 0.226 0.007 0.02666666666666667
0 0.444 0.22933333333333333 0.007 0.024
0 0.67925 0.44466666666666665 0.0155 0.036
0 0.68875 0.44266666666666665 0.0105 0.028
0 0.51125 0.36566666666666664 0.0065 0.024666666666666667
0 0.52625 0.3626666666666667 0.0095 0.03333333333333333
0 0.60225 0.346 0.0135 0.028
0 0.60025 0.3343333333333333 0.0105 0.022
0 0.99 0.6543333333333333 0.02 0.038
0 0.73725 0.4593333333333333 0.0175 0.036
0 0.9385 0.316 0.018 0.03333333333333333
0 0.94375 0.30666666666666664 0.0165 0.032
0 0.95925 0.31166666666666665 0.0165 0.019333333333333334
0 0.956 0.294 0.014 0.030666666666666665
0 0.955 0.2813333333333333 0.016 0.032
0 0.9645 0.2683333333333333 0.014 0.023333333333333334
0 0.9565 0.257 0.015 0.023333333333333334
0 0.9485 0.23433333333333334 0.016 0.03266666666666666
0 0.90875 0.26966666666666667 0.0125 0.027333333333333334
0 0.917 0.275 0.013 0.03133333333333333
0 0.92525 0.2713333333333333 0.0115 0.034666666666666665
0 0.99325 0.3 0.0135 0.036
0 0.9945 0.2866666666666667 0.011 0.032
0 0.90975 0.20466666666666666 0.0125 0.024
0 0.85075 0.38566666666666666 0.0115 0.023333333333333334
0 0.8685 0.2846666666666667 0.014 0.03333333333333333
0 0.828 0.293 0.015 0.03
0 0.809 0.382 0.015 0.02266666666666667
0 0.627 0.26066666666666666 0.008 0.029333333333333333
0 0.6615 0.25866666666666666 0.011 0.03333333333333333
0 0.673 0.254 0.01 0.028
0 0.6635 0.24266666666666667 0.009 0.02666666666666667
0 0.63375 0.22266666666666668 0.0125 0.03333333333333333
0 0.641 0.18533333333333332 0.007 0.029333333333333333
0 0.65425 0.19266666666666668 0.0095 0.030666666666666665
0 0.59975 0.198 0.0085 0.030666666666666665
0 0.59325 0.204 0.0055 0.018666666666666668
0 0.59225 0.191 0.0085 0.023333333333333334
0 0.57775 0.18266666666666667 0.0075 0.028
0 0.583 0.182 0.007 0.029333333333333333
0 0.62675 0.17033333333333334 0.0075 0.03
0 0.59525 0.165 0.0085 0.03133333333333333
0 0.59875 0.144 0.0075 0.025333333333333333
0 0.57125 0.14833333333333334 0.0075 0.026
0 0.57575 0.144 0.0055 0.018666666666666668
0 0.58 0.13866666666666666 0.005 0.021333333333333333
0 0.5845 0.13433333333333333 0.007 0.019333333333333334
0 0.777 0.14366666666666666 0.008 0.015333333333333332
0 0.79425 0.14433333333333334 0.0075 0.016666666666666666
0 0.83725 0.14933333333333335 0.0105 0.013333333333333334
0 0.84475 0.14566666666666667 0.0085 0.012666666666666666
0 0.96075 0.22966666666666666 0.0105 0.027333333333333334
0 0.78875 0.10466666666666667 0.0065 0.012
0 0.76825 0.10333333333333333 0.0085 0.024
0 0.78375 0.08933333333333333 0.0075 0.02266666666666667
0 0.7465 0.086 0.008 0.025333333333333333
0 0.656 0.10933333333333334 0.014 0.016
0 0.6215 0.12866666666666668 0.005 0.02
0 0.4935 0.13333333333333333 0.005 0.024
0 0.56125 0.11233333333333333 0.0075 0.018
0 0.57325 0.07 0.0055 0.02
0 0.57225 0.06266666666666666 0.0055 0.016
0 0.56475 0.056666666666666664 0.0075 0.013333333333333334
0 0.556 0.058333333333333334 0.005 0.022
0 0.611 0.047 0.007 0.019333333333333334
0 0.582 0.054 0.007 0.021333333333333333
0 0.5285 0.028333333333333332 0.005 0.018