0 0.8625 0.9323333333333333 0.028 0.027333333333333334
0 0.8795 0.9343333333333333 0.03 0.026
0 0.8155 0.8583333333333333 0.027 0.04066666666666666
0 0.75775 0.7966666666666666 0.0235 0.03333333333333333
0 0.78175 0.8883333333333333 0.0285 0.034
0 0.745 0.7216666666666667 0.027 0.034
0 0.73225 0.767 0.0145 0.03666666666666667
0 0.67475 0.77 0.0305 0.028
0 0.59625 0.5816666666666667 0.0165 0.04466666666666667
0 0.64 0.586 0.015 0.042666666666666665
0 0.5955 0.36233333333333334 0.012 0.038
0 0.7385 0.43066666666666664 0.016 0.02266666666666667
0 0.73 0.435 0.015 0.027333333333333334
0 0.446 0.31633333333333336 0.012 0.03666666666666667
0 0.479 0.26966666666666667 0.008 0.035333333333333335
0 0.17625 0.132 0.0135 0.034666666666666665
0 0.245 0.067 0.011 0.03