0 0.31464285714285717 0.044416243654822336 0.0064285714285714285 0.017766497461928935
0 0.33464285714285713 0.07677664974619289 0.005 0.01649746192893401
0 0.36714285714285716 0.08121827411167512 0.004285714285714286 0.015228426395939087
0 0.37142857142857144 0.08946700507614214 0.004285714285714286 0.013959390862944163
0 0.3632142857142857 0.06535532994923858 0.005 0.01649746192893401
0 0.375 0.07296954314720812 0.004285714285714286 0.01649746192893401
0 0.3492857142857143 0.06662436548223351 0.004285714285714286 0.008883248730964468
0 0.37107142857142855 0.06535532994923858 0.0035714285714285713 0.013959390862944163
0 0.3732142857142857 0.061548223350253804 0.002142857142857143 0.013959390862944163
0 0.5967857142857143 0.8299492385786802 0.0035714285714285713 0.012690355329949238
0 0.5757142857142857 0.8064720812182741 0.004285714285714286 0.008883248730964468
0 0.5771428571428572 0.799492385786802 0.004285714285714286 0.007614213197969543
0 0.6721428571428572 0.5913705583756346 0.005714285714285714 0.007614213197969543
0 0.7178571428571429 0.6440355329949239 0.004285714285714286 0.011421319796954314
0 0.5289285714285714 0.01967005076142132 0.005 0.013959390862944163
0 0.6232142857142857 0.3039340101522843 0.007857142857142858 0.013959390862944163
0 0.62 0.5824873096446701 0.005714285714285714 0.007614213197969543
0 0.6132142857142857 0.6021573604060914 0.005 0.011421319796954314
0 0.6535714285714286 0.5475888324873096 0.004285714285714286 0.011421319796954314
0 0.8225 0.6554568527918782 0.005 0.011421319796954314
0 0.8889285714285714 0.6472081218274112 0.0035714285714285713 0.012690355329949238
0 0.9353571428571429 0.6529187817258884 0.0064285714285714285 0.013959390862944163
0 0.8253571428571429 0.6300761421319797 0.0035714285714285713 0.008883248730964468
0 0.8885714285714286 0.10469543147208121 0.004285714285714286 0.011421319796954314
0 0.805 0.14784263959390864 0.007142857142857143 0.013959390862944163