0 0.275 0.0983502538071066 0.002857142857142857 0.011421319796954314
0 0.29178571428571426 0.10279187817258884 0.0035714285714285713 0.012690355329949238
0 0.2760714285714286 0.09581218274111675 0.0035714285714285713 0.008883248730964468
0 0.295 0.10469543147208121 0.002857142857142857 0.013959390862944163
0 0.3053571428571429 0.10406091370558376 0.002142857142857143 0.01015228426395939
0 0.08321428571428571 0.20304568527918782 0.002142857142857143 0.01015228426395939
0 0.04428571428571428 0.925761421319797 0.005714285714285714 0.013959390862944163
0 0.17035714285714285 0.6871827411167513 0.005 0.01649746192893401
0 0.19785714285714287 0.6040609137055838 0.004285714285714286 0.01015228426395939
0 0.1457142857142857 0.7341370558375635 0.004285714285714286 0.01649746192893401
0 0.15142857142857144 0.7068527918781726 0.005714285714285714 0.015228426395939087
0 0.1475 0.7062182741116751 0.0064285714285714285 0.011421319796954314
0 0.14785714285714285 0.7354060913705583 0.004285714285714286 0.01649746192893401
0 0.24428571428571427 0.5615482233502538 0.005714285714285714 0.011421319796954314
0 0.42892857142857144 0.608502538071066 0.005 0.013959390862944163
0 0.6275 0.6459390862944162 0.0064285714285714285 0.015228426395939087
0 0.41678571428571426 0.6154822335025381 0.0035714285714285713 0.012690355329949238
0 0.8689285714285714 0.6675126903553299 0.005 0.01015228426395939
0 0.8771428571428571 0.6440355329949239 0.005714285714285714 0.01649746192893401
0 0.83 0.6656091370558376 0.004285714285714286 0.013959390862944163
0 0.9014285714285715 0.7131979695431472 0.005714285714285714 0.015228426395939087
0 0.8707142857142857 0.6960659898477157 0.004285714285714286 0.013959390862944163
0 0.9489285714285715 0.7309644670050761 0.0064285714285714285 0.012690355329949238