0 0.08107142857142857 0.16142857142857142 0.009285714285714286 0.02
0 0.2839285714285714 0.5576190476190476 0.015 0.037142857142857144
0 0.2739285714285714 0.5828571428571429 0.015 0.04
0 0.6075 0.5547619047619048 0.009285714285714286 0.029523809523809525
0 0.6017857142857143 0.5480952380952381 0.009285714285714286 0.03142857142857143
0 0.6367857142857143 0.4519047619047619 0.012142857142857143 0.029523809523809525
0 0.6657142857142857 0.3823809523809524 0.008571428571428572 0.03333333333333333
0 0.6860714285714286 0.39380952380952383 0.007857142857142858 0.03333333333333333
0 0.6771428571428572 0.3933333333333333 0.008571428571428572 0.03238095238095238
0 0.6771428571428572 0.38142857142857145 0.008571428571428572 0.035238095238095235
0 0.6921428571428572 0.38333333333333336 0.005714285714285714 0.029523809523809525
0 0.7160714285714286 0.25666666666666665 0.0064285714285714285 0.023809523809523808
0 0.7125 0.2542857142857143 0.007857142857142858 0.022857142857142857
0 0.7396428571428572 0.2342857142857143 0.007857142857142858 0.024761904761904763
0 0.7478571428571429 0.2 0.007142857142857143 0.02095238095238095
0 0.7539285714285714 0.1980952380952381 0.0064285714285714285 0.02095238095238095
0 0.6485714285714286 0.04238095238095238 0.004285714285714286 0.012380952380952381