0 0.6582142857142858 0.7880952380952381 0.0064285714285714285 0.014285714285714285
0 0.35 0.8561904761904762 0.007142857142857143 0.024761904761904763
0 0.18964285714285714 0.8742857142857143 0.007857142857142858 0.02666666666666667
0 0.2621428571428571 0.9 0.008571428571428572 0.02666666666666667
0 0.2567857142857143 0.8985714285714286 0.0064285714285714285 0.03142857142857143
0 0.2517857142857143 0.8952380952380953 0.005 0.02666666666666667
0 0.31607142857142856 0.7166666666666667 0.005 0.01619047619047619
0 0.48857142857142855 0.7295238095238096 0.005714285714285714 0.017142857142857144
0 0.49607142857142855 0.7209523809523809 0.0035714285714285713 0.015238095238095238
0 0.5121428571428571 0.7123809523809523 0.004285714285714286 0.017142857142857144
0 0.5264285714285715 0.700952380952381 0.002857142857142857 0.009523809523809525
0 0.5228571428571429 0.699047619047619 0.004285714285714286 0.015238095238095238
0 0.4692857142857143 0.628095238095238 0.002857142857142857 0.010476190476190476
0 0.44571428571428573 0.6242857142857143 0.002857142857142857 0.008571428571428572
0 0.4875 0.5928571428571429 0.002142857142857143 0.006666666666666667
0 0.48035714285714287 0.5885714285714285 0.002142857142857143 0.007619047619047619
0 0.4903571428571429 0.5871428571428572 0.002142857142857143 0.006666666666666667
0 0.4878571428571429 0.5871428571428572 0.002857142857142857 0.008571428571428572
0 0.48964285714285716 0.580952380952381 0.002142857142857143 0.007619047619047619
0 0.5067857142857143 0.5719047619047619 0.002142857142857143 0.006666666666666667