0 0.21071428571428572 0.2614213197969543 0.005714285714285714 0.017766497461928935
0 0.2857142857142857 0.26586294416243655 0.002857142857142857 0.008883248730964468
0 0.28785714285714287 0.2620558375634518 0.002857142857142857 0.011421319796954314
0 0.32285714285714284 0.25317258883248733 0.002857142857142857 0.008883248730964468
0 0.25607142857142856 0.25380710659898476 0.0035714285714285713 0.01015228426395939
0 0.245 0.2569796954314721 0.002857142857142857 0.011421319796954314
0 0.23642857142857143 0.2563451776649746 0.004285714285714286 0.01015228426395939
0 0.21678571428571428 0.25571065989847713 0.0035714285714285713 0.011421319796954314
0 0.2042857142857143 0.25571065989847713 0.004285714285714286 0.011421319796954314
0 0.18107142857142858 0.2569796954314721 0.0035714285714285713 0.008883248730964468
0 0.1717857142857143 0.2614213197969543 0.0035714285714285713 0.012690355329949238
0 0.17035714285714285 0.2645939086294416 0.0035714285714285713 0.011421319796954314
0 0.13107142857142856 0.3020304568527919 0.0035714285714285713 0.012690355329949238
0 0.11214285714285714 0.31281725888324874 0.004285714285714286 0.011421319796954314
0 0.09178571428571429 0.30583756345177665 0.0035714285714285713 0.015228426395939087
0 0.08642857142857142 0.30583756345177665 0.004285714285714286 0.01015228426395939