0 0.30214285714285716 0.27 0.008571428571428572 0.012380952380952381
0 0.3610714285714286 0.2561904761904762 0.005 0.013333333333333334
0 0.2307142857142857 0.2776190476190476 0.007142857142857143 0.014285714285714285
0 0.5375 0.3414285714285714 0.0064285714285714285 0.03142857142857143
0 0.5232142857142857 0.33904761904761904 0.007857142857142858 0.03238095238095238
0 0.5125 0.3485714285714286 0.007857142857142858 0.02095238095238095
0 0.5085714285714286 0.33714285714285713 0.01 0.01904761904761905
0 0.48 0.3395238095238095 0.008571428571428572 0.018095238095238095
0 0.46464285714285714 0.3342857142857143 0.0064285714285714285 0.024761904761904763
0 0.4542857142857143 0.31857142857142856 0.005714285714285714 0.021904761904761906
0 0.4732142857142857 0.3171428571428571 0.005 0.01904761904761905
0 0.48392857142857143 0.3295238095238095 0.007857142857142858 0.017142857142857144
0 0.03428571428571429 0.3819047619047619 0.008571428571428572 0.013333333333333334
0 0.009285714285714286 0.38095238095238093 0.008571428571428572 0.015238095238095238