0 0.136 0.9446666666666667 0.008 0.02
0 0.10925 0.9496666666666667 0.0085 0.014
0 0.1235 0.9376666666666666 0.009 0.022
0 0.19325 0.7713333333333333 0.0065 0.018666666666666668
0 0.20025 0.766 0.0065 0.016
0 0.23525 0.747 0.0065 0.016666666666666666
0 0.23375 0.739 0.0065 0.018
0 0.60875 0.6373333333333333 0.0035 0.012
0 0.4225 0.44 0.003 0.009333333333333334
0 0.42725 0.4106666666666667 0.0035 0.008
0 0.4175 0.41133333333333333 0.003 0.006666666666666667
0 0.4115 0.4043333333333333 0.003 0.008666666666666666
0 0.56525 0.417 0.0025 0.008666666666666666
0 0.82525 0.975 0.0075 0.019333333333333334