0 0.9521428571428572 0.43333333333333335 0.02142857142857143 0.0419047619047619
0 0.7646428571428572 0.2895238095238095 0.009285714285714286 0.022857142857142857
0 0.6514285714285715 0.11333333333333333 0.004285714285714286 0.015238095238095238
0 0.5939285714285715 0.06761904761904762 0.0035714285714285713 0.013333333333333334
0 0.5896428571428571 0.06714285714285714 0.005 0.012380952380952381
0 0.5775 0.05761904761904762 0.005 0.014285714285714285
0 0.5017857142857143 0.6114285714285714 0.016428571428571428 0.05142857142857143
0 0.5482142857142858 0.37761904761904763 0.013571428571428571 0.04285714285714286
0 0.46285714285714286 0.2357142857142857 0.008571428571428572 0.02761904761904762
0 0.4903571428571429 0.13428571428571429 0.0035714285714285713 0.013333333333333334
0 0.49392857142857144 0.1319047619047619 0.005 0.014285714285714285
0 0.5007142857142857 0.15095238095238095 0.004285714285714286 0.01619047619047619
0 0.45 0.11428571428571428 0.004285714285714286 0.013333333333333334
0 0.4517857142857143 0.08904761904761904 0.0035714285714285713 0.014285714285714285
0 0.48 0.06285714285714286 0.002857142857142857 0.009523809523809525
0 0.4942857142857143 0.05333333333333334 0.002857142857142857 0.009523809523809525
0 0.4967857142857143 0.054285714285714284 0.002142857142857143 0.009523809523809525
0 0.49392857142857144 0.040952380952380955 0.002142857142857143 0.007619047619047619
0 0.49714285714285716 0.0419047619047619 0.002857142857142857 0.007619047619047619
0 0.49464285714285716 0.032857142857142856 0.0035714285714285713 0.008571428571428572