0 0.5478571428571428 0.6 0.008571428571428572 0.024761904761904763
0 0.5478571428571428 0.5895238095238096 0.008571428571428572 0.024761904761904763
0 0.5725 0.599047619047619 0.010714285714285714 0.017142857142857144
0 0.3335714285714286 0.6409523809523809 0.014285714285714285 0.02095238095238095
0 0.32035714285714284 0.6152380952380953 0.015 0.015238095238095238
0 0.5825 0.6628571428571428 0.010714285714285714 0.017142857142857144
0 0.5639285714285714 0.49857142857142855 0.010714285714285714 0.023809523809523808
0 0.5717857142857142 0.49047619047619045 0.010714285714285714 0.01904761904761905
0 0.5082142857142857 0.5242857142857142 0.016428571428571428 0.018095238095238095
0 0.47035714285714286 0.49476190476190474 0.015 0.018095238095238095
0 0.4882142857142857 0.4785714285714286 0.017857142857142856 0.018095238095238095
0 0.5196428571428572 0.47714285714285715 0.010714285714285714 0.02095238095238095
0 0.5167857142857143 0.44952380952380955 0.010714285714285714 0.022857142857142857
0 0.5339285714285714 0.48238095238095235 0.015 0.021904761904761906
0 0.8467857142857143 0.47714285714285715 0.017857142857142856 0.017142857142857144
0 0.5425 0.2914285714285714 0.010714285714285714 0.01904761904761905
0 0.5414285714285715 0.2604761904761905 0.008571428571428572 0.029523809523809525
0 0.5346428571428572 0.14809523809523809 0.009285714285714286 0.029523809523809525
0 0.5328571428571428 0.11666666666666667 0.008571428571428572 0.02761904761904762
0 0.5360714285714285 0.022857142857142857 0.010714285714285714 0.024761904761904763
0 0.4525 0.4461904761904762 0.013571428571428571 0.014285714285714285
0 0.4667857142857143 0.4380952380952381 0.012142857142857143 0.017142857142857144
0 0.37892857142857145 0.4861904761904762 0.013571428571428571 0.02
0 0.5457142857142857 0.9723809523809523 0.015714285714285715 0.02666666666666667