0 0.4235714285714286 0.19289340101522842 0.002857142857142857 0.01015228426395939
0 0.4085714285714286 0.37055837563451777 0.002857142857142857 0.012690355329949238
0 0.7042857142857143 0.15101522842639595 0.002857142857142857 0.01015228426395939
0 0.71 0.12563451776649745 0.002857142857142857 0.01015228426395939
0 0.7432142857142857 0.20939086294416243 0.0035714285714285713 0.012690355329949238
0 0.6246428571428572 0.41053299492385786 0.0035714285714285713 0.013959390862944163
0 0.6221428571428571 0.4549492385786802 0.002857142857142857 0.011421319796954314
0 0.8010714285714285 0.1319796954314721 0.002142857142857143 0.007614213197969543
0 0.8032142857142858 0.1313451776649746 0.002142857142857143 0.008883248730964468
0 0.8332142857142857 0.09644670050761421 0.0035714285714285713 0.01015228426395939
0 0.8792857142857143 0.258248730964467 0.002857142857142857 0.008883248730964468
0 0.8439285714285715 0.2366751269035533 0.002142857142857143 0.008883248730964468
0 0.8278571428571428 0.32741116751269034 0.002857142857142857 0.01015228426395939
0 0.8307142857142857 0.33185279187817257 0.002857142857142857 0.011421319796954314
0 0.8703571428571428 0.4213197969543147 0.0035714285714285713 0.012690355329949238
0 0.8314285714285714 0.4606598984771574 0.004285714285714286 0.01015228426395939
0 0.7967857142857143 0.7652284263959391 0.0035714285714285713 0.012690355329949238
0 0.7864285714285715 0.7760152284263959 0.004285714285714286 0.013959390862944163
0 0.9242857142857143 0.20812182741116753 0.004285714285714286 0.012690355329949238
0 0.9617857142857142 0.24936548223350255 0.0035714285714285713 0.011421319796954314
0 0.9585714285714285 0.25 0.002857142857142857 0.01015228426395939
0 0.9575 0.23921319796954316 0.0035714285714285713 0.011421319796954314
0 0.9453571428571429 0.22842639593908629 0.0035714285714285713 0.01015228426395939
0 0.9496428571428571 0.233502538071066 0.0035714285714285713 0.012690355329949238
0 0.9442857142857143 0.24048223350253808 0.004285714285714286 0.008883248730964468
0 0.9382142857142857 0.21065989847715735 0.0035714285714285713 0.012690355329949238
0 0.9317857142857143 0.2131979695431472 0.0035714285714285713 0.01015228426395939
0 0.9342857142857143 0.21446700507614214 0.002857142857142857 0.01015228426395939
0 0.9328571428571428 0.20939086294416243 0.002857142857142857 0.01015228426395939
0 0.8964285714285715 0.6078680203045685 0.004285714285714286 0.007614213197969543