0 0.015714285714285715 0.03553299492385787 0.01 0.02030456852791878
0 0.09821428571428571 0.03934010152284264 0.0064285714285714285 0.017766497461928935
0 0.09464285714285714 0.03616751269035533 0.0064285714285714285 0.01903553299492386
0 0.14821428571428572 0.07741116751269035 0.007857142857142858 0.02284263959390863
0 0.1732142857142857 0.108502538071066 0.007857142857142858 0.021573604060913704
0 0.16892857142857143 0.11357868020304568 0.009285714285714286 0.021573604060913704
0 0.38535714285714284 0.3616751269035533 0.0064285714285714285 0.02030456852791878
0 0.3807142857142857 0.3686548223350254 0.007142857142857143 0.021573604060913704
0 0.20892857142857144 0.9416243654822335 0.015 0.02284263959390863
0 0.16607142857142856 0.8286802030456852 0.010714285714285714 0.017766497461928935
0 0.16357142857142856 0.7519035532994924 0.012857142857142857 0.0266497461928934
0 0.11857142857142858 0.7296954314720813 0.011428571428571429 0.02284263959390863
0 0.12035714285714286 0.700507614213198 0.010714285714285714 0.025380710659898477
0 0.022857142857142857 0.5101522842639594 0.03428571428571429 0.04568527918781726