0 0.5010714285714286 0.07741116751269035 0.002142857142857143 0.007614213197969543
0 0.40035714285714286 0.3819796954314721 0.0035714285714285713 0.015228426395939087
0 0.3925 0.44543147208121825 0.002142857142857143 0.012690355329949238
0 0.3435714285714286 0.8978426395939086 0.004285714285714286 0.01649746192893401
0 0.3460714285714286 0.8845177664974619 0.0035714285714285713 0.017766497461928935
0 0.35714285714285715 0.8826142131979695 0.004285714285714286 0.01903553299492386
0 0.3582142857142857 0.833756345177665 0.0035714285714285713 0.015228426395939087
0 0.36178571428571427 0.8261421319796954 0.0035714285714285713 0.015228426395939087
0 0.36357142857142855 0.8191624365482234 0.004285714285714286 0.013959390862944163
0 0.36357142857142855 0.8153553299492385 0.002857142857142857 0.013959390862944163
0 0.36642857142857144 0.8058375634517766 0.004285714285714286 0.015228426395939087
0 0.3675 0.7975888324873096 0.0035714285714285713 0.011421319796954314
0 0.36857142857142855 0.791243654822335 0.004285714285714286 0.011421319796954314
0 0.36964285714285716 0.7804568527918782 0.0035714285714285713 0.02030456852791878
0 0.36642857142857144 0.7804568527918782 0.004285714285714286 0.015228426395939087
0 0.3557142857142857 0.8236040609137056 0.002857142857142857 0.01015228426395939
0 0.35535714285714287 0.8071065989847716 0.0035714285714285713 0.015228426395939087
0 0.3575 0.7931472081218274 0.0035714285714285713 0.02030456852791878
0 0.5207142857142857 0.5038071065989848 0.002857142857142857 0.012690355329949238
0 0.5260714285714285 0.5355329949238579 0.0035714285714285713 0.015228426395939087
0 0.5307142857142857 0.5406091370558376 0.002857142857142857 0.015228426395939087
0 0.5510714285714285 0.5717005076142132 0.0035714285714285713 0.01649746192893401
0 0.5689285714285715 0.9847715736040609 0.005 0.02284263959390863