0 0.14714285714285713 0.17333333333333334 0.011428571428571429 0.02857142857142857
0 0.14535714285714285 0.16142857142857142 0.009285714285714286 0.021904761904761906
0 0.07857142857142857 0.5614285714285714 0.02857142857142857 0.025714285714285714
0 0.03857142857142857 0.7047619047619048 0.02857142857142857 0.024761904761904763
0 0.15535714285714286 0.5995238095238096 0.019285714285714285 0.02761904761904762
0 0.24392857142857144 0.4804761904761905 0.016428571428571428 0.02761904761904762
0 0.35035714285714287 0.34 0.013571428571428571 0.022857142857142857
0 0.3767857142857143 0.3361904761904762 0.013571428571428571 0.022857142857142857
0 0.7967857142857143 0.08904761904761904 0.009285714285714286 0.03142857142857143
0 0.8392857142857143 0.21714285714285714 0.012857142857142857 0.03238095238095238
0 0.9885714285714285 0.6838095238095238 0.02142857142857143 0.024761904761904763
0 0.9246428571428571 0.30952380952380953 0.012142857142857143 0.03428571428571429
0 0.93 0.42428571428571427 0.007142857142857143 0.014285714285714285
0 0.935 0.4261904761904762 0.015714285714285715 0.029523809523809525
0 0.9082142857142858 0.5204761904761904 0.02214285714285714 0.02761904761904762
0 0.8546428571428571 0.5447619047619048 0.015 0.02666666666666667
0 0.8489285714285715 0.05142857142857143 0.016428571428571428 0.03428571428571429