0 0.7021428571428572 0.8610406091370558 0.01 0.03426395939086294
0 0.6317857142857143 0.7480964467005076 0.007857142857142858 0.02918781725888325
0 0.6867857142857143 0.6878172588832487 0.0064285714285714285 0.030456852791878174
0 0.6025 0.6154822335025381 0.007857142857142858 0.027918781725888325
0 0.5810714285714286 0.5939086294416244 0.0064285714285714285 0.025380710659898477
0 0.35464285714285715 0.5348984771573604 0.0064285714285714285 0.02918781725888325
0 0.5014285714285714 0.5387055837563451 0.005714285714285714 0.024111675126903553
0 0.45 0.10723350253807107 0.002857142857142857 0.013959390862944163
0 0.45357142857142857 0.10723350253807107 0.002857142857142857 0.013959390862944163
0 0.45571428571428574 0.108502538071066 0.002857142857142857 0.013959390862944163
0 0.5267857142857143 0.10025380710659898 0.0035714285714285713 0.012690355329949238
0 0.4607142857142857 0.06091370558375635 0.002857142857142857 0.012690355329949238
0 0.4585714285714286 0.061548223350253804 0.002857142857142857 0.011421319796954314
0 0.45964285714285713 0.053934010152284266 0.002142857142857143 0.008883248730964468
0 0.4607142857142857 0.05139593908629442 0.002857142857142857 0.008883248730964468
0 0.465 0.05266497461928934 0.002857142857142857 0.013959390862944163
0 0.4714285714285714 0.022208121827411168 0.002857142857142857 0.011421319796954314