0 0.7817857142857143 0.3902284263959391 0.005 0.01649746192893401
0 0.7782142857142857 0.38578680203045684 0.005 0.017766497461928935
0 0.8264285714285714 0.36928934010152287 0.004285714285714286 0.02030456852791878
0 0.575 0.9593908629441624 0.01 0.025380710659898477
0 0.2507142857142857 0.7246192893401016 0.007142857142857143 0.02284263959390863
0 0.2567857142857143 0.7151015228426396 0.007857142857142858 0.0266497461928934
0 0.23392857142857143 0.7176395939086294 0.009285714285714286 0.024111675126903553
0 0.2382142857142857 0.7106598984771574 0.009285714285714286 0.030456852791878174
0 0.24107142857142858 0.991751269035533 0.009285714285714286 0.013959390862944163
0 0.14892857142857144 0.5628172588832487 0.007857142857142858 0.024111675126903553
0 0.15428571428571428 0.5552030456852792 0.005714285714285714 0.01903553299492386
0 0.165 0.5215736040609137 0.005714285714285714 0.02030456852791878
0 0.20285714285714285 0.3623096446700508 0.005714285714285714 0.013959390862944163
0 0.18321428571428572 0.38451776649746194 0.0064285714285714285 0.017766497461928935
0 0.24285714285714285 0.3464467005076142 0.004285714285714286 0.015228426395939087
0 0.13642857142857143 0.41814720812182743 0.004285714285714286 0.01903553299492386
0 0.13214285714285715 0.4118020304568528 0.004285714285714286 0.01903553299492386
0 0.1325 0.3934010152284264 0.005 0.017766497461928935
0 0.12607142857142858 0.39911167512690354 0.0064285714285714285 0.021573604060913704
0 0.1025 0.2956852791878173 0.005 0.017766497461928935
0 0.09785714285714285 0.29378172588832485 0.004285714285714286 0.01903553299492386
0 0.09035714285714286 0.29885786802030456 0.005 0.013959390862944163
0 0.0225 0.2652284263959391 0.0035714285714285713 0.015228426395939087
0 0.019285714285714285 0.2652284263959391 0.005714285714285714 0.015228426395939087
0 0.013571428571428571 0.26586294416243655 0.004285714285714286 0.013959390862944163
0 0.015 0.25317258883248733 0.005714285714285714 0.013959390862944163
0 0.010714285714285714 0.25380710659898476 0.004285714285714286 0.015228426395939087
0 0.43464285714285716 0.2772842639593909 0.005 0.01649746192893401
0 0.42642857142857143 0.2779187817258883 0.004285714285714286 0.017766497461928935
0 0.42678571428571427 0.28553299492385786 0.005 0.012690355329949238
0 0.43107142857142855 0.2848984771573604 0.005 0.011421319796954314