0 0.36964285714285716 0.2557142857142857 0.007857142857142858 0.02
0 0.38571428571428573 0.4861904761904762 0.005714285714285714 0.01619047619047619
0 0.39 0.4795238095238095 0.007142857142857143 0.01619047619047619
0 0.39714285714285713 0.4757142857142857 0.007142857142857143 0.01619047619047619
0 0.4025 0.4738095238095238 0.0064285714285714285 0.012380952380952381
0 0.4135714285714286 0.4766666666666667 0.008571428571428572 0.018095238095238095
0 0.026785714285714284 0.9676190476190476 0.017857142857142856 0.011428571428571429
0 0.37535714285714283 0.8776190476190476 0.010714285714285714 0.010476190476190476
0 0.38321428571428573 0.9147619047619048 0.010714285714285714 0.01619047619047619
0 0.42178571428571426 0.9104761904761904 0.010714285714285714 0.015238095238095238
0 0.3460714285714286 0.7457142857142857 0.009285714285714286 0.011428571428571429
0 0.6078571428571429 0.7480952380952381 0.012857142857142857 0.01619047619047619
0 0.5667857142857143 0.7228571428571429 0.009285714285714286 0.017142857142857144
0 0.8160714285714286 0.7452380952380953 0.013571428571428571 0.018095238095238095
0 0.8410714285714286 0.7823809523809524 0.012142857142857143 0.010476190476190476
0 0.8621428571428571 0.7338095238095238 0.01 0.012380952380952381
0 0.6178571428571429 0.7209523809523809 0.01 0.009523809523809525
0 0.8978571428571429 0.7533333333333333 0.011428571428571429 0.015238095238095238
0 0.48214285714285715 0.5638095238095238 0.01 0.013333333333333334
0 0.41285714285714287 0.08952380952380952 0.007142857142857143 0.007619047619047619
0 0.41214285714285714 0.08619047619047619 0.005714285714285714 0.012380952380952381
0 0.4617857142857143 0.015714285714285715 0.005 0.012380952380952381
0 0.4278571428571429 0.3423809523809524 0.007142857142857143 0.014285714285714285