0 0.6175 0.939047619047619 0.009285714285714286 0.013333333333333334
0 0.6325 0.9076190476190477 0.007857142857142858 0.013333333333333334
0 0.5242857142857142 0.9761904761904762 0.008571428571428572 0.017142857142857144
0 0.5110714285714286 0.9685714285714285 0.009285714285714286 0.022857142857142857
0 0.5535714285714286 0.8357142857142857 0.007142857142857143 0.02
0 0.5417857142857143 0.8128571428571428 0.009285714285714286 0.02
0 0.5425 0.800952380952381 0.010714285714285714 0.011428571428571429
0 0.5407142857142857 0.5795238095238096 0.007142857142857143 0.01619047619047619
0 0.5389285714285714 0.5795238095238096 0.0035714285714285713 0.010476190476190476
0 0.5353571428571429 0.5361904761904762 0.009285714285714286 0.02095238095238095
0 0.5346428571428572 0.4423809523809524 0.007857142857142858 0.012380952380952381
0 0.5439285714285714 0.44047619047619047 0.007857142857142858 0.010476190476190476