0 0.31464285714285717 0.14285714285714285 0.015 0.045714285714285714
0 0.33964285714285714 0.09714285714285714 0.012142857142857143 0.0380952380952381
0 0.3439285714285714 0.05952380952380952 0.013571428571428571 0.037142857142857144
0 0.4785714285714286 0.14904761904761904 0.015714285714285715 0.039047619047619046
0 0.495 0.1457142857142857 0.017142857142857144 0.045714285714285714
0 0.4832142857142857 0.12285714285714286 0.010714285714285714 0.04380952380952381
0 0.37892857142857145 0.5066666666666667 0.023571428571428573 0.05714285714285714
0 0.25 0.8095238095238095 0.027142857142857142 0.045714285714285714
0 0.2292857142857143 0.7928571428571428 0.02142857142857143 0.06
0 0.7221428571428572 0.21571428571428572 0.015714285714285715 0.04476190476190476
0 0.9075 0.43666666666666665 0.02642857142857143 0.06190476190476191