0 0.2405 0.942 0.023 0.09333333333333334
0 0.2575 0.9513333333333334 0.028 0.09733333333333333
0 0.318 0.831 0.017 0.07266666666666667
0 0.41325 0.7003333333333334 0.0095 0.03933333333333333
0 0.45125 0.7623333333333333 0.0105 0.05266666666666667
0 0.49375 0.7823333333333333 0.0155 0.06466666666666666
0 0.446 0.7393333333333333 0.01 0.04933333333333333
0 0.461 0.7263333333333334 0.014 0.03933333333333333
0 0.47425 0.7476666666666667 0.0125 0.051333333333333335
0 0.49825 0.749 0.0145 0.054
0 0.5235 0.8676666666666667 0.026 0.08466666666666667
0 0.6055 0.979 0.026 0.042
0 0.723 0.984 0.03 0.032
0 0.848 0.8486666666666667 0.014 0.044
0 0.86775 0.8443333333333334 0.0175 0.05533333333333333
0 0.79125 0.7806666666666666 0.0205 0.07466666666666667
0 0.7625 0.78 0.01 0.050666666666666665
0 0.53375 0.8046666666666666 0.0185 0.064
0 0.55075 0.7986666666666666 0.0155 0.05333333333333334
0 0.5455 0.782 0.013 0.056
0 0.53725 0.7693333333333333 0.0095 0.048
0 0.5685 0.769 0.02 0.046
0 0.58075 0.7663333333333333 0.0175 0.03933333333333333
0 0.55425 0.745 0.0265 0.04066666666666666
0 0.51125 0.7133333333333334 0.0085 0.044
0 0.51575 0.7086666666666667 0.0075 0.042666666666666665
0 0.529 0.701 0.011 0.042
0 0.52975 0.7093333333333334 0.0055 0.02
0 0.536 0.7106666666666667 0.01 0.02
0 0.55575 0.7216666666666667 0.0115 0.04066666666666666
0 0.568 0.7183333333333334 0.011 0.03933333333333333
0 0.57325 0.723 0.0105 0.03933333333333333
0 0.5655 0.69 0.01 0.036
0 0.536 0.69 0.009 0.03333333333333333
0 0.5465 0.6763333333333333 0.01 0.03933333333333333
0 0.56075 0.673 0.0105 0.03666666666666667
0 0.528 0.684 0.007 0.03333333333333333
0 0.5135 0.6816666666666666 0.011 0.042
0 0.5205 0.6713333333333333 0.008 0.03333333333333333
0 0.533 0.6733333333333333 0.008 0.025333333333333333
0 0.53425 0.6716666666666666 0.0045 0.026
0 0.53625 0.671 0.0045 0.018
0 0.543 0.657 0.012 0.027333333333333334
0 0.559 0.6553333333333333 0.01 0.028
0 0.52875 0.6553333333333333 0.0045 0.017333333333333333
0 0.5255 0.6466666666666666 0.006 0.029333333333333333
0 0.5455 0.6376666666666667 0.009 0.026
0 0.55475 0.6383333333333333 0.0055 0.024666666666666667
0 0.52525 0.6356666666666667 0.0045 0.023333333333333334
0 0.5465 0.625 0.004 0.019333333333333334
0 0.491 0.6673333333333333 0.009 0.037333333333333336
0 0.4485 0.6656666666666666 0.009 0.034
0 0.45525 0.6673333333333333 0.0085 0.025333333333333333
0 0.463 0.6606666666666666 0.008 0.036
0 0.39475 0.6823333333333333 0.0095 0.034
0 0.41475 0.6383333333333333 0.0095 0.014
0 0.4285 0.6343333333333333 0.006 0.024666666666666667
0 0.43575 0.6426666666666667 0.0105 0.021333333333333333
0 0.407 0.6113333333333333 0.006 0.024
0 0.45175 0.625 0.0085 0.027333333333333334
0 0.45475 0.6413333333333333 0.0085 0.028
0 0.46775 0.6446666666666667 0.0115 0.028
0 0.47675 0.6456666666666667 0.0075 0.028666666666666667
0 0.4905 0.64 0.011 0.030666666666666665
0 0.46975 0.6146666666666667 0.0075 0.024
0 0.47225 0.6126666666666667 0.0065 0.02266666666666667
0 0.47975 0.615 0.0065 0.024666666666666667
0 0.48875 0.6176666666666667 0.0065 0.023333333333333334
0 0.4475 0.614 0.005 0.02266666666666667
0 0.513 0.6203333333333333 0.007 0.026
0 0.525 0.624 0.006 0.021333333333333333
0 0.5385 0.6113333333333333 0.006 0.025333333333333333
0 0.506 0.5993333333333334 0.005 0.021333333333333333
0 0.5095 0.6003333333333334 0.004 0.018
0 0.51375 0.6016666666666667 0.0045 0.020666666666666667
0 0.5315 0.6026666666666667 0.005 0.016
0 0.51925 0.6023333333333334 0.0045 0.019333333333333334
0 0.524 0.5956666666666667 0.006 0.019333333333333334
0 0.5035 0.5953333333333334 0.006 0.02266666666666667
0 0.509 0.596 0.004 0.02
0 0.51775 0.5923333333333334 0.0045 0.016666666666666666
0 0.52125 0.5913333333333334 0.0055 0.012
0 0.52675 0.5913333333333334 0.0035 0.014666666666666666
0 0.536 0.5933333333333334 0.005 0.017333333333333333
0 0.497 0.5796666666666667 0.004 0.015333333333333332
0 0.50475 0.5776666666666667 0.0065 0.016666666666666666
0 0.4905 0.5443333333333333 0.002 0.008666666666666666
0 0.4935 0.544 0.003 0.009333333333333334
0 0.49725 0.5403333333333333 0.0025 0.008666666666666666
0 0.50175 0.5393333333333333 0.0025 0.009333333333333334
0 0.50675 0.546 0.0035 0.010666666666666666
0 0.51175 0.545 0.0035 0.008666666666666666
0 0.51175 0.544 0.0035 0.008