0 0.09642857142857143 0.3223809523809524 0.012857142857142857 0.03142857142857143
0 0.4342857142857143 0.35 0.011428571428571429 0.02761904761904762
0 0.55 0.37523809523809526 0.015714285714285715 0.03238095238095238
0 0.5835714285714285 0.2480952380952381 0.007142857142857143 0.01619047619047619
0 0.5935714285714285 0.24952380952380954 0.008571428571428572 0.02095238095238095
0 0.6257142857142857 0.24333333333333335 0.005714285714285714 0.014285714285714285
0 0.7428571428571429 0.2733333333333333 0.007142857142857143 0.02095238095238095
0 0.8160714285714286 0.22714285714285715 0.005 0.012380952380952381
0 0.8260714285714286 0.22523809523809524 0.005 0.012380952380952381
0 0.7525 0.34285714285714286 0.012142857142857143 0.022857142857142857
0 0.795 0.35333333333333333 0.012857142857142857 0.03238095238095238
0 0.81 0.35428571428571426 0.01 0.02857142857142857
0 0.8203571428571429 0.3557142857142857 0.012142857142857143 0.029523809523809525
0 0.7485714285714286 0.5233333333333333 0.02 0.04666666666666667
0 0.9271428571428572 0.5980952380952381 0.022857142857142857 0.05904761904761905