0 0.1575 0.05964467005076142 0.002142857142857143 0.005076142131979695
0 0.16214285714285714 0.06979695431472081 0.0014285714285714286 0.005076142131979695
0 0.15857142857142856 0.07360406091370558 0.002857142857142857 0.005076142131979695
0 0.15821428571428572 0.11865482233502538 0.002142857142857143 0.006345177664974619
0 0.23392857142857143 0.1732233502538071 0.002142857142857143 0.006345177664974619
0 0.5371428571428571 0.3350253807106599 0.002857142857142857 0.01015228426395939
0 0.2664285714285714 0.21637055837563451 0.002857142857142857 0.008883248730964468
0 0.23857142857142857 0.25 0.0014285714285714286 0.007614213197969543
0 0.24071428571428571 0.2519035532994924 0.002857142857142857 0.006345177664974619
0 0.30892857142857144 0.2893401015228426 0.002142857142857143 0.01015228426395939
0 0.30964285714285716 0.32423857868020306 0.002142857142857143 0.0038071065989847717
0 0.315 0.29251269035532995 0.002857142857142857 0.008883248730964468
0 0.32285714285714284 0.27347715736040606 0.002857142857142857 0.008883248730964468
0 0.3157142857142857 0.31725888324873097 0.0014285714285714286 0.007614213197969543
0 0.3142857142857143 0.31789340101522845 0.0014285714285714286 0.006345177664974619
0 0.3075 0.3229695431472081 0.002142857142857143 0.006345177664974619
0 0.2317857142857143 0.16434010152284265 0.002142857142857143 0.006345177664974619
0 0.21785714285714286 0.26649746192893403 0.002857142857142857 0.007614213197969543
0 0.12357142857142857 0.22081218274111675 0.002857142857142857 0.007614213197969543
0 0.11642857142857142 0.2131979695431472 0.0014285714285714286 0.007614213197969543
0 0.11285714285714285 0.2182741116751269 0.0014285714285714286 0.007614213197969543
0 0.06857142857142857 0.2569796954314721 0.002857142857142857 0.008883248730964468
0 0.035 0.258248730964467 0.0014285714285714286 0.006345177664974619
0 0.2125 0.3876903553299492 0.0035714285714285713 0.013959390862944163
0 0.2092857142857143 0.39720812182741116 0.002857142857142857 0.01015228426395939
0 0.2689285714285714 0.39911167512690354 0.002142857142857143 0.008883248730964468
0 0.2646428571428571 0.40418781725888325 0.002142857142857143 0.008883248730964468
0 0.2932142857142857 0.3616751269035533 0.002142857142857143 0.01015228426395939
0 0.06464285714285714 0.6376903553299492 0.0035714285714285713 0.008883248730964468
0 0.3289285714285714 0.6078680203045685 0.0035714285714285713 0.01015228426395939
0 0.038214285714285715 0.6395939086294417 0.0035714285714285713 0.01015228426395939
0 0.047857142857142855 0.6973350253807107 0.005714285714285714 0.013959390862944163
0 0.05107142857142857 0.7062182741116751 0.0035714285714285713 0.011421319796954314
0 0.046785714285714285 0.7119289340101523 0.0035714285714285713 0.012690355329949238
0 0.06035714285714286 0.7017766497461929 0.002142857142857143 0.01015228426395939
0 0.09071428571428572 0.6808375634517766 0.002857142857142857 0.011421319796954314
0 0.0575 0.7024111675126904 0.002142857142857143 0.011421319796954314
0 0.055714285714285716 0.6947969543147208 0.002857142857142857 0.011421319796954314
0 0.055 0.6897208121827412 0.002857142857142857 0.011421319796954314
0 0.10035714285714285 0.8115482233502538 0.005 0.013959390862944163
0 0.32535714285714284 0.7119289340101523 0.0035714285714285713 0.01015228426395939