0 0.41425 0.45066666666666666 0.0045 0.013333333333333334
0 0.4175 0.44966666666666666 0.003 0.012666666666666666
0 0.42 0.4513333333333333 0.003 0.006666666666666667
0 0.263 0.5803333333333334 0.009 0.019333333333333334
0 0.64975 0.442 0.0035 0.014666666666666666
0 0.737 0.445 0.004 0.015333333333333332
0 0.7905 0.43833333333333335 0.004 0.011333333333333334
0 0.83075 0.42033333333333334 0.0025 0.012666666666666666
0 0.80825 0.48833333333333334 0.0035 0.011333333333333334
0 0.8155 0.44566666666666666 0.008 0.007333333333333333
0 0.7965 0.44 0.004 0.009333333333333334
0 0.799 0.44166666666666665 0.005 0.008666666666666666
0 0.8005 0.44233333333333336 0.005 0.01
0 0.81675 0.43233333333333335 0.0025 0.008666666666666666
0 0.793 0.4533333333333333 0.004 0.008
0 0.857 0.6576666666666666 0.008 0.014
0 0.8435 0.6396666666666667 0.01 0.026
0 0.82025 0.532 0.0075 0.012