0 0.712 0.515 0.028 0.046
0 0.57025 0.43633333333333335 0.0155 0.043333333333333335
0 0.6015 0.331 0.01 0.043333333333333335
0 0.586 0.328 0.014 0.034666666666666665
0 0.223 0.3273333333333333 0.014 0.034666666666666665
0 0.24975 0.32566666666666666 0.0155 0.035333333333333335
0 0.24825 0.31633333333333336 0.0165 0.034
0 0.248 0.312 0.017 0.04
0 0.24525 0.306 0.0165 0.03333333333333333
0 0.245 0.2956666666666667 0.013 0.034
0 0.40425 0.2683333333333333 0.0135 0.028666666666666667
0 0.04925 0.095 0.0115 0.022
0 0.04 0.033666666666666664 0.013 0.022
0 0.52425 0.3263333333333333 0.0095 0.03933333333333333
0 0.54625 0.316 0.0125 0.04
0 0.44 0.25 0.008 0.03333333333333333
0 0.85325 0.049 0.0095 0.027333333333333334
0 0.86025 0.045 0.0065 0.026