0 0.1732142857142857 0.01015228426395939 0.005 0.01015228426395939
0 0.1742857142857143 0.07043147208121828 0.007142857142857143 0.013959390862944163
0 0.19285714285714287 0.048223350253807105 0.005714285714285714 0.015228426395939087
0 0.2092857142857143 0.0717005076142132 0.007142857142857143 0.01649746192893401
0 0.21607142857142858 0.06281725888324872 0.0064285714285714285 0.01903553299492386
0 0.22357142857142856 0.12309644670050761 0.008571428571428572 0.015228426395939087
0 0.21 0.10406091370558376 0.008571428571428572 0.02030456852791878
0 0.3846428571428571 0.09581218274111675 0.0064285714285714285 0.01903553299492386
0 0.37857142857142856 0.09581218274111675 0.007142857142857143 0.013959390862944163
0 0.35714285714285715 0.14086294416243655 0.007142857142857143 0.012690355329949238
0 0.35 0.15609137055837563 0.005714285714285714 0.017766497461928935
0 0.3875 0.14213197969543148 0.005 0.015228426395939087
0 0.38392857142857145 0.18972081218274112 0.005 0.013959390862944163
0 0.3246428571428571 0.21129441624365483 0.007857142857142858 0.01649746192893401
0 0.32071428571428573 0.2036802030456853 0.005714285714285714 0.011421319796954314
0 0.3325 0.24809644670050762 0.007857142857142858 0.011421319796954314
0 0.4707142857142857 0.10786802030456853 0.004285714285714286 0.007614213197969543
0 0.9035714285714286 0.1884517766497462 0.007142857142857143 0.008883248730964468
0 0.7564285714285715 0.2982233502538071 0.008571428571428572 0.012690355329949238
0 0.7267857142857143 0.3153553299492386 0.005 0.013959390862944163
0 0.7371428571428571 0.27918781725888325 0.004285714285714286 0.012690355329949238
0 0.6657142857142857 0.3870558375634518 0.008571428571428572 0.015228426395939087
0 0.6685714285714286 0.36928934010152287 0.004285714285714286 0.012690355329949238
0 0.6321428571428571 0.3026649746192893 0.005714285714285714 0.011421319796954314
0 0.4085714285714286 0.33121827411167515 0.005714285714285714 0.017766497461928935
0 0.455 0.38388324873096447 0.005714285714285714 0.013959390862944163
0 0.44 0.4022842639593909 0.005714285714285714 0.017766497461928935
0 0.4732142857142857 0.407994923857868 0.0035714285714285713 0.01649746192893401
0 0.4110714285714286 0.8267766497461929 0.0035714285714285713 0.008883248730964468
0 0.41214285714285714 0.8381979695431472 0.004285714285714286 0.008883248730964468