0 0.505 0.9257142857142857 0.011428571428571429 0.02095238095238095
0 0.5114285714285715 0.9514285714285714 0.011428571428571429 0.02095238095238095
0 0.5267857142857143 0.9566666666666667 0.012142857142857143 0.02
0 0.6121428571428571 0.8728571428571429 0.008571428571428572 0.023809523809523808
0 0.6567857142857143 0.8814285714285715 0.010714285714285714 0.01619047619047619
0 0.5453571428571429 0.6914285714285714 0.007857142857142858 0.024761904761904763
0 0.5464285714285714 0.41904761904761906 0.002857142857142857 0.011428571428571429
0 0.5492857142857143 0.42238095238095236 0.005714285714285714 0.018095238095238095
0 0.5278571428571428 0.3676190476190476 0.007142857142857143 0.022857142857142857
0 0.54 0.35333333333333333 0.008571428571428572 0.022857142857142857
0 0.5503571428571429 0.35714285714285715 0.009285714285714286 0.013333333333333334