0 0.8392857142857143 0.8461904761904762 0.05142857142857143 0.11904761904761904
0 0.7735714285714286 0.8266666666666667 0.05714285714285714 0.12
0 0.2542857142857143 0.7195238095238096 0.03142857142857143 0.0980952380952381
0 0.44107142857142856 0.48 0.029285714285714286 0.05333333333333334
0 0.4564285714285714 0.4038095238095238 0.015714285714285715 0.0761904761904762
0 0.525 0.3238095238095238 0.018571428571428572 0.06666666666666667
0 0.5453571428571429 0.32761904761904764 0.017857142857142856 0.05523809523809524
0 0.5492857142857143 0.2757142857142857 0.014285714285714285 0.04857142857142857
0 0.46964285714285714 0.26 0.016428571428571428 0.0380952380952381
0 0.24964285714285714 0.1019047619047619 0.013571428571428571 0.030476190476190476
0 0.6367857142857143 0.09333333333333334 0.005 0.009523809523809525
0 0.6425 0.09238095238095238 0.0064285714285714285 0.015238095238095238
0 0.6278571428571429 0.09142857142857143 0.005714285714285714 0.013333333333333334
0 0.62 0.09095238095238095 0.004285714285714286 0.012380952380952381
0 0.6496428571428572 0.21095238095238095 0.010714285714285714 0.03142857142857143