0 0.46035714285714285 0.7114285714285714 0.05071428571428571 0.08571428571428572
0 0.4278571428571429 0.7195238095238096 0.041428571428571426 0.058095238095238096
0 0.3132142857142857 0.5438095238095239 0.05357142857142857 0.0838095238095238
0 0.26285714285714284 0.46714285714285714 0.045714285714285714 0.07333333333333333
0 0.23785714285714285 0.46 0.04857142857142857 0.08
0 0.4835714285714286 0.14476190476190476 0.027142857142857142 0.08952380952380952
0 0.41 0.11904761904761904 0.02857142857142857 0.0838095238095238
0 0.3221428571428571 0.12238095238095238 0.03 0.07904761904761905
0 0.2985714285714286 0.06761904761904762 0.03571428571428571 0.0838095238095238
0 0.1767857142857143 0.037142857142857144 0.03357142857142857 0.07047619047619047
0 0.27285714285714285 0.07571428571428572 0.03428571428571429 0.06380952380952382
0 0.5792857142857143 0.04047619047619048 0.018571428571428572 0.058095238095238096