0 0.1707142857142857 0.24952380952380954 0.005714285714285714 0.007619047619047619
0 0.19178571428571428 0.32761904761904764 0.0064285714285714285 0.007619047619047619
0 0.6503571428571429 0.10476190476190476 0.0035714285714285713 0.007619047619047619
0 0.7132142857142857 0.2633333333333333 0.0035714285714285713 0.008571428571428572
0 0.7092857142857143 0.26476190476190475 0.004285714285714286 0.009523809523809525
0 0.7053571428571429 0.2823809523809524 0.005 0.008571428571428572
0 0.7053571428571429 0.2776190476190476 0.0035714285714285713 0.006666666666666667
0 0.8378571428571429 0.32 0.005714285714285714 0.007619047619047619
0 0.9128571428571428 0.7566666666666667 0.007142857142857143 0.006666666666666667
0 0.4957142857142857 0.47333333333333333 0.004285714285714286 0.005714285714285714
0 0.5385714285714286 0.5123809523809524 0.002857142857142857 0.0038095238095238095
0 0.7442857142857143 0.659047619047619 0.004285714285714286 0.005714285714285714
0 0.8867857142857143 0.73 0.010714285714285714 0.008571428571428572
0 0.21892857142857142 0.659047619047619 0.007857142857142858 0.007619047619047619
0 0.009642857142857142 0.14 0.009285714285714286 0.009523809523809525