0 0.305 0.48142857142857143 0.005714285714285714 0.02
0 0.31 0.4095238095238095 0.004285714285714286 0.01904761904761905
0 0.13071428571428573 0.30714285714285716 0.005714285714285714 0.01619047619047619
0 0.18785714285714286 0.31238095238095237 0.005714285714285714 0.017142857142857144
0 0.18464285714285714 0.29095238095238096 0.005 0.01619047619047619
0 0.1467857142857143 0.30333333333333334 0.005 0.01619047619047619
0 0.17214285714285715 0.28523809523809524 0.005714285714285714 0.014285714285714285
0 0.14357142857142857 0.28523809523809524 0.007142857142857143 0.012380952380952381
0 0.13642857142857143 0.28714285714285714 0.005714285714285714 0.01619047619047619
0 0.2025 0.28476190476190477 0.005 0.015238095238095238
0 0.19357142857142856 0.2819047619047619 0.004285714285714286 0.015238095238095238
0 0.15928571428571428 0.29904761904761906 0.004285714285714286 0.017142857142857144
0 0.2017857142857143 0.2785714285714286 0.005 0.014285714285714285
0 0.32142857142857145 0.4080952380952381 0.008571428571428572 0.012380952380952381
0 0.32857142857142857 0.2704761904761905 0.002857142857142857 0.011428571428571429
0 0.495 0.07857142857142857 0.002857142857142857 0.006666666666666667
0 0.5817857142857142 0.5347619047619048 0.010714285714285714 0.01619047619047619
0 0.5839285714285715 0.5095238095238095 0.005 0.013333333333333334
0 0.385 0.3076190476190476 0.004285714285714286 0.009523809523809525
0 0.36857142857142855 0.3357142857142857 0.005714285714285714 0.012380952380952381
0 0.5789285714285715 0.3314285714285714 0.0035714285714285713 0.015238095238095238
0 0.5821428571428572 0.30523809523809525 0.002857142857142857 0.014285714285714285
0 0.5685714285714286 0.31857142857142856 0.005714285714285714 0.012380952380952381
0 0.5703571428571429 0.3319047619047619 0.005 0.014285714285714285
0 0.575 0.3361904761904762 0.002857142857142857 0.011428571428571429
0 0.5757142857142857 0.31761904761904763 0.004285714285714286 0.014285714285714285
0 0.5682142857142857 0.31047619047619046 0.0035714285714285713 0.013333333333333334
0 0.5778571428571428 0.32047619047619047 0.002857142857142857 0.012380952380952381
0 0.5707142857142857 0.3514285714285714 0.004285714285714286 0.011428571428571429