0 0.3485714285714286 0.8957142857142857 0.012857142857142857 0.035238095238095235
0 0.9842857142857143 0.920952380952381 0.008571428571428572 0.03428571428571429
0 0.7896428571428571 0.669047619047619 0.0035714285714285713 0.010476190476190476
0 0.7871428571428571 0.6623809523809524 0.004285714285714286 0.010476190476190476
0 0.7667857142857143 0.6538095238095238 0.0035714285714285713 0.010476190476190476
0 0.7303571428571428 0.6071428571428571 0.002142857142857143 0.006666666666666667
0 0.455 0.65 0.002857142857142857 0.008571428571428572
0 0.44642857142857145 0.6366666666666667 0.002857142857142857 0.010476190476190476
0 0.5482142857142858 0.6142857142857143 0.002142857142857143 0.009523809523809525
0 0.5692857142857143 0.6114285714285714 0.002857142857142857 0.007619047619047619
0 0.5717857142857142 0.5942857142857143 0.002142857142857143 0.007619047619047619