0 0.6071428571428571 0.9289340101522843 0.012857142857142857 0.048223350253807105
0 0.5753571428571429 0.9644670050761421 0.020714285714285713 0.03807106598984772
0 0.8392857142857143 0.399746192893401 0.012857142857142857 0.04060913705583756
0 0.8271428571428572 0.3800761421319797 0.011428571428571429 0.031725888324873094
0 0.8046428571428571 0.3895939086294416 0.012142857142857143 0.03553299492385787
0 0.7871428571428571 0.43210659898477155 0.011428571428571429 0.031725888324873094
0 0.8221428571428572 0.4143401015228426 0.015714285714285715 0.03934010152284264
0 0.38392857142857145 0.6021573604060914 0.010714285714285714 0.04187817258883249
0 0.33214285714285713 0.6161167512690355 0.014285714285714285 0.03934010152284264
0 0.30464285714285716 0.6243654822335025 0.017857142857142856 0.04060913705583756
0 0.10892857142857143 0.7138324873096447 0.016428571428571428 0.04187817258883249
0 0.35 0.43274111675126903 0.007142857142857143 0.027918781725888325
0 0.465 0.07931472081218274 0.005714285714285714 0.024111675126903553
0 0.46 0.07614213197969544 0.005714285714285714 0.02284263959390863
0 0.18964285714285714 0.28743654822335024 0.007857142857142858 0.02918781725888325
0 0.17821428571428571 0.2817258883248731 0.007857142857142858 0.02284263959390863
0 0.7039285714285715 0.16941624365482233 0.007857142857142858 0.0266497461928934
0 0.6942857142857143 0.1732233502538071 0.007142857142857143 0.024111675126903553
0 0.7092857142857143 0.15736040609137056 0.007142857142857143 0.025380710659898477
0 0.7057142857142857 0.25317258883248733 0.007142857142857143 0.024111675126903553
0 0.7503571428571428 0.2017766497461929 0.0064285714285714285 0.02284263959390863
0 0.3292857142857143 0.5761421319796954 0.008571428571428572 0.030456852791878174
0 0.3407142857142857 0.4156091370558376 0.011428571428571429 0.024111675126903553
0 0.8792857142857143 0.7969543147208121 0.015714285714285715 0.04060913705583756