0 0.185 0.047619047619047616 0.015714285714285715 0.03619047619047619
0 0.6210714285714286 0.2861904761904762 0.019285714285714285 0.05619047619047619
0 0.6614285714285715 0.3180952380952381 0.018571428571428572 0.049523809523809526
0 0.7096428571428571 0.2866666666666667 0.017857142857142856 0.05333333333333334
0 0.6710714285714285 0.36238095238095236 0.016428571428571428 0.05619047619047619
0 0.6828571428571428 0.3566666666666667 0.025714285714285714 0.06190476190476191
0 0.7096428571428571 0.2276190476190476 0.016428571428571428 0.05714285714285714
0 0.7782142857142857 0.21714285714285714 0.016428571428571428 0.04380952380952381
0 0.7539285714285714 0.20238095238095238 0.017857142857142856 0.04476190476190476
0 0.7546428571428572 0.06476190476190476 0.012142857142857143 0.03619047619047619
0 0.7028571428571428 0.025238095238095237 0.012857142857142857 0.040952380952380955
0 0.695 0.022857142857142857 0.011428571428571429 0.04