0 0.3775 0.5695238095238095 0.002142857142857143 0.007619047619047619
0 0.34 0.7861904761904762 0.007142857142857143 0.018095238095238095
0 0.39571428571428574 0.7866666666666666 0.005714285714285714 0.009523809523809525
0 0.39785714285714285 0.7847619047619048 0.005714285714285714 0.015238095238095238
0 0.38785714285714284 0.7766666666666666 0.005714285714285714 0.014285714285714285
0 0.39071428571428574 0.7742857142857142 0.007142857142857143 0.017142857142857144
0 0.37464285714285717 0.7757142857142857 0.005 0.02
0 0.3557142857142857 0.7557142857142857 0.004285714285714286 0.021904761904761906
0 0.35035714285714287 0.7538095238095238 0.0035714285714285713 0.02
0 0.3517857142857143 0.7452380952380953 0.005 0.02
0 0.35642857142857143 0.7452380952380953 0.004285714285714286 0.018095238095238095
0 0.3342857142857143 0.7490476190476191 0.005714285714285714 0.02
0 0.3717857142857143 0.7471428571428571 0.005 0.02
0 0.3625 0.7619047619047619 0.005 0.02095238095238095
0 0.7767857142857143 0.9947619047619047 0.010714285714285714 0.010476190476190476
0 0.61 0.5642857142857143 0.002857142857142857 0.006666666666666667