0 0.5742857142857143 0.8104761904761905 0.022857142857142857 0.04380952380952381
0 0.5917857142857142 0.7066666666666667 0.023571428571428573 0.049523809523809526
0 0.49107142857142855 0.6485714285714286 0.016428571428571428 0.05142857142857143
0 0.4760714285714286 0.6571428571428571 0.016428571428571428 0.02857142857142857
0 0.32321428571428573 0.5161904761904762 0.020714285714285713 0.030476190476190476
0 0.6992857142857143 0.6519047619047619 0.014285714285714285 0.03142857142857143
0 0.6817857142857143 0.6552380952380953 0.015 0.02666666666666667
0 0.6635714285714286 0.669047619047619 0.018571428571428572 0.029523809523809525
0 0.6007142857142858 0.5847619047619048 0.014285714285714285 0.04380952380952381
0 0.5807142857142857 0.5119047619047619 0.011428571428571429 0.037142857142857144
0 0.6164285714285714 0.42952380952380953 0.008571428571428572 0.024761904761904763
0 0.5325 0.34523809523809523 0.009285714285714286 0.018095238095238095
0 0.5310714285714285 0.37 0.007857142857142858 0.02761904761904762
0 0.5460714285714285 0.3676190476190476 0.007857142857142858 0.02666666666666667
0 0.5464285714285714 0.35523809523809524 0.008571428571428572 0.022857142857142857
0 0.5203571428571429 0.3404761904761905 0.009285714285714286 0.021904761904761906
0 0.6696428571428571 0.27380952380952384 0.012142857142857143 0.029523809523809525
0 0.6778571428571428 0.2904761904761905 0.014285714285714285 0.02857142857142857
0 0.7478571428571429 0.2823809523809524 0.014285714285714285 0.021904761904761906
0 0.7703571428571429 0.22857142857142856 0.015 0.03428571428571429
0 0.7528571428571429 0.20952380952380953 0.015714285714285715 0.02666666666666667
0 0.7535714285714286 0.19904761904761906 0.012857142857142857 0.024761904761904763
0 0.8125 0.21666666666666667 0.013571428571428571 0.029523809523809525
0 0.8439285714285715 0.19095238095238096 0.015 0.025714285714285714
0 0.8389285714285715 0.17761904761904762 0.015 0.02761904761904762
0 0.9107142857142857 0.06333333333333334 0.018571428571428572 0.03142857142857143
0 0.5696428571428571 0.3038095238095238 0.015 0.024761904761904763
0 0.27535714285714286 0.48333333333333334 0.016428571428571428 0.025714285714285714
0 0.8235714285714286 0.7985714285714286 0.02142857142857143 0.025714285714285714