0 0.3397711015736767 0.7843511450381679 0.024320457796852647 0.04389312977099236
0 0.3494277539341917 0.6688931297709924 0.026466380543633764 0.03625954198473282
0 0.3959227467811159 0.6708015267175572 0.019313304721030045 0.04198473282442748
0 0.0944206008583691 0.1650763358778626 0.01430615164520744 0.03244274809160305
0 0.25894134477825465 0.4198473282442748 0.02145922746781116 0.04198473282442748
0 0.19742489270386265 0.42604961832061067 0.02861230329041488 0.042938931297709926
0 0.33583690987124465 0.48520992366412213 0.02074391988555079 0.046755725190839696
0 0.4781831187410587 0.5004770992366412 0.016452074391988557 0.035305343511450385
0 0.6784692417739628 0.3110687022900763 0.013590844062947067 0.04770992366412214
0 0.6666666666666666 0.5019083969465649 0.020028612303290415 0.03244274809160305
0 0.6834763948497854 0.48711832061068705 0.013590844062947067 0.02385496183206107
0 0.694206008583691 0.4756679389312977 0.019313304721030045 0.025763358778625955
0 0.7725321888412017 0.46326335877862596 0.02575107296137339 0.05057251908396947
0 0.27646638054363376 0.5677480916030534 0.027896995708154508 0.03816793893129771
0 0.5225321888412017 0.6979961832061069 0.009298998569384835 0.035305343511450385
0 0.663447782546495 0.825381679389313 0.02503576537911302 0.04961832061068702
0 0.25393419170243203 0.6483778625954199 0.020028612303290415 0.04484732824427481
0 0.219241773962804 0.07442748091603053 0.012160228898426323 0.02480916030534351
0 0.20278969957081544 0.08206106870229007 0.009298998569384835 0.019083969465648856
0 0.8844778254649499 0.05677480916030534 0.022174535050071532 0.035305343511450385
0 0.6816881258941345 0.11259541984732824 0.010014306151645207 0.02862595419847328
0 0.8816165951359084 0.5333969465648855 0.027896995708154508 0.03625954198473282
0 0.9030758226037195 0.5095419847328244 0.013590844062947067 0.022900763358778626
0 0.8930615164520744 0.49809160305343514 0.013590844062947067 0.022900763358778626
0 0.23390557939914164 0.5944656488549618 0.027181688125894134 0.04961832061068702
0 0.26394849785407726 0.5873091603053435 0.027181688125894134 0.035305343511450385
0 0.24964234620886983 0.5658396946564885 0.02145922746781116 0.03244274809160305
0 0.24248927038626608 0.5458015267175572 0.017167381974248927 0.026717557251908396
0 0.21494992846924177 0.5625 0.030758226037195996 0.029580152671755726