0 0.6310714285714286 0.7810913705583756 0.007857142857142858 0.02918781725888325
0 0.6267857142857143 0.7709390862944162 0.0064285714285714285 0.02918781725888325
0 0.8267857142857142 0.858502538071066 0.007857142857142858 0.021573604060913704
0 0.825 0.8464467005076142 0.007142857142857143 0.025380710659898477
0 0.3517857142857143 0.30647208121827413 0.009285714285714286 0.02918781725888325
0 0.31785714285714284 0.29251269035532995 0.008571428571428572 0.0266497461928934
0 0.45964285714285713 0.28045685279187815 0.005 0.02030456852791878
0 0.45607142857142857 0.2760152284263959 0.0035714285714285713 0.021573604060913704
0 0.05071428571428571 0.32614213197969544 0.007142857142857143 0.02030456852791878
0 0.5532142857142858 0.18401015228426396 0.0064285714285714285 0.02284263959390863
0 0.5471428571428572 0.2468274111675127 0.004285714285714286 0.0266497461928934
0 0.6864285714285714 0.108502538071066 0.004285714285714286 0.01903553299492386
0 0.7521428571428571 0.10977157360406091 0.004285714285714286 0.01649746192893401
0 0.7485714285714286 0.13388324873096447 0.005714285714285714 0.01649746192893401
0 0.6939285714285715 0.06535532994923858 0.0035714285714285713 0.01649746192893401
0 0.7635714285714286 0.02284263959390863 0.004285714285714286 0.012690355329949238
0 0.7989285714285714 0.05203045685279188 0.005 0.02030456852791878
0 0.8467857142857143 0.06916243654822335 0.005 0.01903553299492386
0 0.9217857142857143 0.04251269035532995 0.005 0.01903553299492386
0 0.895 0.06662436548223351 0.008571428571428572 0.0266497461928934
0 0.9385714285714286 0.09644670050761421 0.005714285714285714 0.017766497461928935
0 0.9407142857142857 0.0583756345177665 0.004285714285714286 0.012690355329949238
0 0.9642857142857143 0.07043147208121828 0.004285714285714286 0.01649746192893401
0 0.9703571428571428 0.03934010152284264 0.0064285714285714285 0.02030456852791878
0 0.9775 0.038705583756345176 0.0064285714285714285 0.024111675126903553
0 0.985 0.04949238578680203 0.005714285714285714 0.02030456852791878
0 0.9867857142857143 0.05901015228426396 0.0064285714285714285 0.021573604060913704
0 0.9935714285714285 0.056472081218274114 0.005714285714285714 0.024111675126903553
0 0.9957142857142857 0.06408629441624365 0.005714285714285714 0.0266497461928934
0 0.9785714285714285 0.020939086294416244 0.005714285714285714 0.021573604060913704
0 0.9728571428571429 0.008883248730964468 0.004285714285714286 0.017766497461928935