0 0.11892857142857143 0.16560913705583757 0.0064285714285714285 0.01903553299492386
0 0.08107142857142857 0.2760152284263959 0.005 0.01903553299492386
0 0.15321428571428572 0.05203045685279188 0.0035714285714285713 0.012690355329949238
0 0.30107142857142855 0.3293147208121827 0.0064285714285714285 0.008883248730964468
0 0.17821428571428571 0.6230964467005076 0.013571428571428571 0.027918781725888325
0 0.18142857142857144 0.6142131979695431 0.011428571428571429 0.02284263959390863
0 0.1732142857142857 0.6154822335025381 0.007857142857142858 0.02284263959390863
0 0.4467857142857143 0.6040609137055838 0.010714285714285714 0.03299492385786802
0 0.6575 0.09708121827411167 0.005 0.021573604060913704
0 0.6507142857142857 0.3616751269035533 0.005714285714285714 0.027918781725888325
0 0.82 0.5444162436548223 0.015714285714285715 0.03299492385786802