0 0.14357142857142857 0.8852380952380953 0.011428571428571429 0.012380952380952381
0 0.2075 0.9747619047619047 0.009285714285714286 0.014285714285714285
0 0.2275 0.6966666666666667 0.010714285714285714 0.014285714285714285
0 0.2275 0.6623809523809524 0.010714285714285714 0.012380952380952381
0 0.18535714285714286 0.6347619047619047 0.012142857142857143 0.012380952380952381
0 0.21392857142857144 0.621904761904762 0.013571428571428571 0.009523809523809525
0 0.18714285714285714 0.6195238095238095 0.011428571428571429 0.010476190476190476
0 0.1757142857142857 0.6166666666666667 0.008571428571428572 0.008571428571428572
0 0.19714285714285715 0.5876190476190476 0.012857142857142857 0.011428571428571429
0 0.21464285714285714 0.5685714285714286 0.012142857142857143 0.013333333333333334
0 0.21928571428571428 0.5561904761904762 0.007142857142857143 0.011428571428571429
0 0.2092857142857143 0.5576190476190476 0.008571428571428572 0.008571428571428572
0 0.24464285714285713 0.5704761904761905 0.009285714285714286 0.011428571428571429
0 0.22607142857142856 0.5671428571428572 0.009285714285714286 0.014285714285714285
0 0.30642857142857144 0.44285714285714284 0.014285714285714285 0.015238095238095238
0 0.3575 0.3861904761904762 0.009285714285714286 0.008571428571428572
0 0.3678571428571429 0.3742857142857143 0.007142857142857143 0.009523809523809525
0 0.3628571428571429 0.3647619047619048 0.007142857142857143 0.009523809523809525
0 0.4182142857142857 0.31952380952380954 0.007857142857142858 0.012380952380952381
0 0.445 0.2857142857142857 0.01 0.013333333333333334
0 0.525 0.2704761904761905 0.008571428571428572 0.022857142857142857
0 0.5389285714285714 0.1719047619047619 0.009285714285714286 0.018095238095238095
0 0.5785714285714286 0.11285714285714285 0.01 0.018095238095238095
0 0.5542857142857143 0.11095238095238096 0.005714285714285714 0.014285714285714285
0 0.615 0.04285714285714286 0.01 0.02095238095238095
0 0.6192857142857143 0.05952380952380952 0.007142857142857143 0.014285714285714285
0 0.64 0.012857142857142857 0.008571428571428572 0.021904761904761906
0 0.505 0.6719047619047619 0.01 0.014285714285714285
0 0.5289285714285714 0.6366666666666667 0.009285714285714286 0.01619047619047619
0 0.6017857142857143 0.51 0.007857142857142858 0.014285714285714285
0 0.5214285714285715 0.4585714285714286 0.008571428571428572 0.01619047619047619