0 0.2075 0.5977157360406091 0.0035714285714285713 0.01015228426395939
0 0.2067857142857143 0.5951776649746193 0.005 0.012690355329949238
0 0.2125 0.5945431472081218 0.005 0.011421319796954314
0 0.20857142857142857 0.5901015228426396 0.004285714285714286 0.012690355329949238
0 0.16642857142857143 0.7633248730964467 0.004285714285714286 0.011421319796954314
0 0.29428571428571426 0.34073604060913704 0.004285714285714286 0.011421319796954314
0 0.38357142857142856 0.39720812182741116 0.004285714285714286 0.012690355329949238
0 0.38285714285714284 0.399746192893401 0.002857142857142857 0.007614213197969543
0 0.5228571428571429 0.34517766497461927 0.002857142857142857 0.01015228426395939
0 0.5253571428571429 0.35088832487309646 0.002142857142857143 0.011421319796954314
0 0.5271428571428571 0.35406091370558374 0.002857142857142857 0.01015228426395939
0 0.9053571428571429 0.7588832487309645 0.0064285714285714285 0.01015228426395939
0 0.8453571428571428 0.7620558375634517 0.0064285714285714285 0.013959390862944163
0 0.9160714285714285 0.756979695431472 0.005 0.008883248730964468
0 0.9 0.756979695431472 0.004285714285714286 0.013959390862944163
0 0.9732142857142857 0.7671319796954315 0.0035714285714285713 0.013959390862944163