0 0.28 0.08121827411167512 0.008571428571428572 0.030456852791878174
0 0.38321428571428573 0.14403553299492386 0.007857142857142858 0.031725888324873094
0 0.37357142857142855 0.2100253807106599 0.008571428571428572 0.02918781725888325
0 0.35535714285714287 0.23477157360406092 0.010714285714285714 0.025380710659898477
0 0.35535714285714287 0.30647208121827413 0.0064285714285714285 0.0266497461928934
0 0.5103571428571428 0.2265228426395939 0.0064285714285714285 0.03426395939086294
0 0.5014285714285714 0.23223350253807107 0.004285714285714286 0.025380710659898477
0 0.355 0.4676395939086294 0.01 0.0266497461928934
0 0.3582142857142857 0.46256345177664976 0.005 0.024111675126903553
0 0.35928571428571426 0.5196700507614214 0.008571428571428572 0.024111675126903553
0 0.36714285714285716 0.5329949238578681 0.007142857142857143 0.027918781725888325
0 0.5614285714285714 0.37119289340101524 0.008571428571428572 0.03426395939086294
0 0.32857142857142857 0.616751269035533 0.01 0.030456852791878174
0 0.49392857142857144 0.6675126903553299 0.007857142857142858 0.02030456852791878
0 0.5371428571428571 0.7303299492385786 0.011428571428571429 0.021573604060913704
0 0.48035714285714287 0.6947969543147208 0.010714285714285714 0.031725888324873094
0 0.5014285714285714 0.7062182741116751 0.008571428571428572 0.021573604060913704
0 0.42678571428571427 0.674492385786802 0.0064285714285714285 0.024111675126903553
0 0.35035714285714287 0.6871827411167513 0.007857142857142858 0.021573604060913704
0 0.37464285714285717 0.6928934010152284 0.009285714285714286 0.015228426395939087
0 0.38607142857142857 0.7163705583756346 0.009285714285714286 0.01649746192893401
0 0.37142857142857144 0.7100253807106599 0.01 0.01903553299492386
0 0.3757142857142857 0.7271573604060914 0.008571428571428572 0.02030456852791878
0 0.6464285714285715 0.700507614213198 0.011428571428571429 0.02284263959390863
0 0.7232142857142857 0.6967005076142132 0.012142857142857143 0.02030456852791878
0 0.8078571428571428 0.6345177664974619 0.011428571428571429 0.02284263959390863
0 0.8239285714285715 0.5894670050761421 0.012142857142857143 0.021573604060913704
0 0.2739285714285714 0.7760152284263959 0.012142857142857143 0.024111675126903553
0 0.2689285714285714 0.756979695431472 0.013571428571428571 0.024111675126903553
0 0.24928571428571428 0.8286802030456852 0.01 0.015228426395939087