0 0.54625 0.384 0.0075 0.025333333333333333
0 0.83525 0.322 0.0075 0.017333333333333333
0 0.83625 0.37433333333333335 0.0065 0.019333333333333334
0 0.81325 0.37966666666666665 0.0055 0.014
0 0.876 0.36633333333333334 0.007 0.022
0 0.88625 0.36866666666666664 0.0095 0.021333333333333333
0 0.849 0.547 0.009 0.026
0 0.6855 0.6973333333333334 0.014 0.037333333333333336
0 0.69725 0.356 0.0065 0.021333333333333333
0 0.433 0.3363333333333333 0.006 0.018
0 0.54375 0.29233333333333333 0.0055 0.011333333333333334
0 0.52925 0.29533333333333334 0.0065 0.013333333333333334
0 0.63725 0.311 0.0055 0.016666666666666666
0 0.1665 0.17633333333333334 0.004 0.012666666666666666
0 0.17125 0.17666666666666667 0.0035 0.010666666666666666
0 0.25275 0.19233333333333333 0.0045 0.012666666666666666
0 0.268 0.189 0.003 0.011333333333333334