0 0.14035714285714285 0.18571428571428572 0.009285714285714286 0.01904761904761905
0 0.05285714285714286 0.6985714285714286 0.04 0.03333333333333333
0 0.06892857142857142 0.6880952380952381 0.020714285714285713 0.025714285714285714
0 0.08571428571428572 0.6880952380952381 0.022857142857142857 0.03142857142857143
0 0.09857142857142857 0.680952380952381 0.02142857142857143 0.02857142857142857
0 0.12321428571428572 0.6423809523809524 0.023571428571428573 0.040952380952380955
0 0.06857142857142857 0.7795238095238095 0.018571428571428572 0.03333333333333333
0 0.054642857142857146 0.78 0.017857142857142856 0.03619047619047619
0 0.2517857142857143 0.7223809523809523 0.02642857142857143 0.037142857142857144
0 0.24821428571428572 0.8071428571428572 0.027857142857142858 0.03142857142857143
0 0.23392857142857143 0.8147619047619048 0.025 0.03142857142857143
0 0.2764285714285714 0.69 0.025714285714285714 0.039047619047619046
0 0.26142857142857145 0.6842857142857143 0.017142857142857144 0.039047619047619046
0 0.2975 0.6276190476190476 0.013571428571428571 0.047619047619047616
0 0.3289285714285714 0.6242857142857143 0.019285714285714285 0.04285714285714286
0 0.3585714285714286 0.6133333333333333 0.018571428571428572 0.04380952380952381
0 0.42464285714285716 0.8380952380952381 0.017857142857142856 0.049523809523809526
0 0.47928571428571426 0.6195238095238095 0.014285714285714285 0.039047619047619046
0 0.5025 0.6223809523809524 0.012142857142857143 0.039047619047619046
0 0.5496428571428571 0.43333333333333335 0.007857142857142858 0.03428571428571429
0 0.5185714285714286 0.42857142857142855 0.007142857142857143 0.030476190476190476
0 0.4767857142857143 0.4604761904761905 0.0064285714285714285 0.02761904761904762
0 0.47964285714285715 0.4471428571428571 0.007857142857142858 0.037142857142857144
0 0.4832142857142857 0.41714285714285715 0.0064285714285714285 0.03238095238095238
0 0.4932142857142857 0.4176190476190476 0.009285714285714286 0.025714285714285714
0 0.5610714285714286 0.37952380952380954 0.009285714285714286 0.03333333333333333
0 0.6021428571428571 0.48857142857142855 0.011428571428571429 0.03619047619047619
0 0.5960714285714286 0.47 0.009285714285714286 0.037142857142857144
0 0.7057142857142857 0.6190476190476191 0.015714285714285715 0.03619047619047619
0 0.7739285714285714 0.6604761904761904 0.016428571428571428 0.04285714285714286
0 0.6221428571428571 0.5404761904761904 0.007142857142857143 0.03333333333333333
0 0.6403571428571428 0.5304761904761904 0.017857142857142856 0.03619047619047619
0 0.6403571428571428 0.5152380952380953 0.012142857142857143 0.030476190476190476
0 0.7110714285714286 0.5547619047619048 0.013571428571428571 0.039047619047619046
0 0.7385714285714285 0.549047619047619 0.014285714285714285 0.037142857142857144
0 0.735 0.5395238095238095 0.015714285714285715 0.03333333333333333
0 0.7146428571428571 0.5219047619047619 0.016428571428571428 0.03428571428571429
0 0.695 0.5538095238095239 0.01 0.039047619047619046
0 0.6889285714285714 0.540952380952381 0.015 0.030476190476190476
0 0.6675 0.5566666666666666 0.007857142857142858 0.035238095238095235
0 0.6582142857142858 0.5566666666666666 0.009285714285714286 0.037142857142857144
0 0.6557142857142857 0.5457142857142857 0.008571428571428572 0.02857142857142857
0 0.6485714285714286 0.569047619047619 0.01 0.035238095238095235
0 0.67 0.6033333333333334 0.01 0.029523809523809525
0 0.6782142857142858 0.5938095238095238 0.007857142857142858 0.03142857142857143
0 0.6885714285714286 0.589047619047619 0.011428571428571429 0.035238095238095235
0 0.6703571428571429 0.5847619047619048 0.010714285714285714 0.03428571428571429
0 0.6882142857142857 0.5747619047619048 0.010714285714285714 0.03333333333333333
0 0.6632142857142858 0.5338095238095238 0.007857142857142858 0.03333333333333333
0 0.6085714285714285 0.3419047619047619 0.01 0.02666666666666667
0 0.8228571428571428 0.5495238095238095 0.02 0.03238095238095238
0 0.8339285714285715 0.5480952380952381 0.012142857142857143 0.025714285714285714
0 0.8475 0.550952380952381 0.019285714285714285 0.03333333333333333
0 0.8471428571428572 0.5261904761904762 0.02142857142857143 0.039047619047619046
0 0.8267857142857142 0.5033333333333333 0.016428571428571428 0.035238095238095235
0 0.8253571428571429 0.49333333333333335 0.015 0.030476190476190476
0 0.9471428571428572 0.47904761904761906 0.017142857142857144 0.04
0 0.8639285714285714 0.4861904761904762 0.012142857142857143 0.039047619047619046
0 0.9246428571428571 0.4676190476190476 0.013571428571428571 0.03428571428571429
0 0.7539285714285714 0.5066666666666667 0.012142857142857143 0.03428571428571429
0 0.6121428571428571 0.16714285714285715 0.004285714285714286 0.018095238095238095
0 0.29035714285714287 0.7380952380952381 0.020714285714285713 0.0380952380952381
0 0.30428571428571427 0.7371428571428571 0.014285714285714285 0.04