0 0.10642857142857143 0.5247619047619048 0.025714285714285714 0.07428571428571429
0 0.7146428571428571 0.6076190476190476 0.02214285714285714 0.10285714285714286
0 0.8860714285714286 0.6314285714285715 0.045 0.10857142857142857
0 0.5478571428571428 0.45 0.015714285714285715 0.05047619047619047
0 0.5914285714285714 0.4519047619047619 0.015714285714285715 0.04857142857142857
0 0.28785714285714287 0.560952380952381 0.027142857142857142 0.08
0 0.2925 0.540952380952381 0.013571428571428571 0.03428571428571429
0 0.5717857142857142 0.4576190476190476 0.013571428571428571 0.025714285714285714
0 0.1675 0.4319047619047619 0.009285714285714286 0.040952380952380955
0 0.16 0.4319047619047619 0.012857142857142857 0.04857142857142857
0 0.135 0.43523809523809526 0.02 0.045714285714285714
0 0.1225 0.43333333333333335 0.017857142857142856 0.047619047619047616
0 0.10964285714285714 0.4338095238095238 0.013571428571428571 0.04476190476190476
0 0.1 0.43238095238095237 0.014285714285714285 0.047619047619047616
0 0.1667857142857143 0.43 0.013571428571428571 0.04857142857142857
0 0.15285714285714286 0.4261904761904762 0.015714285714285715 0.05047619047619047
0 0.11857142857142858 0.42142857142857143 0.015714285714285715 0.05047619047619047
0 0.10428571428571429 0.43047619047619046 0.01 0.05142857142857143
0 0.15428571428571428 0.43857142857142856 0.014285714285714285 0.02761904761904762
0 0.15178571428571427 0.43523809523809526 0.016428571428571428 0.03238095238095238
0 0.14 0.430952380952381 0.012857142857142857 0.03142857142857143
0 0.038214285714285715 0.3676190476190476 0.007857142857142858 0.02666666666666667
0 0.0375 0.37 0.010714285714285714 0.029523809523809525
0 0.21 0.4266666666666667 0.027142857142857142 0.03238095238095238
0 0.25607142857142856 0.4157142857142857 0.019285714285714285 0.025714285714285714
0 0.21607142857142858 0.4123809523809524 0.015 0.0380952380952381
0 0.2067857142857143 0.41285714285714287 0.010714285714285714 0.039047619047619046
0 0.19642857142857142 0.3547619047619048 0.008571428571428572 0.01619047619047619
0 0.35464285714285715 0.36666666666666664 0.0064285714285714285 0.01904761904761905
0 0.32035714285714284 0.3952380952380952 0.009285714285714286 0.02095238095238095
0 0.3464285714285714 0.3919047619047619 0.014285714285714285 0.018095238095238095
0 0.3625 0.38285714285714284 0.007857142857142858 0.01904761904761905
0 0.36857142857142855 0.3842857142857143 0.007142857142857143 0.018095238095238095
0 0.41785714285714287 0.37666666666666665 0.008571428571428572 0.018095238095238095
0 0.44392857142857145 0.37285714285714283 0.009285714285714286 0.01619047619047619
0 0.3917857142857143 0.35904761904761906 0.005 0.017142857142857144
0 0.48214285714285715 0.3433333333333333 0.004285714285714286 0.012380952380952381
0 0.49107142857142855 0.3433333333333333 0.0064285714285714285 0.014285714285714285
0 0.5067857142857143 0.3333333333333333 0.0035714285714285713 0.011428571428571429
0 0.6871428571428572 0.3780952380952381 0.008571428571428572 0.02095238095238095
0 0.6625 0.3676190476190476 0.0064285714285714285 0.013333333333333334
0 0.7021428571428572 0.36666666666666664 0.005714285714285714 0.015238095238095238
0 0.7707142857142857 0.36666666666666664 0.005714285714285714 0.017142857142857144
0 0.7646428571428572 0.36666666666666664 0.005 0.015238095238095238
0 0.7903571428571429 0.36904761904761907 0.013571428571428571 0.01619047619047619