0 0.2507142857142857 0.11548223350253807 0.002857142857142857 0.01015228426395939
0 0.26357142857142857 0.25253807106598986 0.005714285714285714 0.007614213197969543
0 0.3275 0.2906091370558376 0.0035714285714285713 0.007614213197969543
0 0.1442857142857143 0.342005076142132 0.004285714285714286 0.008883248730964468
0 0.14464285714285716 0.350253807106599 0.002142857142857143 0.007614213197969543
0 0.1392857142857143 0.3483502538071066 0.004285714285714286 0.011421319796954314
0 0.06321428571428571 0.5945431472081218 0.0035714285714285713 0.006345177664974619
0 0.0575 0.6110406091370558 0.005 0.008883248730964468
0 0.5325 0.9619289340101523 0.0064285714285714285 0.012690355329949238
0 0.9517857142857142 0.9175126903553299 0.0064285714285714285 0.01015228426395939
0 0.9528571428571428 0.9118020304568528 0.004285714285714286 0.006345177664974619
0 0.9892857142857143 0.9397208121827412 0.007142857142857143 0.008883248730964468
0 0.9975 0.9302030456852792 0.005 0.005076142131979695