0 0.5560714285714285 0.2276190476190476 0.007857142857142858 0.01904761904761905
0 0.6164285714285714 0.7571428571428571 0.008571428571428572 0.024761904761904763
0 0.6085714285714285 0.7509523809523809 0.004285714285714286 0.02
0 0.6685714285714286 0.7176190476190476 0.005714285714285714 0.02761904761904762
0 0.6567857142857143 0.7338095238095238 0.0064285714285714285 0.023809523809523808
0 0.6753571428571429 0.0419047619047619 0.0064285714285714285 0.017142857142857144
0 0.6678571428571428 0.039523809523809524 0.005714285714285714 0.018095238095238095
0 0.7842857142857143 0.16904761904761906 0.007142857142857143 0.025714285714285714
0 0.7892857142857143 0.16714285714285715 0.005714285714285714 0.021904761904761906
0 0.7882142857142858 0.19285714285714287 0.009285714285714286 0.025714285714285714
0 0.8821428571428571 0.2857142857142857 0.005714285714285714 0.01904761904761905
0 0.8667857142857143 0.48714285714285716 0.0064285714285714285 0.025714285714285714
0 0.8303571428571429 0.508095238095238 0.010714285714285714 0.029523809523809525
0 0.8025 0.4895238095238095 0.009285714285714286 0.030476190476190476
0 0.7885714285714286 0.4938095238095238 0.007142857142857143 0.03142857142857143
0 0.9396428571428571 0.6195238095238095 0.0064285714285714285 0.03333333333333333