0 0.7453571428571428 0.09857142857142857 0.007857142857142858 0.01619047619047619
0 0.7367857142857143 0.1295238095238095 0.0064285714285714285 0.013333333333333334
0 0.7482142857142857 0.15666666666666668 0.005 0.014285714285714285
0 0.7582142857142857 0.16904761904761906 0.007857142857142858 0.014285714285714285
0 0.7689285714285714 0.18476190476190477 0.0064285714285714285 0.013333333333333334
0 0.7753571428571429 0.20333333333333334 0.005 0.012380952380952381
0 0.7739285714285714 0.2776190476190476 0.0064285714285714285 0.01619047619047619
0 0.8057142857142857 0.2957142857142857 0.007142857142857143 0.012380952380952381
0 0.8025 0.3823809523809524 0.007857142857142858 0.012380952380952381
0 0.8078571428571428 0.38 0.005714285714285714 0.009523809523809525
0 0.8164285714285714 0.3757142857142857 0.008571428571428572 0.014285714285714285
0 0.8621428571428571 0.3919047619047619 0.008571428571428572 0.010476190476190476
0 0.8721428571428571 0.3952380952380952 0.011428571428571429 0.015238095238095238
0 0.8796428571428572 0.38333333333333336 0.0064285714285714285 0.010476190476190476
0 0.8035714285714286 0.32904761904761903 0.005714285714285714 0.012380952380952381
0 0.8060714285714285 0.36 0.007857142857142858 0.017142857142857144
0 0.8064285714285714 0.3119047619047619 0.005714285714285714 0.010476190476190476
0 0.8035714285714286 0.3061904761904762 0.005714285714285714 0.014285714285714285
0 0.7457142857142857 0.07476190476190477 0.004285714285714286 0.012380952380952381
0 0.7414285714285714 0.0719047619047619 0.004285714285714286 0.012380952380952381
0 0.7385714285714285 0.06142857142857143 0.005714285714285714 0.012380952380952381