0 0.595 0.09047619047619047 0.004285714285714286 0.009523809523809525
0 0.5403571428571429 0.2257142857142857 0.010714285714285714 0.015238095238095238
0 0.875 0.35523809523809524 0.011428571428571429 0.03238095238095238
0 0.3296428571428571 0.26 0.010714285714285714 0.030476190476190476
0 0.4110714285714286 0.2523809523809524 0.013571428571428571 0.030476190476190476
0 0.19678571428571429 0.3304761904761905 0.02214285714285714 0.0380952380952381
0 0.20035714285714284 0.4585714285714286 0.015 0.037142857142857144
0 0.4725 0.3952380952380952 0.010714285714285714 0.04380952380952381
0 0.5107142857142857 0.13142857142857142 0.007142857142857143 0.01904761904761905
0 0.5585714285714286 0.03761904761904762 0.004285714285714286 0.012380952380952381
0 0.5257142857142857 0.013333333333333334 0.004285714285714286 0.009523809523809525
0 0.5907142857142857 0.05714285714285714 0.004285714285714286 0.013333333333333334
0 0.5775 0.04904761904761905 0.005 0.01619047619047619
0 0.8957142857142857 0.2619047619047619 0.012857142857142857 0.03428571428571429
0 0.9571428571428572 0.3080952380952381 0.015714285714285715 0.035238095238095235