0 0.3821428571428571 0.3180952380952381 0.004285714285714286 0.009523809523809525
0 0.3825 0.2904761904761905 0.009285714285714286 0.013333333333333334
0 0.36464285714285716 0.2904761904761905 0.013571428571428571 0.013333333333333334
0 0.3507142857142857 0.2904761904761905 0.012857142857142857 0.011428571428571429
0 0.335 0.29095238095238096 0.011428571428571429 0.012380952380952381
0 0.32071428571428573 0.2904761904761905 0.011428571428571429 0.013333333333333334
0 0.3075 0.29095238095238096 0.012142857142857143 0.012380952380952381
0 0.41892857142857143 0.7933333333333333 0.007857142857142858 0.02857142857142857
0 0.2671428571428571 0.9871428571428571 0.01 0.021904761904761906
0 0.6460714285714285 0.5523809523809524 0.007857142857142858 0.02095238095238095
0 0.6864285714285714 0.7647619047619048 0.01 0.02666666666666667
0 0.6485714285714286 0.7647619047619048 0.01 0.02666666666666667
0 0.6242857142857143 0.7638095238095238 0.014285714285714285 0.02666666666666667
0 0.6596428571428572 0.7647619047619048 0.009285714285714286 0.03619047619047619
0 0.5971428571428572 0.3961904761904762 0.004285714285714286 0.015238095238095238