0 0.5925 0.5726666666666667 0.006 0.02
0 0.5395 0.5576666666666666 0.007 0.016666666666666666
0 0.5485 0.544 0.006 0.012
0 0.5455 0.539 0.007 0.012666666666666666
0 0.5755 0.369 0.007 0.015333333333333332
0 0.52975 0.34833333333333333 0.0055 0.015333333333333332
0 0.55225 0.31466666666666665 0.0045 0.016
0 0.579 0.3433333333333333 0.005 0.008
0 0.4685 0.36766666666666664 0.004 0.014
0 0.443 0.38333333333333336 0.004 0.013333333333333334
0 0.31375 0.324 0.0045 0.016
0 0.3215 0.323 0.006 0.01
0 0.61025 0.276 0.0035 0.012
0 0.61475 0.2803333333333333 0.0035 0.012666666666666666
0 0.62725 0.2733333333333333 0.0025 0.008
0 0.62325 0.2663333333333333 0.0035 0.011333333333333334
0 0.49875 0.21966666666666668 0.0025 0.008666666666666666
0 0.496 0.21966666666666668 0.002 0.008666666666666666
0 0.22875 0.3383333333333333 0.0045 0.014
0 0.2325 0.332 0.006 0.014666666666666666
0 0.257 0.347 0.006 0.016666666666666666
0 0.29025 0.32466666666666666 0.0055 0.014666666666666666
0 0.28525 0.3373333333333333 0.0055 0.013333333333333334
0 0.2715 0.33466666666666667 0.006 0.010666666666666666
0 0.182 0.2806666666666667 0.005 0.013333333333333334
0 0.20525 0.276 0.0045 0.010666666666666666
0 0.20175 0.27066666666666667 0.0035 0.009333333333333334
0 0.20225 0.24133333333333334 0.0045 0.010666666666666666
0 0.2075 0.10433333333333333 0.003 0.008666666666666666