0 0.3317857142857143 0.02918781725888325 0.002142857142857143 0.007614213197969543
0 0.3439285714285714 0.32550761421319796 0.005 0.013959390862944163
0 0.1575 0.32614213197969544 0.005 0.012690355329949238
0 0.5492857142857143 0.38451776649746194 0.002857142857142857 0.01015228426395939
0 0.6103571428571428 0.49428934010152287 0.005 0.01649746192893401
0 0.6289285714285714 0.26776649746192893 0.0035714285714285713 0.012690355329949238
0 0.8082142857142857 0.21637055837563451 0.0035714285714285713 0.013959390862944163
0 0.9007142857142857 0.21573604060913706 0.004285714285714286 0.012690355329949238
0 0.8971428571428571 0.21383248730964466 0.008571428571428572 0.021573604060913704
0 0.8532142857142857 0.4796954314720812 0.005 0.012690355329949238
0 0.7053571428571429 0.4885786802030457 0.0035714285714285713 0.012690355329949238
0 0.9560714285714286 0.2182741116751269 0.0064285714285714285 0.012690355329949238