0 0.07142857142857142 0.5842857142857143 0.015714285714285715 0.010476190476190476
0 0.5428571428571428 0.9742857142857143 0.01 0.015238095238095238
0 0.5121428571428571 0.871904761904762 0.007142857142857143 0.01619047619047619
0 0.5210714285714285 0.8414285714285714 0.0064285714285714285 0.014285714285714285
0 0.5285714285714286 0.839047619047619 0.008571428571428572 0.011428571428571429
0 0.49892857142857144 0.6676190476190477 0.007857142857142858 0.011428571428571429
0 0.5085714285714286 0.6580952380952381 0.008571428571428572 0.009523809523809525
0 0.5164285714285715 0.6661904761904762 0.005714285714285714 0.010476190476190476
0 0.48892857142857143 0.58 0.0064285714285714285 0.011428571428571429
0 0.495 0.5876190476190476 0.007142857142857143 0.007619047619047619
0 0.4542857142857143 0.5719047619047619 0.007142857142857143 0.010476190476190476
0 0.43392857142857144 0.27285714285714285 0.005 0.010476190476190476
0 0.46785714285714286 0.22 0.007142857142857143 0.009523809523809525
0 0.4689285714285714 0.16476190476190475 0.0064285714285714285 0.011428571428571429
0 0.47464285714285714 0.1895238095238095 0.010714285714285714 0.011428571428571429
0 0.4182142857142857 0.13380952380952382 0.0064285714285714285 0.012380952380952381
0 0.47214285714285714 0.13523809523809524 0.007142857142857143 0.013333333333333334
0 0.4607142857142857 0.0419047619047619 0.01 0.017142857142857144
0 0.4235714285714286 0.08428571428571428 0.005714285714285714 0.014285714285714285
0 0.42392857142857143 0.07285714285714286 0.007857142857142858 0.014285714285714285
0 0.48428571428571426 0.03333333333333333 0.007142857142857143 0.013333333333333334
0 0.4114285714285714 0.04619047619047619 0.008571428571428572 0.01619047619047619
0 0.41785714285714287 0.03619047619047619 0.008571428571428572 0.017142857142857144