0 0.22857142857142856 0.19 0.005714285714285714 0.008571428571428572
0 0.04857142857142857 0.2976190476190476 0.005714285714285714 0.010476190476190476
0 0.2542857142857143 0.12428571428571429 0.004285714285714286 0.010476190476190476
0 0.2575 0.1219047619047619 0.0035714285714285713 0.009523809523809525
0 0.2642857142857143 0.11666666666666667 0.004285714285714286 0.012380952380952381
0 0.27535714285714286 0.07333333333333333 0.005 0.011428571428571429
0 0.15892857142857142 0.5747619047619048 0.010714285714285714 0.02
0 0.4064285714285714 0.07714285714285714 0.002857142857142857 0.007619047619047619
0 0.46285714285714286 0.21142857142857144 0.005714285714285714 0.015238095238095238
0 0.45821428571428574 0.2923809523809524 0.005 0.015238095238095238
0 0.6396428571428572 0.49857142857142855 0.005 0.01619047619047619
0 0.6942857142857143 0.42857142857142855 0.007142857142857143 0.017142857142857144
0 0.5982142857142857 0.47095238095238096 0.0064285714285714285 0.018095238095238095