0 0.17785714285714285 0.1361904761904762 0.015714285714285715 0.030476190476190476
0 0.2032142857142857 0.1523809523809524 0.015 0.03428571428571429
0 0.23357142857142857 0.16047619047619047 0.014285714285714285 0.037142857142857144
0 0.2692857142857143 0.23809523809523808 0.014285714285714285 0.03428571428571429
0 0.29714285714285715 0.2361904761904762 0.015714285714285715 0.03619047619047619
0 0.1767857142857143 0.11428571428571428 0.013571428571428571 0.03428571428571429
0 0.21714285714285714 0.14714285714285713 0.01 0.023809523809523808
0 0.30214285714285716 0.18476190476190477 0.017142857142857144 0.03428571428571429
0 0.31285714285714283 0.22333333333333333 0.014285714285714285 0.035238095238095235
0 0.38642857142857145 0.2119047619047619 0.014285714285714285 0.04476190476190476
0 0.4125 0.2623809523809524 0.016428571428571428 0.039047619047619046
0 0.42678571428571427 0.27476190476190476 0.012142857142857143 0.03333333333333333
0 0.38 0.3323809523809524 0.014285714285714285 0.030476190476190476
0 0.38 0.32047619047619047 0.017142857142857144 0.023809523809523808
0 0.45107142857142857 0.012380952380952381 0.007857142857142858 0.024761904761904763
0 0.49857142857142855 0.1523809523809524 0.012857142857142857 0.030476190476190476
0 0.5585714285714286 0.08523809523809524 0.01 0.02761904761904762
0 0.5046428571428572 0.25285714285714284 0.009285714285714286 0.029523809523809525
0 0.5107142857142857 0.24 0.01 0.0380952380952381
0 0.5053571428571428 0.2180952380952381 0.007857142857142858 0.02666666666666667
0 0.5210714285714285 0.1980952380952381 0.010714285714285714 0.03619047619047619
0 0.49785714285714283 0.20523809523809525 0.007142857142857143 0.03333333333333333
0 0.5528571428571428 0.26285714285714284 0.011428571428571429 0.0419047619047619
0 0.545 0.31666666666666665 0.011428571428571429 0.025714285714285714
0 0.675 0.3357142857142857 0.015714285714285715 0.035238095238095235
0 0.6728571428571428 0.32142857142857145 0.007142857142857143 0.01619047619047619
0 0.6525 0.2042857142857143 0.012142857142857143 0.04285714285714286
0 0.6739285714285714 0.21571428571428572 0.009285714285714286 0.04285714285714286
0 0.6996428571428571 0.20952380952380953 0.012142857142857143 0.0380952380952381
0 0.735 0.259047619047619 0.012857142857142857 0.04
0 0.7382142857142857 0.23142857142857143 0.013571428571428571 0.03619047619047619
0 0.7246428571428571 0.19428571428571428 0.010714285714285714 0.0380952380952381
0 0.33035714285714285 0.5228571428571429 0.027857142857142858 0.03619047619047619
0 0.6171428571428571 0.5614285714285714 0.017142857142857144 0.04666666666666667
0 0.6885714285714286 0.6433333333333333 0.015714285714285715 0.03142857142857143
0 0.6582142857142858 0.7295238095238096 0.017857142857142856 0.03619047619047619
0 0.2375 0.7119047619047619 0.030714285714285715 0.02761904761904762
0 0.23 0.6666666666666666 0.025714285714285714 0.030476190476190476