0 0.2525 0.11857142857142858 0.013571428571428571 0.039047619047619046
0 0.3225 0.06 0.005 0.022857142857142857
0 0.3292857142857143 0.19047619047619047 0.007142857142857143 0.01904761904761905
0 0.2692857142857143 0.21047619047619048 0.008571428571428572 0.022857142857142857
0 0.2767857142857143 0.3657142857142857 0.007857142857142858 0.013333333333333334
0 0.2664285714285714 0.42333333333333334 0.01 0.02
0 0.3607142857142857 0.43333333333333335 0.008571428571428572 0.02857142857142857
0 0.43357142857142855 0.6176190476190476 0.011428571428571429 0.018095238095238095
0 0.43464285714285716 0.6357142857142857 0.007857142857142858 0.01619047619047619
0 0.44892857142857145 0.6138095238095238 0.010714285714285714 0.01619047619047619
0 0.49714285714285716 0.6342857142857142 0.01 0.030476190476190476
0 0.43392857142857144 0.6757142857142857 0.012142857142857143 0.025714285714285714
0 0.5507142857142857 0.5042857142857143 0.014285714285714285 0.03333333333333333
0 0.5114285714285715 0.5657142857142857 0.008571428571428572 0.02666666666666667
0 0.5967857142857143 0.48 0.007857142857142858 0.03238095238095238
0 0.6164285714285714 0.4804761904761905 0.008571428571428572 0.02761904761904762
0 0.5857142857142857 0.5033333333333333 0.008571428571428572 0.025714285714285714
0 0.3960714285714286 0.3661904761904762 0.012142857142857143 0.02761904761904762
0 0.3917857142857143 0.4261904761904762 0.010714285714285714 0.025714285714285714
0 0.4585714285714286 0.4176190476190476 0.008571428571428572 0.029523809523809525
0 0.38642857142857145 0.4095238095238095 0.01 0.022857142857142857
0 0.3989285714285714 0.13476190476190475 0.005 0.014285714285714285
0 0.46785714285714286 0.08285714285714285 0.004285714285714286 0.017142857142857144
0 0.48428571428571426 0.030952380952380953 0.01 0.029523809523809525
0 0.3914285714285714 0.016666666666666666 0.005714285714285714 0.01619047619047619
0 0.5760714285714286 0.010476190476190476 0.010714285714285714 0.02095238095238095
0 0.5939285714285715 0.19142857142857142 0.005 0.011428571428571429
0 0.6603571428571429 0.06666666666666667 0.0035714285714285713 0.015238095238095238
0 0.8960714285714285 0.11190476190476191 0.007857142857142858 0.010476190476190476
0 0.9217857142857143 0.11 0.007857142857142858 0.01619047619047619
0 0.36357142857142855 0.3423809523809524 0.011428571428571429 0.02761904761904762