0 0.02425 0.9256666666666666 0.0485 0.046
0 0.16275 0.8243333333333334 0.0775 0.07
0 0.2275 0.7643333333333333 0.056 0.07133333333333333
0 0.08175 0.6423333333333333 0.0565 0.07
0 0.29925 0.7586666666666667 0.0545 0.07733333333333334
0 0.33925 0.7516666666666667 0.0585 0.07
0 0.673 0.9016666666666666 0.052 0.08866666666666667
0 0.569 0.7793333333333333 0.035 0.06
0 0.675 0.7293333333333333 0.035 0.05733333333333333
0 0.61925 0.72 0.0315 0.076
0 0.58575 0.7096666666666667 0.0305 0.048666666666666664
0 0.626 0.6546666666666666 0.035 0.06666666666666667
0 0.662 0.6346666666666667 0.035 0.058666666666666666
0 0.66575 0.5676666666666667 0.0285 0.078
0 0.7015 0.49633333333333335 0.031 0.059333333333333335
0 0.61825 0.5446666666666666 0.0225 0.06266666666666666
0 0.60075 0.5526666666666666 0.0225 0.06266666666666666
0 0.55875 0.5483333333333333 0.0315 0.062
0 0.61075 0.503 0.0305 0.06066666666666667
0 0.6315 0.49633333333333335 0.019 0.062
0 0.66275 0.45666666666666667 0.0285 0.072
0 0.6705 0.42533333333333334 0.028 0.06133333333333333
0 0.67425 0.3456666666666667 0.0275 0.06866666666666667
0 0.69875 0.331 0.0205 0.043333333333333335
0 0.69275 0.30233333333333334 0.0215 0.06333333333333334
0 0.634 0.19633333333333333 0.018 0.05266666666666667
0 0.64825 0.22966666666666666 0.0165 0.056666666666666664
0 0.6475 0.19233333333333333 0.026 0.056666666666666664
0 0.516 0.034333333333333334 0.019 0.04733333333333333
0 0.4465 0.013666666666666667 0.012 0.027333333333333334
0 0.19075 0.11566666666666667 0.0255 0.054
0 0.17 0.10933333333333334 0.027 0.036
0 0.15275 0.11533333333333333 0.0205 0.03333333333333333
0 0.72075 0.4513333333333333 0.0215 0.07333333333333333