0 0.335 0.8104761904761905 0.02142857142857143 0.08952380952380952
0 0.39571428571428574 0.8223809523809524 0.02857142857142857 0.10380952380952381
0 0.4110714285714286 0.7714285714285715 0.025 0.08190476190476191
0 0.29214285714285715 0.7195238095238096 0.02142857142857143 0.08857142857142856
0 0.3289285714285714 0.7047619047619048 0.027857142857142858 0.08
0 0.03964285714285714 0.6414285714285715 0.04071428571428572 0.07142857142857142
0 0.5492857142857143 0.37857142857142856 0.01 0.029523809523809525
0 0.5642857142857143 0.38 0.01 0.03428571428571429
0 0.5896428571428571 0.37666666666666665 0.010714285714285714 0.035238095238095235
0 0.5582142857142857 0.2604761904761905 0.007857142857142858 0.023809523809523808
0 0.40035714285714286 0.2838095238095238 0.009285714285714286 0.024761904761904763
0 0.4232142857142857 0.28476190476190477 0.007857142857142858 0.022857142857142857
0 0.41 0.3304761904761905 0.005714285714285714 0.02666666666666667
0 0.4207142857142857 0.3304761904761905 0.007142857142857143 0.030476190476190476
0 0.4657142857142857 0.32285714285714284 0.007142857142857143 0.02857142857142857
0 0.7957142857142857 0.24142857142857144 0.004285714285714286 0.010476190476190476
0 0.5571428571428572 0.439047619047619 0.015714285714285715 0.0419047619047619
0 0.4953571428571429 0.4261904761904762 0.015 0.037142857142857144
0 0.8864285714285715 0.3395238095238095 0.011428571428571429 0.025714285714285714
0 0.8142857142857143 0.36714285714285716 0.011428571428571429 0.03142857142857143
0 0.8228571428571428 0.3647619047619048 0.008571428571428572 0.02666666666666667
0 0.5675 0.27285714285714285 0.0064285714285714285 0.014285714285714285