0 0.32 0.07741116751269035 0.004285714285714286 0.012690355329949238
0 0.18928571428571428 0.23857868020304568 0.005714285714285714 0.02030456852791878
0 0.035 0.6960659898477157 0.011428571428571429 0.01649746192893401
0 0.7139285714285715 0.9543147208121827 0.007857142857142858 0.017766497461928935
0 0.7228571428571429 0.9365482233502538 0.005714285714285714 0.02284263959390863
0 0.7110714285714286 0.9333756345177665 0.0064285714285714285 0.01649746192893401
0 0.6882142857142857 0.9194162436548223 0.0064285714285714285 0.01903553299492386
0 0.7010714285714286 0.891497461928934 0.010714285714285714 0.0266497461928934
0 0.7357142857142858 0.9181472081218274 0.007142857142857143 0.01649746192893401
0 0.63 0.7157360406091371 0.01 0.02284263959390863
0 0.6139285714285714 0.6484771573604061 0.0064285714285714285 0.015228426395939087
0 0.5971428571428572 0.5983502538071066 0.005714285714285714 0.021573604060913704
0 0.7025 0.6383248730964467 0.0064285714285714285 0.025380710659898477
0 0.7357142857142858 0.6434010152284264 0.007142857142857143 0.025380710659898477
0 0.65 0.557741116751269 0.005714285714285714 0.01903553299492386
0 0.7139285714285715 0.5025380710659898 0.005 0.02284263959390863
0 0.7025 0.47779187817258884 0.005 0.024111675126903553
0 0.6182142857142857 0.3864213197969543 0.0064285714285714285 0.013959390862944163
0 0.6042857142857143 0.3934010152284264 0.007142857142857143 0.015228426395939087
0 0.5828571428571429 0.34454314720812185 0.005714285714285714 0.011421319796954314
0 0.6703571428571429 0.4016497461928934 0.0064285714285714285 0.01649746192893401
0 0.6560714285714285 0.3369289340101523 0.009285714285714286 0.01903553299492386
0 0.6089285714285714 0.25571065989847713 0.0064285714285714285 0.013959390862944163
0 0.5975 0.25317258883248733 0.007857142857142858 0.0266497461928934
0 0.6578571428571428 0.19098984771573604 0.01 0.021573604060913704
0 0.6539285714285714 0.14593908629441624 0.005 0.015228426395939087
0 0.655 0.1116751269035533 0.005714285714285714 0.015228426395939087
0 0.6514285714285715 0.09771573604060914 0.005714285714285714 0.015228426395939087
0 0.6478571428571429 0.07296954314720812 0.005714285714285714 0.01649746192893401
0 0.6378571428571429 0.06281725888324872 0.005714285714285714 0.013959390862944163
0 0.5875 0.06598984771573604 0.005 0.015228426395939087
0 0.5828571428571429 0.06091370558375635 0.004285714285714286 0.02030456852791878
0 0.6167857142857143 0.03426395939086294 0.0064285714285714285 0.02284263959390863
0 0.6435714285714286 0.0450507614213198 0.005714285714285714 0.01649746192893401
0 0.31642857142857145 0.07868020304568528 0.004285714285714286 0.012690355329949238
0 0.6732142857142858 0.23794416243654823 0.0064285714285714285 0.021573604060913704
0 0.6639285714285714 0.4067258883248731 0.0064285714285714285 0.021573604060913704
0 0.6225 0.3902284263959391 0.005 0.013959390862944163
0 0.5857142857142857 0.3565989847715736 0.005714285714285714 0.015228426395939087
0 0.6485714285714286 0.549492385786802 0.007142857142857143 0.017766497461928935
0 0.6353571428571428 0.5488578680203046 0.0064285714285714285 0.01903553299492386
0 0.6375 0.5596446700507615 0.005 0.02030456852791878
0 0.6417857142857143 0.5526649746192893 0.005 0.01903553299492386
0 0.61 0.6434010152284264 0.005714285714285714 0.015228426395939087
0 0.6560714285714285 0.8274111675126904 0.007857142857142858 0.025380710659898477
0 0.6507142857142857 0.7836294416243654 0.007142857142857143 0.01903553299492386
0 0.6571428571428571 0.7944162436548223 0.008571428571428572 0.02030456852791878
0 0.6528571428571428 0.8083756345177665 0.011428571428571429 0.017766497461928935
0 0.7389285714285714 0.9416243654822335 0.009285714285714286 0.02030456852791878