0 0.11464285714285714 0.20050761421319796 0.0064285714285714285 0.017766497461928935
0 0.024285714285714285 0.8635786802030457 0.012857142857142857 0.021573604060913704
0 0.047142857142857146 0.8559644670050761 0.007142857142857143 0.021573604060913704
0 0.04928571428571429 0.8426395939086294 0.008571428571428572 0.02030456852791878
0 0.0525 0.8261421319796954 0.0064285714285714285 0.015228426395939087
0 0.05857142857142857 0.8236040609137056 0.005714285714285714 0.012690355329949238
0 0.06 0.7925126903553299 0.005714285714285714 0.01649746192893401
0 0.06321428571428571 0.800761421319797 0.0064285714285714285 0.017766497461928935
0 0.0625 0.7779187817258884 0.007857142857142858 0.015228426395939087
0 0.06892857142857142 0.7785532994923858 0.0064285714285714285 0.01903553299492386
0 0.07285714285714286 0.7607868020304569 0.007142857142857143 0.01649746192893401
0 0.06785714285714285 0.7493654822335025 0.008571428571428572 0.011421319796954314
0 0.06678571428571428 0.756979695431472 0.0064285714285714285 0.011421319796954314
0 0.075 0.7366751269035533 0.008571428571428572 0.0266497461928934
0 0.07607142857142857 0.743020304568528 0.007857142857142858 0.0266497461928934
0 0.07821428571428571 0.7277918781725888 0.0064285714285714285 0.021573604060913704
0 0.08071428571428571 0.7189086294416244 0.007142857142857143 0.0266497461928934
0 0.08321428571428571 0.7081218274111675 0.0064285714285714285 0.027918781725888325
0 0.08821428571428572 0.6941624365482234 0.0064285714285714285 0.012690355329949238
0 0.09035714285714286 0.6776649746192893 0.009285714285714286 0.017766497461928935
0 0.09285714285714286 0.6732233502538071 0.008571428571428572 0.01649746192893401
0 0.4432142857142857 0.08312182741116751 0.0064285714285714285 0.021573604060913704
0 0.24607142857142858 0.4206852791878173 0.005 0.01649746192893401
0 0.2417857142857143 0.4346446700507614 0.0035714285714285713 0.01649746192893401
0 0.2292857142857143 0.5241116751269036 0.005714285714285714 0.02030456852791878