0 0.055357142857142855 0.4623809523809524 0.009285714285714286 0.014285714285714285
0 0.029642857142857144 0.46904761904761905 0.005 0.012380952380952381
0 0.34464285714285714 0.5009523809523809 0.005 0.011428571428571429
0 0.3514285714285714 0.5023809523809524 0.005714285714285714 0.010476190476190476
0 0.36178571428571427 0.550952380952381 0.0064285714285714285 0.01619047619047619
0 0.3385714285714286 0.5576190476190476 0.005714285714285714 0.012380952380952381
0 0.37464285714285717 0.5885714285714285 0.0064285714285714285 0.02095238095238095
0 0.3432142857142857 0.6023809523809524 0.007857142857142858 0.018095238095238095
0 0.21142857142857144 0.6042857142857143 0.011428571428571429 0.02761904761904762
0 0.15285714285714286 0.5733333333333334 0.008571428571428572 0.015238095238095238
0 0.165 0.8890476190476191 0.015714285714285715 0.02761904761904762
0 0.23714285714285716 0.9428571428571428 0.014285714285714285 0.02857142857142857
0 0.6242857142857143 0.6019047619047619 0.008571428571428572 0.013333333333333334
0 0.79 0.7338095238095238 0.007142857142857143 0.01619047619047619
0 0.7771428571428571 0.6914285714285714 0.01 0.024761904761904763
0 0.6814285714285714 0.6242857142857143 0.005714285714285714 0.02
0 0.6821428571428572 0.7480952380952381 0.007142857142857143 0.023809523809523808
0 0.6832142857142857 0.7404761904761905 0.0064285714285714285 0.010476190476190476
0 0.6335714285714286 0.6314285714285715 0.005714285714285714 0.02095238095238095
0 0.6771428571428572 0.3880952380952381 0.004285714285714286 0.004761904761904762
0 0.6392857142857142 0.4680952380952381 0.004285714285714286 0.014285714285714285
0 0.6296428571428572 0.5090476190476191 0.0035714285714285713 0.014285714285714285
0 0.6707142857142857 0.5133333333333333 0.008571428571428572 0.013333333333333334
0 0.6775 0.5185714285714286 0.0064285714285714285 0.014285714285714285
0 0.6803571428571429 0.5185714285714286 0.0035714285714285713 0.01619047619047619
0 0.6025 0.61 0.007857142857142858 0.018095238095238095
0 0.7392857142857143 0.5461904761904762 0.01 0.018095238095238095
0 0.9264285714285714 0.559047619047619 0.007142857142857143 0.013333333333333334
0 0.9321428571428572 0.5580952380952381 0.007142857142857143 0.017142857142857144
0 0.6017857142857143 0.6319047619047619 0.007857142857142858 0.018095238095238095
0 0.6225 0.6319047619047619 0.007857142857142858 0.018095238095238095
0 0.6117857142857143 0.6533333333333333 0.012142857142857143 0.01904761904761905
0 0.6032142857142857 0.6933333333333334 0.010714285714285714 0.017142857142857144
0 0.6035714285714285 0.700952380952381 0.008571428571428572 0.013333333333333334
0 0.5860714285714286 0.7114285714285714 0.010714285714285714 0.017142857142857144
0 0.6875 0.9533333333333334 0.016428571428571428 0.04380952380952381
0 0.4657142857142857 0.47333333333333333 0.004285714285714286 0.015238095238095238
0 0.4392857142857143 0.5161904761904762 0.007142857142857143 0.013333333333333334
0 0.43357142857142855 0.5347619047619048 0.004285714285714286 0.012380952380952381
0 0.44821428571428573 0.5261904761904762 0.0064285714285714285 0.018095238095238095
0 0.5282142857142857 0.5033333333333333 0.005 0.018095238095238095
0 0.5339285714285714 0.49714285714285716 0.0064285714285714285 0.013333333333333334
0 0.5075 0.4195238095238095 0.0064285714285714285 0.012380952380952381
0 0.5271428571428571 0.4080952380952381 0.004285714285714286 0.008571428571428572
0 0.5321428571428571 0.4119047619047619 0.004285714285714286 0.010476190476190476
0 0.5257142857142857 0.41619047619047617 0.004285714285714286 0.007619047619047619
0 0.5475 0.3976190476190476 0.0035714285714285713 0.010476190476190476