0 0.3982142857142857 0.18666666666666668 0.005 0.007619047619047619
0 0.42178571428571426 0.18619047619047618 0.002142857142857143 0.006666666666666667
0 0.42964285714285716 0.21 0.0035714285714285713 0.006666666666666667
0 0.42714285714285716 0.18666666666666668 0.002857142857142857 0.007619047619047619
0 0.4282142857142857 0.16476190476190475 0.0035714285714285713 0.005714285714285714
0 0.4275 0.16047619047619047 0.0035714285714285713 0.008571428571428572
0 0.5542857142857143 0.06095238095238095 0.002857142857142857 0.009523809523809525
0 0.5564285714285714 0.06190476190476191 0.004285714285714286 0.007619047619047619
0 0.5057142857142857 0.22857142857142856 0.002857142857142857 0.007619047619047619
0 0.41964285714285715 0.3252380952380952 0.0035714285714285713 0.006666666666666667
0 0.49214285714285716 0.31952380952380954 0.002857142857142857 0.006666666666666667
0 0.49357142857142855 0.30904761904761907 0.002857142857142857 0.004761904761904762
0 0.5132142857142857 0.6861904761904762 0.0035714285714285713 0.006666666666666667
0 0.5060714285714286 0.9895238095238095 0.0035714285714285713 0.009523809523809525
0 0.5082142857142857 0.9938095238095238 0.0035714285714285713 0.008571428571428572