0 0.49714285714285716 0.2963197969543147 0.011428571428571429 0.021573604060913704
0 0.49964285714285717 0.28109137055837563 0.010714285714285714 0.01903553299492386
0 0.4471428571428571 0.2303299492385787 0.007142857142857143 0.024111675126903553
0 0.5857142857142857 0.4232233502538071 0.008571428571428572 0.024111675126903553
0 0.595 0.4149746192893401 0.01 0.02284263959390863
0 0.6396428571428572 0.4384517766497462 0.007857142857142858 0.024111675126903553
0 0.6489285714285714 0.42956852791878175 0.009285714285714286 0.024111675126903553
0 0.8596428571428572 0.641497461928934 0.010714285714285714 0.01903553299492386
0 0.8492857142857143 0.6459390862944162 0.011428571428571429 0.017766497461928935
0 0.2864285714285714 0.7036802030456852 0.011428571428571429 0.024111675126903553
0 0.2739285714285714 0.7068527918781726 0.013571428571428571 0.02284263959390863
0 0.4667857142857143 0.8673857868020305 0.007857142857142858 0.0266497461928934
0 0.5371428571428571 0.9828680203045685 0.005714285714285714 0.01649746192893401
0 0.3292857142857143 0.13895939086294415 0.01 0.0266497461928934
0 0.3292857142857143 0.15736040609137056 0.017142857142857144 0.025380710659898477
0 0.32857142857142857 0.16878172588832488 0.012857142857142857 0.027918781725888325
0 0.32035714285714284 0.18083756345177665 0.007857142857142858 0.031725888324873094
0 0.105 0.11104060913705584 0.012857142857142857 0.0266497461928934
0 0.048928571428571425 0.11611675126903553 0.016428571428571428 0.02918781725888325
0 0.006071428571428571 0.17703045685279187 0.012142857142857143 0.0266497461928934
0 0.145 0.24175126903553298 0.011428571428571429 0.0266497461928934
0 0.14107142857142857 0.2906091370558376 0.013571428571428571 0.030456852791878174
0 0.24821428571428572 0.13578680203045684 0.007857142857142858 0.02030456852791878
0 0.8939285714285714 0.8420050761421319 0.016428571428571428 0.021573604060913704
0 0.8903571428571428 0.8261421319796954 0.015 0.02030456852791878
0 0.10821428571428572 0.9175126903553299 0.019285714285714285 0.017766497461928935
0 0.11107142857142857 0.9333756345177665 0.013571428571428571 0.01649746192893401