0 0.325 0.5333333333333333 0.015714285714285715 0.030476190476190476
0 0.4007142857142857 0.43476190476190474 0.007142857142857143 0.021904761904761906
0 0.42214285714285715 0.42952380952380953 0.008571428571428572 0.024761904761904763
0 0.42 0.4114285714285714 0.007142857142857143 0.022857142857142857
0 0.4032142857142857 0.4614285714285714 0.0064285714285714285 0.018095238095238095
0 0.41464285714285715 0.4880952380952381 0.010714285714285714 0.029523809523809525
0 0.6328571428571429 0.3157142857142857 0.008571428571428572 0.021904761904761906
0 0.7428571428571429 0.5552380952380952 0.008571428571428572 0.0419047619047619
0 0.7575 0.5628571428571428 0.015 0.0380952380952381
0 0.8335714285714285 0.5138095238095238 0.011428571428571429 0.03333333333333333
0 0.8360714285714286 0.4642857142857143 0.009285714285714286 0.03142857142857143
0 0.7403571428571428 0.46476190476190476 0.009285714285714286 0.02095238095238095
0 0.7410714285714286 0.36047619047619045 0.009285714285714286 0.02
0 0.73 0.3538095238095238 0.007142857142857143 0.023809523809523808
0 0.8639285714285714 0.540952380952381 0.009285714285714286 0.02857142857142857
0 0.8753571428571428 0.5404761904761904 0.010714285714285714 0.03333333333333333
0 0.9446428571428571 0.7723809523809524 0.015 0.03428571428571429
0 0.9475 0.58 0.009285714285714286 0.03428571428571429
0 0.5596428571428571 0.25761904761904764 0.005 0.012380952380952381