0 0.019642857142857142 0.11428571428571428 0.02642857142857143 0.030476190476190476
0 0.32607142857142857 0.07714285714285714 0.012142857142857143 0.01904761904761905
0 0.1492857142857143 0.9280952380952381 0.025714285714285714 0.02761904761904762
0 0.1432142857142857 0.9357142857142857 0.027857142857142858 0.023809523809523808
0 0.2075 0.8776190476190476 0.029285714285714286 0.025714285714285714
0 0.24321428571428572 0.6414285714285715 0.023571428571428573 0.02761904761904762
0 0.33964285714285714 0.579047619047619 0.019285714285714285 0.02666666666666667
0 0.33964285714285714 0.4961904761904762 0.015 0.024761904761904763
0 0.2835714285714286 0.4976190476190476 0.02142857142857143 0.03142857142857143
0 0.22 0.5257142857142857 0.02 0.02857142857142857
0 0.2475 0.39476190476190476 0.017857142857142856 0.021904761904761906
0 0.24142857142857144 0.3852380952380952 0.014285714285714285 0.021904761904761906
0 0.24 0.38904761904761903 0.022857142857142857 0.023809523809523808
0 0.21142857142857144 0.4061904761904762 0.015714285714285715 0.02
0 0.20892857142857144 0.40190476190476193 0.016428571428571428 0.02095238095238095
0 0.15 0.44 0.017142857142857144 0.01904761904761905
0 0.1475 0.44 0.025 0.024761904761904763
0 0.12142857142857143 0.4695238095238095 0.02142857142857143 0.022857142857142857
0 0.05035714285714286 0.4976190476190476 0.030714285714285715 0.021904761904761906
0 0.08928571428571429 0.41095238095238096 0.02 0.02761904761904762
0 0.09821428571428571 0.3661904761904762 0.017857142857142856 0.025714285714285714
0 0.17892857142857144 0.36142857142857143 0.02214285714285714 0.025714285714285714
0 0.13 0.34476190476190477 0.02 0.02666666666666667
0 0.11428571428571428 0.29714285714285715 0.012857142857142857 0.01904761904761905
0 0.11214285714285714 0.2947619047619048 0.015714285714285715 0.021904761904761906
0 0.11071428571428571 0.29428571428571426 0.018571428571428572 0.02095238095238095
0 0.10214285714285715 0.23761904761904762 0.018571428571428572 0.021904761904761906
0 0.10142857142857142 0.23666666666666666 0.02142857142857143 0.029523809523809525
0 0.048214285714285716 0.21428571428571427 0.025 0.02857142857142857
0 0.009285714285714286 0.28095238095238095 0.018571428571428572 0.02095238095238095
0 0.04607142857142857 0.5428571428571428 0.027857142857142858 0.024761904761904763
0 0.1392857142857143 0.5385714285714286 0.024285714285714285 0.03142857142857143
0 0.2325 0.7223809523809523 0.019285714285714285 0.025714285714285714
0 0.1657142857142857 0.6528571428571428 0.024285714285714285 0.023809523809523808
0 0.1457142857142857 0.6342857142857142 0.024285714285714285 0.024761904761904763
0 0.5757142857142857 0.9076190476190477 0.022857142857142857 0.03619047619047619
0 0.4157142857142857 0.6814285714285714 0.02142857142857143 0.029523809523809525
0 0.5067857142857143 0.6861904761904762 0.015 0.023809523809523808
0 0.9882142857142857 0.06619047619047619 0.016428571428571428 0.025714285714285714
0 0.43535714285714283 0.0419047619047619 0.012142857142857143 0.024761904761904763
0 0.3982142857142857 0.13428571428571429 0.010714285714285714 0.02095238095238095
0 0.39964285714285713 0.16380952380952382 0.010714285714285714 0.022857142857142857
0 0.4392857142857143 0.14666666666666667 0.011428571428571429 0.022857142857142857
0 0.8239285714285715 0.539047619047619 0.017857142857142856 0.02666666666666667
0 0.8821428571428571 0.38285714285714284 0.02 0.02095238095238095
0 0.8739285714285714 0.36714285714285716 0.016428571428571428 0.02
0 0.8632142857142857 0.3385714285714286 0.017857142857142856 0.02
0 0.8510714285714286 0.3057142857142857 0.015 0.022857142857142857
0 0.8617857142857143 0.3319047619047619 0.019285714285714285 0.01619047619047619
0 0.9153571428571429 0.4438095238095238 0.023571428571428573 0.02857142857142857
0 0.8975 0.44095238095238093 0.023571428571428573 0.030476190476190476
0 0.9028571428571428 0.42238095238095236 0.02142857142857143 0.029523809523809525
0 0.8517857142857143 0.4104761904761905 0.019285714285714285 0.02857142857142857
0 0.8603571428571428 0.40523809523809523 0.016428571428571428 0.029523809523809525
0 0.7385714285714285 0.23476190476190475 0.015714285714285715 0.029523809523809525
0 0.7217857142857143 0.2423809523809524 0.010714285714285714 0.03142857142857143
0 0.7242857142857143 0.2342857142857143 0.014285714285714285 0.02857142857142857
0 0.6114285714285714 0.19666666666666666 0.01 0.021904761904761906
0 0.6160714285714286 0.19952380952380952 0.012142857142857143 0.021904761904761906
0 0.6475 0.24714285714285714 0.009285714285714286 0.02
0 0.6157142857142858 0.26095238095238094 0.012857142857142857 0.022857142857142857
0 0.6203571428571428 0.26476190476190475 0.019285714285714285 0.02095238095238095
0 0.6403571428571428 0.3019047619047619 0.012142857142857143 0.024761904761904763
0 0.6021428571428571 0.310952380952381 0.012857142857142857 0.023809523809523808
0 0.7014285714285714 0.3595238095238095 0.011428571428571429 0.02
0 0.6542857142857142 0.36238095238095236 0.012857142857142857 0.02
0 0.6589285714285714 0.370952380952381 0.02214285714285714 0.021904761904761906
0 0.5417857142857143 0.27476190476190476 0.015 0.021904761904761906
0 0.49607142857142855 0.27095238095238094 0.012142857142857143 0.021904761904761906
0 0.5042857142857143 0.23809523809523808 0.011428571428571429 0.024761904761904763
0 0.4957142857142857 0.2038095238095238 0.01 0.024761904761904763
0 0.5407142857142857 0.20476190476190476 0.01 0.02857142857142857
0 0.5678571428571428 0.2671428571428571 0.012857142857142857 0.02
0 0.9321428571428572 0.22523809523809524 0.017142857142857144 0.01619047619047619
0 0.9339285714285714 0.2276190476190476 0.015 0.017142857142857144