0 0.8919885550786838 0.6531488549618321 0.01859799713876967 0.05438931297709924
0 0.7825464949928469 0.8463740458015268 0.01859799713876967 0.04961832061068702
0 0.674892703862661 0.8120229007633588 0.019313304721030045 0.05725190839694656
0 0.49427753934191704 0.6073473282442748 0.01430615164520744 0.039122137404580155
0 0.4238197424892704 0.6135496183206107 0.015021459227467811 0.04389312977099236
0 0.5150214592274678 0.7199427480916031 0.020028612303290415 0.035305343511450385
0 0.5472103004291845 0.8086832061068703 0.012875536480686695 0.039122137404580155
0 0.4488555078683834 0.5677480916030534 0.013590844062947067 0.03816793893129771
0 0.8086552217453505 0.5925572519083969 0.013590844062947067 0.04580152671755725
0 0.3240343347639485 0.37547709923664124 0.010014306151645207 0.02767175572519084
0 0.07761087267525035 0.26049618320610685 0.009298998569384835 0.02480916030534351
0 0.2632331902718169 0.39837786259541985 0.010014306151645207 0.03148854961832061
0 0.6398426323319027 0.36593511450381677 0.007868383404864092 0.03148854961832061
0 0.6824034334763949 0.3330152671755725 0.005722460658082976 0.015267175572519083
0 0.2453505007153076 0.33158396946564883 0.010014306151645207 0.025763358778625955
0 0.22603719599427755 0.3354007633587786 0.012875536480686695 0.025763358778625955
0 0.12804005722460657 0.2919847328244275 0.010014306151645207 0.02480916030534351
0 0.21638054363376252 0.41412213740458015 0.009298998569384835 0.01717557251908397
0 0.22639484978540772 0.40553435114503816 0.006437768240343348 0.019083969465648856
0 0.3197424892703863 0.5949427480916031 0.010014306151645207 0.029580152671755726
0 0.3551502145922747 0.6722328244274809 0.016452074391988557 0.02385496183206107
0 0.37160228898426323 0.6531488549618321 0.012160228898426323 0.039122137404580155
0 0.38626609442060084 0.6450381679389313 0.01430615164520744 0.03625954198473282
0 0.38197424892703863 0.6235687022900763 0.015736766809728183 0.035305343511450385
0 0.6258941344778255 0.691793893129771 0.015736766809728183 0.03816793893129771
0 0.7281831187410587 0.7180343511450382 0.01430615164520744 0.03721374045801527
0 0.7153075822603719 0.7361641221374046 0.020028612303290415 0.042938931297709926
0 0.9881974248927039 0.9446564885496184 0.022174535050071532 0.02862595419847328
0 0.9084406294706724 0.7094465648854962 0.020028612303290415 0.039122137404580155
0 0.649856938483548 0.5687022900763359 0.013590844062947067 0.02480916030534351
0 0.6573676680972819 0.5605916030534351 0.00715307582260372 0.02385496183206107
0 0.6616595135908441 0.5529580152671756 0.010014306151645207 0.02194656488549618