0 0.6046428571428571 0.557741116751269 0.02642857142857143 0.07233502538071065
0 0.6242857142857143 0.3870558375634518 0.011428571428571429 0.048223350253807105
0 0.6246428571428572 0.375 0.010714285714285714 0.04949238578680203
0 0.5985714285714285 0.26713197969543145 0.01 0.03934010152284264
0 0.7453571428571428 0.3470812182741117 0.013571428571428571 0.046954314720812185
0 0.7328571428571429 0.3280456852791878 0.014285714285714285 0.044416243654822336
0 0.8885714285714286 0.3946700507614213 0.011428571428571429 0.050761421319796954
0 0.8775 0.36611675126903553 0.013571428571428571 0.04949238578680203
0 0.7871428571428571 0.18781725888324874 0.007142857142857143 0.03299492385786802
0 0.7978571428571428 0.18781725888324874 0.008571428571428572 0.03553299492385787
0 0.8535714285714285 0.13071065989847716 0.01 0.02284263959390863