0 0.14857142857142858 0.6276190476190476 0.01 0.009523809523809525
0 0.25642857142857145 0.77 0.008571428571428572 0.012380952380952381
0 0.06607142857142857 0.5461904761904762 0.009285714285714286 0.012380952380952381
0 0.1792857142857143 0.3233333333333333 0.008571428571428572 0.010476190476190476
0 0.17285714285714285 0.29714285714285715 0.008571428571428572 0.009523809523809525
0 0.6639285714285714 0.6123809523809524 0.009285714285714286 0.009523809523809525
0 0.8953571428571429 0.5161904761904762 0.009285714285714286 0.009523809523809525
0 0.855 0.5985714285714285 0.007142857142857143 0.010476190476190476
0 0.8328571428571429 0.5961904761904762 0.007142857142857143 0.011428571428571429
0 0.8335714285714285 0.7971428571428572 0.01 0.011428571428571429
0 0.8007142857142857 0.87 0.011428571428571429 0.012380952380952381
0 0.7978571428571428 0.8052380952380952 0.01 0.010476190476190476
0 0.7207142857142858 0.7819047619047619 0.008571428571428572 0.009523809523809525