0 0.31107142857142855 0.9841370558375635 0.012142857142857143 0.02918781725888325
0 0.3242857142857143 0.9911167512690355 0.011428571428571429 0.015228426395939087
0 0.7167857142857142 0.9739847715736041 0.013571428571428571 0.046954314720812185
0 0.7296428571428571 0.9365482233502538 0.010714285714285714 0.04314720812182741
0 0.7232142857142857 0.8109137055837563 0.010714285714285714 0.03807106598984772
0 0.7339285714285714 0.8102791878172588 0.007857142857142858 0.03934010152284264
0 0.7157142857142857 0.7652284263959391 0.008571428571428572 0.03807106598984772
0 0.7242857142857143 0.7538071065989848 0.007142857142857143 0.03807106598984772
0 0.7007142857142857 0.748730964467005 0.011428571428571429 0.03807106598984772
0 0.4810714285714286 0.5818527918781726 0.0064285714285714285 0.024111675126903553
0 0.6217857142857143 0.5856598984771574 0.0064285714285714285 0.031725888324873094
0 0.6292857142857143 0.5958121827411168 0.005714285714285714 0.0266497461928934
0 0.4617857142857143 0.5520304568527918 0.009285714285714286 0.02284263959390863
0 0.46285714285714286 0.574238578680203 0.005714285714285714 0.01903553299492386
0 0.4657142857142857 0.5958121827411168 0.004285714285714286 0.0266497461928934
0 0.4617857142857143 0.6053299492385786 0.0035714285714285713 0.02284263959390863
0 0.005357142857142857 0.39213197969543145 0.009285714285714286 0.025380710659898477
0 0.0025 0.3902284263959391 0.005 0.024111675126903553
0 0.005714285714285714 0.3623096446700508 0.008571428571428572 0.021573604060913704
0 0.008571428571428572 0.35786802030456855 0.007142857142857143 0.025380710659898477
0 0.0125 0.3534263959390863 0.007857142857142858 0.021573604060913704
0 0.07107142857142858 0.28553299492385786 0.0064285714285714285 0.02284263959390863
0 0.1275 0.20558375634517767 0.0064285714285714285 0.02030456852791878
0 0.10892857142857143 0.24873096446700507 0.005 0.02030456852791878
0 0.16357142857142856 0.17385786802030456 0.004285714285714286 0.02030456852791878
0 0.1732142857142857 0.16370558375634517 0.0035714285714285713 0.017766497461928935
0 0.17535714285714285 0.16243654822335024 0.0035714285714285713 0.017766497461928935
0 0.17857142857142858 0.16307106598984772 0.002857142857142857 0.01649746192893401
0 0.18071428571428572 0.16116751269035534 0.004285714285714286 0.017766497461928935
0 0.225 0.1034263959390863 0.004285714285714286 0.01649746192893401
0 0.22071428571428572 0.11738578680203046 0.004285714285714286 0.013959390862944163
0 0.21607142857142858 0.11738578680203046 0.0035714285714285713 0.013959390862944163
0 0.1175 0.2436548223350254 0.009285714285714286 0.027918781725888325