0 0.31357142857142856 0.5856598984771574 0.005714285714285714 0.011421319796954314
0 0.5578571428571428 0.6897208121827412 0.002857142857142857 0.011421319796954314
0 0.5542857142857143 0.690989847715736 0.002857142857142857 0.008883248730964468
0 0.5282142857142857 0.6434010152284264 0.0035714285714285713 0.012690355329949238
0 0.5635714285714286 0.7284263959390863 0.004285714285714286 0.015228426395939087
0 0.5578571428571428 0.7296954314720813 0.004285714285714286 0.015228426395939087
0 0.3975 0.24809644670050762 0.005 0.011421319796954314
0 0.46 0.08312182741116751 0.002857142857142857 0.008883248730964468
0 0.3242857142857143 0.26713197969543145 0.002857142857142857 0.008883248730964468
0 0.48714285714285716 0.07677664974619289 0.002857142857142857 0.008883248730964468
0 0.4928571428571429 0.07423857868020305 0.002857142857142857 0.011421319796954314
0 0.48928571428571427 0.06345177664974619 0.002857142857142857 0.012690355329949238
0 0.4875 0.08946700507614214 0.0035714285714285713 0.011421319796954314
0 0.4807142857142857 0.005076142131979695 0.0014285714285714286 0.01015228426395939
0 0.49214285714285716 0.0532994923857868 0.002857142857142857 0.01015228426395939
0 0.5639285714285714 0.09137055837563451 0.002142857142857143 0.012690355329949238
0 0.5732142857142857 0.5774111675126904 0.0035714285714285713 0.017766497461928935
0 0.45285714285714285 0.6637055837563451 0.004285714285714286 0.01015228426395939
0 0.45607142857142857 0.6649746192893401 0.002142857142857143 0.01015228426395939
0 0.6985714285714286 0.8350253807106599 0.005714285714285714 0.01015228426395939
0 0.7014285714285714 0.8483502538071066 0.005714285714285714 0.011421319796954314
0 0.8496428571428571 0.4543147208121827 0.0064285714285714285 0.01015228426395939
0 0.9321428571428572 0.45685279187817257 0.01 0.02284263959390863
0 0.9839285714285714 0.44225888324873097 0.0035714285714285713 0.01649746192893401
0 0.8442857142857143 0.8236040609137056 0.004285714285714286 0.012690355329949238