0 0.027142857142857142 0.9428571428571428 0.01 0.02666666666666667
0 0.002857142857142857 0.8909523809523809 0.005714285714285714 0.02
0 0.009285714285714286 0.8933333333333333 0.005714285714285714 0.022857142857142857
0 0.5082142857142857 0.8461904761904762 0.010714285714285714 0.025714285714285714
0 0.9028571428571428 0.909047619047619 0.011428571428571429 0.023809523809523808
0 0.9178571428571428 0.8757142857142857 0.007142857142857143 0.023809523809523808
0 0.04535714285714286 0.809047619047619 0.013571428571428571 0.025714285714285714
0 0.06464285714285714 0.7971428571428572 0.009285714285714286 0.022857142857142857
0 0.08071428571428571 0.800952380952381 0.005714285714285714 0.022857142857142857
0 0.085 0.799047619047619 0.004285714285714286 0.01904761904761905
0 0.05107142857142857 0.7742857142857142 0.007857142857142858 0.024761904761904763
0 0.05928571428571429 0.7747619047619048 0.007142857142857143 0.023809523809523808
0 0.039285714285714285 0.7604761904761905 0.008571428571428572 0.021904761904761906
0 0.1675 0.73 0.0064285714285714285 0.02
0 0.2517857142857143 0.6514285714285715 0.005 0.009523809523809525
0 0.25142857142857145 0.6457142857142857 0.004285714285714286 0.011428571428571429
0 0.2325 0.6042857142857143 0.007857142857142858 0.014285714285714285
0 0.2092857142857143 0.6366666666666667 0.008571428571428572 0.014285714285714285
0 0.38785714285714284 0.4461904761904762 0.002857142857142857 0.01619047619047619
0 0.26285714285714284 0.4066666666666667 0.004285714285714286 0.015238095238095238
0 0.2675 0.3619047619047619 0.0064285714285714285 0.02095238095238095
0 0.2767857142857143 0.3476190476190476 0.002142857142857143 0.017142857142857144
0 0.2792857142857143 0.35523809523809524 0.002857142857142857 0.011428571428571429
0 0.2857142857142857 0.3514285714285714 0.004285714285714286 0.01904761904761905
0 0.29392857142857143 0.35904761904761906 0.0035714285714285713 0.013333333333333334
0 0.28214285714285714 0.37047619047619046 0.005714285714285714 0.015238095238095238
0 0.3196428571428571 0.32571428571428573 0.0035714285714285713 0.013333333333333334
0 0.33964285714285714 0.2714285714285714 0.0035714285714285713 0.017142857142857144
0 0.39571428571428574 0.2652380952380952 0.004285714285714286 0.018095238095238095
0 0.4089285714285714 0.2619047619047619 0.0035714285714285713 0.013333333333333334
0 0.4232142857142857 0.2776190476190476 0.0035714285714285713 0.01619047619047619
0 0.3692857142857143 0.09761904761904762 0.002857142857142857 0.008571428571428572
0 0.3732142857142857 0.08761904761904762 0.0035714285714285713 0.013333333333333334
0 0.43107142857142855 0.12761904761904763 0.002142857142857143 0.007619047619047619
0 0.43607142857142855 0.11761904761904762 0.0035714285714285713 0.012380952380952381
0 0.47535714285714287 0.13904761904761906 0.002142857142857143 0.011428571428571429
0 0.4775 0.61 0.0064285714285714285 0.02
0 0.4825 0.6114285714285714 0.005 0.02095238095238095
0 0.9260714285714285 0.6804761904761905 0.010714285714285714 0.02
0 0.9257142857142857 0.6957142857142857 0.01 0.02
0 0.5435714285714286 0.3580952380952381 0.002857142857142857 0.015238095238095238
0 0.6114285714285714 0.4423809523809524 0.004285714285714286 0.025714285714285714