0 0.05714285714285714 0.34517766497461927 0.007142857142857143 0.012690355329949238
0 0.14714285714285713 0.21446700507614214 0.007142857142857143 0.012690355329949238
0 0.225 0.26015228426395937 0.004285714285714286 0.015228426395939087
0 0.22392857142857142 0.2823604060913706 0.005 0.01649746192893401
0 0.21464285714285714 0.3052030456852792 0.005 0.011421319796954314
0 0.23392857142857143 0.2620558375634518 0.005 0.013959390862944163
0 0.23892857142857143 0.26713197969543145 0.005 0.008883248730964468
0 0.24464285714285713 0.2633248730964467 0.005 0.011421319796954314
0 0.2417857142857143 0.27347715736040606 0.002142857142857143 0.006345177664974619
0 0.24964285714285714 0.2760152284263959 0.0035714285714285713 0.008883248730964468
0 0.10142857142857142 0.4168781725888325 0.005714285714285714 0.008883248730964468
0 0.11571428571428571 0.3870558375634518 0.007142857142857143 0.01015228426395939
0 0.09535714285714286 0.4333756345177665 0.005 0.013959390862944163
0 0.10214285714285715 0.43147208121827413 0.008571428571428572 0.012690355329949238
0 0.09607142857142857 0.4289340101522843 0.007857142857142858 0.012690355329949238
0 0.052142857142857144 0.35596446700507617 0.005714285714285714 0.008883248730964468
0 0.20892857142857144 0.7880710659898477 0.005 0.01015228426395939
0 0.38107142857142856 0.5374365482233503 0.0035714285714285713 0.013959390862944163
0 0.40785714285714286 0.19225888324873097 0.005714285714285714 0.011421319796954314
0 0.42928571428571427 0.19796954314720813 0.002857142857142857 0.012690355329949238
0 0.4475 0.2036802030456853 0.0035714285714285713 0.011421319796954314
0 0.4492857142857143 0.20939086294416243 0.005714285714285714 0.012690355329949238
0 0.4882142857142857 0.02284263959390863 0.002142857142857143 0.015228426395939087
0 0.49178571428571427 0.021573604060913704 0.0035714285714285713 0.015228426395939087
0 0.48964285714285716 0.01903553299492386 0.0035714285714285713 0.017766497461928935
0 0.6321428571428571 0.05203045685279188 0.002857142857142857 0.01015228426395939
0 0.9107142857142857 0.5552030456852792 0.005714285714285714 0.011421319796954314
0 0.68 0.8388324873096447 0.008571428571428572 0.015228426395939087