0 0.07642857142857143 0.1838095238095238 0.014285714285714285 0.024761904761904763
0 0.07071428571428572 0.1880952380952381 0.007142857142857143 0.014285714285714285
0 0.06392857142857143 0.18142857142857144 0.012142857142857143 0.023809523809523808
0 0.2982142857142857 0.18857142857142858 0.007857142857142858 0.01904761904761905
0 0.35035714285714287 0.17666666666666667 0.005 0.012380952380952381
0 0.3482142857142857 0.17761904761904762 0.009285714285714286 0.021904761904761906
0 0.3914285714285714 0.1219047619047619 0.01 0.024761904761904763
0 0.4057142857142857 0.12666666666666668 0.008571428571428572 0.024761904761904763
0 0.5603571428571429 0.12095238095238095 0.0064285714285714285 0.024761904761904763
0 0.555 0.4876190476190476 0.012857142857142857 0.02095238095238095
0 0.6032142857142857 0.46 0.010714285714285714 0.015238095238095238
0 0.7378571428571429 0.3961904761904762 0.011428571428571429 0.02857142857142857
0 0.8192857142857143 0.8761904761904762 0.015714285714285715 0.022857142857142857
0 0.9282142857142858 0.5142857142857142 0.007857142857142858 0.01904761904761905