0 0.15357142857142858 0.9098984771573604 0.011428571428571429 0.027918781725888325
0 0.1392857142857143 0.7366751269035533 0.012857142857142857 0.0266497461928934
0 0.16642857142857143 0.6579949238578681 0.008571428571428572 0.024111675126903553
0 0.18285714285714286 0.6097715736040609 0.011428571428571429 0.02918781725888325
0 0.21392857142857144 0.5767766497461929 0.009285714285714286 0.024111675126903553
0 0.2032142857142857 0.5939086294416244 0.009285714285714286 0.02030456852791878
0 0.19178571428571428 0.583756345177665 0.009285714285714286 0.027918781725888325
0 0.26535714285714285 0.28743654822335024 0.0064285714285714285 0.01649746192893401
0 0.24821428571428572 0.27411167512690354 0.0064285714285714285 0.02284263959390863
0 0.2625 0.2315989847715736 0.0064285714285714285 0.024111675126903553
0 0.24714285714285714 0.18464467005076143 0.011428571428571429 0.02918781725888325
0 0.32 0.15418781725888325 0.005714285714285714 0.021573604060913704
0 0.3171428571428571 0.16941624365482233 0.007142857142857143 0.01903553299492386
0 0.33714285714285713 0.14657360406091371 0.008571428571428572 0.021573604060913704
0 0.3292857142857143 0.14022842639593908 0.004285714285714286 0.013959390862944163
0 0.3271428571428571 0.1484771573604061 0.005714285714285714 0.017766497461928935
0 0.29392857142857143 0.17703045685279187 0.005 0.01903553299492386
0 0.3003571428571429 0.1700507614213198 0.007857142857142858 0.02030456852791878
0 0.30107142857142855 0.15862944162436549 0.007857142857142858 0.017766497461928935
0 0.29714285714285715 0.15418781725888325 0.005714285714285714 0.01649746192893401
0 0.2867857142857143 0.15291878172588833 0.005 0.011421319796954314
0 0.29214285714285715 0.16116751269035534 0.005714285714285714 0.015228426395939087
0 0.28 0.1598984771573604 0.007142857142857143 0.02030456852791878
0 0.2742857142857143 0.16624365482233502 0.005714285714285714 0.017766497461928935
0 0.2775 0.1751269035532995 0.005 0.02284263959390863
0 0.2832142857142857 0.1802030456852792 0.009285714285714286 0.025380710659898477
0 0.28464285714285714 0.2201776649746193 0.0064285714285714285 0.01903553299492386
0 0.2710714285714286 0.21446700507614214 0.0064285714285714285 0.015228426395939087
0 0.27035714285714285 0.2315989847715736 0.005 0.011421319796954314
0 0.275 0.22842639593908629 0.007142857142857143 0.015228426395939087
0 0.2789285714285714 0.22461928934010153 0.0064285714285714285 0.02030456852791878
0 0.2925 0.31725888324873097 0.0064285714285714285 0.02030456852791878
0 0.3167857142857143 0.2645939086294416 0.007857142857142858 0.01903553299492386
0 0.2975 0.3032994923857868 0.0064285714285714285 0.017766497461928935
0 0.30142857142857143 0.350253807106599 0.008571428571428572 0.02030456852791878
0 0.2342857142857143 0.31725888324873097 0.007142857142857143 0.017766497461928935
0 0.17357142857142857 0.6541878172588832 0.008571428571428572 0.024111675126903553
0 0.21785714285714286 0.666243654822335 0.01 0.025380710659898477
0 0.29928571428571427 0.7633248730964467 0.008571428571428572 0.02918781725888325
0 0.28714285714285714 0.8236040609137056 0.014285714285714285 0.025380710659898477
0 0.12071428571428572 0.9898477157360406 0.012857142857142857 0.017766497461928935