0 0.27244258872651356 0.5677179962894249 0.010438413361169102 0.02411873840445269
0 0.33950939457202506 0.6498144712430427 0.008872651356993737 0.03432282003710575
0 0.3541231732776618 0.6535250463821892 0.007828810020876827 0.023191094619666047
0 0.3804801670146138 0.6071428571428571 0.006263048016701462 0.0287569573283859
0 0.48512526096033404 0.5839517625231911 0.004697286012526096 0.021335807050092765
0 0.4866910229645094 0.5899814471243042 0.007828810020876827 0.029684601113172542
0 0.5670668058455115 0.6730055658627088 0.009916492693110648 0.03432282003710575
0 0.6390918580375783 0.8455473098330241 0.009916492693110648 0.02504638218923933
0 0.5832463465553236 0.7435064935064936 0.006784968684759917 0.030612244897959183
0 0.576722338204593 0.7411873840445269 0.009394572025052192 0.02040816326530612
0 0.7727035490605428 0.8195732838589982 0.013048016701461378 0.02504638218923933
0 0.7481732776617954 0.8353432282003711 0.013048016701461378 0.036178107606679034
0 0.5983820459290188 0.5222634508348795 0.004697286012526096 0.01855287569573284
0 0.6025574112734864 0.525974025974026 0.004697286012526096 0.022263450834879406
0 0.6062108559498957 0.5217996289424861 0.005741127348643006 0.023191094619666047
0 0.5347077244258872 0.4684601113172542 0.0036534446764091857 0.02411873840445269
0 0.558455114822547 0.4387755102040816 0.003131524008350731 0.01855287569573284
0 0.6229123173277662 0.4420222634508349 0.004697286012526096 0.017625231910946195
0 0.5062630480167014 0.37708719851576994 0.005219206680584551 0.012059369202226345
0 0.48956158663883087 0.47680890538033394 0.005219206680584551 0.016697588126159554
0 0.5983820459290188 0.32142857142857145 0.0036534446764091857 0.013914656771799629
0 0.5975991649269311 0.2982374768089054 0.003131524008350731 0.012059369202226345
0 0.5067849686847599 0.2963821892393321 0.003131524008350731 0.012059369202226345
0 0.5096555323590815 0.287569573283859 0.0026096033402922755 0.011131725417439703
0 0.5315762004175365 0.2949907235621521 0.0026096033402922755 0.00927643784786642
0 0.5153966597077244 0.288961038961039 0.0026096033402922755 0.008348794063079777
0 0.5701983298538622 0.27133580705009275 0.0026096033402922755 0.01020408163265306
0 0.5534968684759917 0.22866419294990722 0.0015657620041753654 0.006493506493506494
0 0.5521920668058455 0.2277365491651206 0.0020876826722338203 0.008348794063079777
0 0.5208768267223383 0.2193877551020408 0.0020876826722338203 0.006493506493506494
0 0.5161795407098121 0.21846011131725418 0.0020876826722338203 0.00463821892393321
0 0.5242693110647182 0.19573283858998144 0.0015657620041753654 0.0037105751391465678