0 0.773 0.242 0.014 0.02
0 0.70375 0.16466666666666666 0.0135 0.02
0 0.5785 0.173 0.011 0.027333333333333334
0 0.504 0.16566666666666666 0.011 0.027333333333333334
0 0.751 0.09466666666666666 0.015 0.02266666666666667
0 0.758 0.10866666666666666 0.016 0.025333333333333333
0 0.0815 0.284 0.021 0.02266666666666667
0 0.091 0.31733333333333336 0.022 0.021333333333333333
0 0.0675 0.396 0.023 0.018666666666666668
0 0.09675 0.26766666666666666 0.0205 0.019333333333333334
0 0.121 0.2926666666666667 0.025 0.017333333333333333
0 0.12425 0.19266666666666668 0.0215 0.02666666666666667