0 0.4007142857142857 0.9206852791878173 0.007142857142857143 0.01903553299492386
0 0.4775 0.8546954314720813 0.009285714285714286 0.01903553299492386
0 0.4860714285714286 0.8718274111675127 0.009285714285714286 0.015228426395939087
0 0.5489285714285714 0.8229695431472082 0.005 0.01903553299492386
0 0.5528571428571428 0.7829949238578681 0.01 0.02030456852791878
0 0.45535714285714285 0.9086294416243654 0.007857142857142858 0.02284263959390863
0 0.4942857142857143 0.9149746192893401 0.007142857142857143 0.012690355329949238
0 0.5046428571428572 0.9048223350253807 0.0064285714285714285 0.015228426395939087
0 0.5153571428571428 0.9048223350253807 0.009285714285714286 0.02284263959390863
0 0.5275 0.9067258883248731 0.0064285714285714285 0.01903553299492386
0 0.6289285714285714 0.9574873096446701 0.007857142857142858 0.01903553299492386
0 0.6482142857142857 0.9479695431472082 0.0064285714285714285 0.025380710659898477