0 0.46575 0.753 0.0085 0.019333333333333334
0 0.045 0.6936666666666667 0.021 0.022
0 0.09325 0.4086666666666667 0.0135 0.028
0 0.11025 0.43533333333333335 0.0135 0.028
0 0.119 0.44066666666666665 0.008 0.02266666666666667
0 0.11625 0.5073333333333333 0.0155 0.03333333333333333
0 0.12275 0.4816666666666667 0.0095 0.015333333333333332
0 0.12825 0.4663333333333333 0.0145 0.012666666666666666
0 0.13975 0.38033333333333336 0.0185 0.020666666666666667
0 0.24025 0.202 0.0095 0.030666666666666665
0 0.0675 0.5233333333333333 0.019 0.032
0 0.33025 0.051666666666666666 0.0055 0.018
0 0.2485 0.232 0.009 0.02266666666666667
0 0.33125 0.3903333333333333 0.0095 0.028666666666666667