0 0.12265135699373696 0.18228200371057515 0.0041753653444676405 0.012059369202226345
0 0.1524008350730689 0.1859925788497217 0.0041753653444676405 0.01020408163265306
0 0.1649269311064718 0.16651205936920221 0.003131524008350731 0.01020408163265306
0 0.17249478079331942 0.17532467532467533 0.0036534446764091857 0.011131725417439703
0 0.018789144050104383 0.4318181818181818 0.008350730688935281 0.023191094619666047
0 0.04305845511482255 0.5 0.009916492693110648 0.029684601113172542
0 0.0511482254697286 0.4976808905380334 0.010438413361169102 0.032467532467532464
0 0.058194154488517745 0.4958256029684601 0.009916492693110648 0.032467532467532464
0 0.17379958246346555 0.15816326530612246 0.0041753653444676405 0.012059369202226345
0 0.1440501043841336 0.1507421150278293 0.0041753653444676405 0.01020408163265306
0 0.14979123173277661 0.14471243042671614 0.003131524008350731 0.011131725417439703
0 0.1771920668058455 0.14192949907235622 0.0036534446764091857 0.014842300556586271
0 0.18554279749478078 0.1280148423005566 0.0036534446764091857 0.00927643784786642
0 0.17510438413361168 0.12894248608534323 0.0015657620041753654 0.00927643784786642
0 0.174321503131524 0.1280148423005566 0.003131524008350731 0.00927643784786642
0 0.4582463465553236 0.7764378478664193 0.011482254697286013 0.03525046382189239
0 0.6529227557411273 0.7068645640074211 0.013569937369519834 0.029684601113172542
0 0.656054279749478 0.7263450834879406 0.010438413361169102 0.03710575139146568
0 0.639874739039666 0.7430426716141002 0.008350730688935281 0.04081632653061224
0 0.642223382045929 0.7365491651205937 0.005741127348643006 0.02411873840445269
0 0.4791231732776618 0.40816326530612246 0.006263048016701462 0.01855287569573284
0 0.4298016701461378 0.32421150278293137 0.006784968684759917 0.013914656771799629
0 0.44467640918580376 0.3098330241187384 0.005219206680584551 0.02040816326530612
0 0.44154488517745305 0.2922077922077922 0.005219206680584551 0.014842300556586271
0 0.3862212943632568 0.20037105751391465 0.005219206680584551 0.014842300556586271
0 0.4253653444676409 0.2653061224489796 0.006263048016701462 0.012987012987012988
0 0.35829853862212946 0.13358070500927643 0.0036534446764091857 0.011131725417439703
0 0.3564718162839248 0.13358070500927643 0.003131524008350731 0.0074211502782931356
0 0.3366388308977035 0.07328385899814471 0.0020876826722338203 0.0074211502782931356
0 0.3747390396659708 0.41465677179962895 0.006263048016701462 0.012987012987012988
0 0.36482254697286015 0.30844155844155846 0.0041753653444676405 0.01020408163265306
0 0.36795407098121086 0.30844155844155846 0.0041753653444676405 0.01020408163265306
0 0.3661273486430063 0.3042671614100185 0.005741127348643006 0.014842300556586271
0 0.34342379958246344 0.2852504638218924 0.006263048016701462 0.015769944341372914
0 0.2753131524008351 0.28617810760667906 0.005741127348643006 0.015769944341372914
0 0.2695720250521921 0.2305194805194805 0.004697286012526096 0.01020408163265306
0 0.2792275574112735 0.1901669758812616 0.0041753653444676405 0.00927643784786642
0 0.26252609603340293 0.5871985157699443 0.009394572025052192 0.027829313543599257
0 0.30558455114822547 0.09461966604823747 0.0026096033402922755 0.0074211502782931356
0 0.30662839248434237 0.10528756957328386 0.0036534446764091857 0.006493506493506494
0 0.27609603340292277 0.08951762523191095 0.0020876826722338203 0.006493506493506494
0 0.27609603340292277 0.07235621521335807 0.0020876826722338203 0.0055658627087198514
0 0.27426931106471814 0.06679035250463822 0.0026096033402922755 0.0074211502782931356
0 0.3068893528183716 0.07050092764378478 0.0020876826722338203 0.0055658627087198514