0 0.3489285714285714 0.2695238095238095 0.005 0.01904761904761905
0 0.38535714285714284 0.29333333333333333 0.0064285714285714285 0.015238095238095238
0 0.024285714285714285 0.3261904761904762 0.011428571428571429 0.01619047619047619
0 0.028214285714285713 0.3466666666666667 0.015 0.015238095238095238
0 0.09 0.38095238095238093 0.012857142857142857 0.017142857142857144
0 0.20214285714285715 0.46095238095238095 0.011428571428571429 0.022857142857142857
0 0.20357142857142857 0.4938095238095238 0.012857142857142857 0.01619047619047619
0 0.2025 0.4938095238095238 0.012142857142857143 0.018095238095238095
0 0.23357142857142857 0.5142857142857142 0.011428571428571429 0.015238095238095238
0 0.3217857142857143 0.5619047619047619 0.010714285714285714 0.022857142857142857
0 0.26964285714285713 0.5871428571428572 0.010714285714285714 0.01619047619047619
0 0.1825 0.6704761904761904 0.016428571428571428 0.01904761904761905
0 0.4164285714285714 0.6561904761904762 0.011428571428571429 0.02095238095238095
0 0.4089285714285714 0.6533333333333333 0.009285714285714286 0.02095238095238095
0 0.4496428571428571 0.6414285714285715 0.013571428571428571 0.021904761904761906
0 0.5121428571428571 0.6828571428571428 0.011428571428571429 0.01904761904761905
0 0.655 0.800952380952381 0.012857142857142857 0.02095238095238095
0 0.5539285714285714 0.9042857142857142 0.017857142857142856 0.021904761904761906
0 0.5664285714285714 0.9504761904761905 0.015714285714285715 0.02095238095238095
0 0.5825 0.9928571428571429 0.015 0.014285714285714285
0 0.5332142857142858 0.8590476190476191 0.019285714285714285 0.022857142857142857
0 0.8003571428571429 0.9523809523809523 0.019285714285714285 0.02666666666666667
0 0.7835714285714286 0.9071428571428571 0.017142857142857144 0.021904761904761906
0 0.7917857142857143 0.8547619047619047 0.017857142857142856 0.023809523809523808
0 0.4610714285714286 0.10380952380952381 0.005 0.011428571428571429
0 0.4714285714285714 0.0980952380952381 0.005714285714285714 0.017142857142857144
0 0.5842857142857143 0.22047619047619046 0.008571428571428572 0.014285714285714285
0 0.5792857142857143 0.23809523809523808 0.004285714285714286 0.009523809523809525
0 0.5632142857142857 0.2523809523809524 0.0064285714285714285 0.011428571428571429
0 0.42642857142857143 0.31142857142857144 0.008571428571428572 0.015238095238095238
0 0.4492857142857143 0.2914285714285714 0.008571428571428572 0.013333333333333334
0 0.46214285714285713 0.30142857142857143 0.007142857142857143 0.014285714285714285
0 0.48178571428571426 0.35285714285714287 0.007857142857142858 0.014285714285714285
0 0.54 0.38476190476190475 0.007142857142857143 0.013333333333333334
0 0.4957142857142857 0.27476190476190476 0.008571428571428572 0.018095238095238095
0 0.5360714285714285 0.29619047619047617 0.007857142857142858 0.017142857142857144
0 0.5360714285714285 0.2714285714285714 0.007857142857142858 0.015238095238095238
0 0.5278571428571428 0.26476190476190475 0.005714285714285714 0.015238095238095238
0 0.5114285714285715 0.2642857142857143 0.007142857142857143 0.018095238095238095
0 0.5139285714285714 0.2633333333333333 0.005 0.01619047619047619
0 0.5525 0.36 0.0064285714285714285 0.013333333333333334
0 0.5521428571428572 0.37285714285714283 0.005714285714285714 0.014285714285714285
0 0.5564285714285714 0.3761904761904762 0.005714285714285714 0.015238095238095238
0 0.5882142857142857 0.40095238095238095 0.009285714285714286 0.015238095238095238
0 0.6371428571428571 0.44142857142857145 0.008571428571428572 0.014285714285714285
0 0.6628571428571428 0.4380952380952381 0.011428571428571429 0.013333333333333334
0 0.6803571428571429 0.4338095238095238 0.009285714285714286 0.018095238095238095
0 0.7285714285714285 0.38952380952380955 0.008571428571428572 0.017142857142857144
0 0.7282142857142857 0.45285714285714285 0.012142857142857143 0.014285714285714285
0 0.7542857142857143 0.4838095238095238 0.008571428571428572 0.015238095238095238
0 0.7889285714285714 0.5261904761904762 0.012142857142857143 0.018095238095238095
0 0.8417857142857142 0.5171428571428571 0.013571428571428571 0.02095238095238095
0 0.8542857142857143 0.5338095238095238 0.008571428571428572 0.021904761904761906
0 0.8646428571428572 0.55 0.012142857142857143 0.018095238095238095
0 0.8778571428571429 0.5433333333333333 0.012857142857142857 0.01619047619047619
0 0.9246428571428571 0.5633333333333334 0.012142857142857143 0.01619047619047619
0 0.9325 0.5852380952380952 0.009285714285714286 0.02
0 0.9671428571428572 0.6042857142857143 0.014285714285714285 0.02
0 0.9464285714285714 0.6228571428571429 0.018571428571428572 0.02095238095238095
0 0.9564285714285714 0.5366666666666666 0.014285714285714285 0.02761904761904762
0 0.6778571428571428 0.43857142857142856 0.01 0.01619047619047619