0 0.31941544885177453 0.647495361781076 0.007306889352818371 0.03153988868274583
0 0.5075678496868476 0.4865491651205937 0.005741127348643006 0.02504638218923933
0 0.5274008350730689 0.6563079777365491 0.008872651356993737 0.03432282003710575
0 0.5062630480167014 0.6307977736549165 0.007306889352818371 0.02411873840445269
0 0.49086638830897705 0.6600185528756958 0.007828810020876827 0.032467532467532464
0 0.48643006263048016 0.6595547309833024 0.007306889352818371 0.03339517625231911
0 0.4812108559498956 0.6590909090909091 0.008350730688935281 0.036178107606679034
0 0.4746868475991649 0.6623376623376623 0.007828810020876827 0.027829313543599257
0 0.46868475991649267 0.935064935064935 0.015657620041753653 0.03710575139146568
0 0.5448851774530271 0.890074211502783 0.009394572025052192 0.03432282003710575
0 0.5456680584551148 0.9526901669758813 0.014091858037578288 0.03525046382189239
0 0.6610125260960334 0.7077922077922078 0.005741127348643006 0.022263450834879406
0 0.5915970772442589 0.6952690166975881 0.007828810020876827 0.038033395176252316
0 0.625 0.511595547309833 0.006784968684759917 0.02504638218923933
0 0.5735908141962421 0.36038961038961037 0.003131524008350731 0.01020408163265306
0 0.5495824634655533 0.32560296846011133 0.005219206680584551 0.012987012987012988
0 0.5850730688935282 0.3450834879406308 0.0041753653444676405 0.014842300556586271
0 0.5117432150313153 0.31910946196660483 0.0036534446764091857 0.014842300556586271
0 0.5020876826722338 0.3038033395176252 0.003131524008350731 0.012059369202226345
0 0.4846033402922756 0.32792207792207795 0.004697286012526096 0.017625231910946195
0 0.4780793319415449 0.32838589981447125 0.003131524008350731 0.00927643784786642
0 0.5448851774530271 0.29962894248608535 0.003131524008350731 0.014842300556586271
0 0.5208768267223383 0.27319109461966606 0.003131524008350731 0.01020408163265306
0 0.5164405010438413 0.27690166975881264 0.0036534446764091857 0.012059369202226345
0 0.5553235908141962 0.2917439703153989 0.0041753653444676405 0.008348794063079777
0 0.5563674321503131 0.29035250463821893 0.0041753653444676405 0.011131725417439703
0 0.5772442588726514 0.2690166975881262 0.003131524008350731 0.011131725417439703
0 0.4997390396659708 0.22448979591836735 0.0036534446764091857 0.011131725417439703
0 0.5026096033402923 0.22402597402597402 0.003131524008350731 0.012059369202226345
0 0.5049582463465553 0.19294990723562153 0.0026096033402922755 0.0055658627087198514
0 0.7019832985386222 0.9165120593692022 0.010438413361169102 0.03710575139146568