0 0.45571428571428574 0.5780952380952381 0.007142857142857143 0.017142857142857144
0 0.5367857142857143 0.4719047619047619 0.0064285714285714285 0.01619047619047619
0 0.4835714285714286 0.3461904761904762 0.004285714285714286 0.010476190476190476
0 0.4667857142857143 0.38333333333333336 0.005 0.010476190476190476
0 0.9332142857142857 0.8709523809523809 0.010714285714285714 0.018095238095238095
0 0.3225 0.7904761904761904 0.010714285714285714 0.01904761904761905
0 0.7 0.3119047619047619 0.004285714285714286 0.014285714285714285
0 0.6807142857142857 0.2695238095238095 0.004285714285714286 0.009523809523809525
0 0.6521428571428571 0.25761904761904764 0.004285714285714286 0.012380952380952381
0 0.6596428571428572 0.24761904761904763 0.0035714285714285713 0.011428571428571429
0 0.6760714285714285 0.24571428571428572 0.005 0.011428571428571429
0 0.6703571428571429 0.2438095238095238 0.005 0.013333333333333334
0 0.6403571428571428 0.23952380952380953 0.0035714285714285713 0.008571428571428572
0 0.6592857142857143 0.24285714285714285 0.002857142857142857 0.011428571428571429
0 0.6592857142857143 0.3242857142857143 0.005714285714285714 0.018095238095238095
0 0.6864285714285714 0.33714285714285713 0.004285714285714286 0.009523809523809525
0 0.7728571428571429 0.4595238095238095 0.005714285714285714 0.012380952380952381