0 0.2292857142857143 0.20050761421319796 0.002857142857142857 0.012690355329949238
0 0.23392857142857143 0.19416243654822335 0.002142857142857143 0.01015228426395939
0 0.2317857142857143 0.19733502538071065 0.0035714285714285713 0.011421319796954314
0 0.5153571428571428 0.39149746192893403 0.0035714285714285713 0.013959390862944163
0 0.5071428571428571 0.38388324873096447 0.004285714285714286 0.01649746192893401
0 0.4853571428571429 0.4251269035532995 0.0035714285714285713 0.012690355329949238
0 0.5164285714285715 0.5063451776649747 0.002857142857142857 0.012690355329949238
0 0.5203571428571429 0.3864213197969543 0.002142857142857143 0.011421319796954314
0 0.5392857142857143 0.4796954314720812 0.002857142857142857 0.012690355329949238
0 0.5592857142857143 0.5114213197969543 0.004285714285714286 0.012690355329949238
0 0.6367857142857143 0.9904822335025381 0.0064285714285714285 0.011421319796954314