0 0.03535714285714286 0.051904761904761905 0.007857142857142858 0.014285714285714285
0 0.06035714285714286 0.05095238095238095 0.010714285714285714 0.014285714285714285
0 0.0825 0.08333333333333333 0.007857142857142858 0.021904761904761906
0 0.07 0.0919047619047619 0.008571428571428572 0.023809523809523808
0 0.10642857142857143 0.1 0.007142857142857143 0.01904761904761905
0 0.12928571428571428 0.11952380952380952 0.005714285714285714 0.021904761904761906
0 0.025357142857142856 0.27380952380952384 0.020714285714285713 0.03333333333333333
0 0.09428571428571429 0.2957142857142857 0.014285714285714285 0.023809523809523808
0 0.11464285714285714 0.2885714285714286 0.012142857142857143 0.017142857142857144
0 0.22321428571428573 0.31523809523809526 0.012142857142857143 0.02095238095238095
0 0.2007142857142857 0.5723809523809524 0.014285714285714285 0.0419047619047619
0 0.22214285714285714 0.5576190476190476 0.02 0.04476190476190476
0 0.2032142857142857 0.5476190476190477 0.019285714285714285 0.0380952380952381
0 0.6482142857142857 0.3585714285714286 0.010714285714285714 0.025714285714285714
0 0.6946428571428571 0.35523809523809524 0.012142857142857143 0.02666666666666667