0 0.5307142857142857 0.3485714285714286 0.008571428571428572 0.02857142857142857
0 0.5875 0.3757142857142857 0.007857142857142858 0.03142857142857143
0 0.5767857142857142 0.36047619047619045 0.0064285714285714285 0.029523809523809525
0 0.5828571428571429 0.3676190476190476 0.007142857142857143 0.022857142857142857
0 0.5746428571428571 0.38095238095238093 0.010714285714285714 0.02095238095238095
0 0.6007142857142858 0.2761904761904762 0.008571428571428572 0.013333333333333334
0 0.5442857142857143 0.37047619047619046 0.005714285714285714 0.02666666666666667
0 0.5421428571428571 0.36666666666666664 0.004285714285714286 0.013333333333333334
0 0.5914285714285714 0.3080952380952381 0.007142857142857143 0.023809523809523808
0 0.5432142857142858 0.25523809523809526 0.0064285714285714285 0.01904761904761905
0 0.55 0.2538095238095238 0.007142857142857143 0.021904761904761906
0 0.6189285714285714 0.3119047619047619 0.005 0.02761904761904762
0 0.705 0.33666666666666667 0.007142857142857143 0.02761904761904762
0 0.7192857142857143 0.3333333333333333 0.01 0.02857142857142857
0 0.6978571428571428 0.3138095238095238 0.005714285714285714 0.025714285714285714
0 0.7057142857142857 0.3233333333333333 0.01 0.02
0 0.7196428571428571 0.38333333333333336 0.010714285714285714 0.03333333333333333
0 0.7764285714285715 0.36047619047619045 0.01 0.02761904761904762
0 0.7457142857142857 0.38285714285714284 0.01 0.030476190476190476
0 0.705 0.3819047619047619 0.01 0.030476190476190476
0 0.6746428571428571 0.4461904761904762 0.007857142857142858 0.03333333333333333
0 0.6760714285714285 0.4261904761904762 0.010714285714285714 0.029523809523809525
0 0.6178571428571429 0.44047619047619047 0.011428571428571429 0.035238095238095235
0 0.6010714285714286 0.4319047619047619 0.010714285714285714 0.035238095238095235
0 0.5935714285714285 0.47904761904761906 0.01 0.030476190476190476
0 0.5889285714285715 0.48428571428571426 0.007857142857142858 0.025714285714285714
0 0.7603571428571428 0.3333333333333333 0.007857142857142858 0.02666666666666667
0 0.8182142857142857 0.3157142857142857 0.009285714285714286 0.029523809523809525
0 0.9178571428571428 0.5433333333333333 0.014285714285714285 0.040952380952380955
0 0.8864285714285715 0.2980952380952381 0.01 0.024761904761904763
0 0.18714285714285714 0.5928571428571429 0.018571428571428572 0.04285714285714286
0 0.18642857142857142 0.6480952380952381 0.02142857142857143 0.039047619047619046
0 0.16642857142857143 0.7223809523809523 0.03 0.037142857142857144