0 0.2367857142857143 0.4746192893401015 0.002142857142857143 0.007614213197969543
0 0.24964285714285714 0.47081218274111675 0.002142857142857143 0.005076142131979695
0 0.25214285714285717 0.4619289340101523 0.0014285714285714286 0.005076142131979695
0 0.2417857142857143 0.47017766497461927 0.002142857142857143 0.006345177664974619
0 0.11178571428571428 0.8331218274111675 0.0035714285714285713 0.013959390862944163
0 0.25285714285714284 0.924492385786802 0.005714285714285714 0.011421319796954314
0 0.8225 0.9181472081218274 0.002142857142857143 0.008883248730964468
0 0.8157142857142857 0.9016497461928934 0.002857142857142857 0.008883248730964468
0 0.8210714285714286 0.916243654822335 0.002142857142857143 0.007614213197969543
0 0.7853571428571429 0.8464467005076142 0.002142857142857143 0.007614213197969543
0 0.9285714285714286 0.942258883248731 0.004285714285714286 0.01649746192893401
0 0.945 0.9517766497461929 0.002857142857142857 0.012690355329949238
0 0.9364285714285714 0.9663705583756346 0.004285714285714286 0.01649746192893401
0 0.9485714285714286 0.9403553299492385 0.002857142857142857 0.012690355329949238
0 0.9564285714285714 0.9486040609137056 0.002857142857142857 0.011421319796954314
0 0.9621428571428572 0.9555837563451777 0.002857142857142857 0.015228426395939087