0 0.3525 0.54 0.013 0.028
0 0.34875 0.434 0.0115 0.03333333333333333
0 0.398 0.265 0.011 0.027333333333333334
0 0.40825 0.283 0.0065 0.026
0 0.416 0.28633333333333333 0.007 0.026
0 0.46875 0.234 0.0085 0.02666666666666667
0 0.46025 0.21966666666666668 0.0075 0.022
0 0.43375 0.231 0.0065 0.019333333333333334
0 0.42475 0.24266666666666667 0.0075 0.025333333333333333
0 0.4295 0.225 0.007 0.027333333333333334
0 0.3845 0.21933333333333332 0.009 0.024
0 0.33825 0.22166666666666668 0.0075 0.016666666666666666
0 0.47425 0.20266666666666666 0.0065 0.021333333333333333
0 0.49025 0.21533333333333332 0.0065 0.016
0 0.4955 0.21333333333333335 0.006 0.02266666666666667
0 0.48075 0.197 0.0085 0.019333333333333334
0 0.40675 0.254 0.0075 0.017333333333333333
0 0.3555 0.22133333333333333 0.01 0.024
0 0.40125 0.18266666666666667 0.0085 0.024
0 0.43625 0.019666666666666666 0.0065 0.016666666666666666
0 0.4995 0.25666666666666665 0.008 0.02666666666666667
0 0.2205 0.28933333333333333 0.009 0.025333333333333333
0 0.2245 0.279 0.009 0.023333333333333334
0 0.20125 0.3413333333333333 0.0145 0.02666666666666667
0 0.18875 0.358 0.0165 0.032
0 0.14775 0.4673333333333333 0.0165 0.02266666666666667
0 0.153 0.441 0.02 0.034
0 0.12125 0.4846666666666667 0.0195 0.034666666666666665
0 0.0945 0.5396666666666666 0.019 0.038
0 0.0705 0.5156666666666667 0.02 0.038
0 0.06525 0.5523333333333333 0.0145 0.028666666666666667
0 0.02175 0.5896666666666667 0.0275 0.035333333333333335
0 0.175 0.3626666666666667 0.011 0.030666666666666665
0 0.176 0.37266666666666665 0.01 0.021333333333333333
0 0.169 0.31766666666666665 0.012 0.022
0 0.09075 0.349 0.0115 0.027333333333333334
0 0.092 0.354 0.018 0.02666666666666667
0 0.09875 0.35533333333333333 0.0095 0.016
0 0.0835 0.35033333333333333 0.013 0.024666666666666667