0 0.16428571428571428 0.2838095238095238 0.014285714285714285 0.02095238095238095
0 0.17357142857142857 0.2714285714285714 0.012857142857142857 0.017142857142857144
0 0.2642857142857143 0.1361904761904762 0.01 0.02095238095238095
0 0.2860714285714286 0.1180952380952381 0.009285714285714286 0.022857142857142857
0 0.2775 0.12238095238095238 0.0064285714285714285 0.014285714285714285
0 0.27714285714285714 0.05380952380952381 0.008571428571428572 0.023809523809523808
0 0.42392857142857143 0.08952380952380952 0.009285714285714286 0.017142857142857144
0 0.3360714285714286 0.14285714285714285 0.010714285714285714 0.02857142857142857
0 0.3417857142857143 0.3138095238095238 0.010714285714285714 0.021904761904761906
0 0.3410714285714286 0.4357142857142857 0.009285714285714286 0.02
0 0.3425 0.4276190476190476 0.007857142857142858 0.017142857142857144
0 0.24321428571428572 0.5223809523809524 0.012142857142857143 0.02
0 0.22214285714285714 0.6038095238095238 0.015714285714285715 0.02095238095238095
0 0.21928571428571428 0.6190476190476191 0.018571428571428572 0.007619047619047619
0 0.21821428571428572 0.6195238095238095 0.007857142857142858 0.008571428571428572
0 0.265 0.9376190476190476 0.014285714285714285 0.021904761904761906
0 0.5932142857142857 0.09952380952380953 0.009285714285714286 0.01619047619047619