0 0.2592989985693848 0.8201335877862596 0.026466380543633764 0.02767175572519084
0 0.06545064377682404 0.5176526717557252 0.035050071530758224 0.03721374045801527
0 0.44849785407725323 0.3301526717557252 0.01430615164520744 0.04198473282442748
0 0.7103004291845494 0.6254770992366412 0.024320457796852647 0.039122137404580155
0 0.7203147353361946 0.4413167938931298 0.024320457796852647 0.042938931297709926
0 0.7503576537911302 0.41603053435114506 0.027181688125894134 0.04198473282442748
0 0.4406294706723891 0.9580152671755725 0.02861230329041488 0.04770992366412214
0 0.600143061516452 0.5791984732824428 0.017167381974248927 0.04198473282442748
0 0.796137339055794 0.2299618320610687 0.012875536480686695 0.04389312977099236
0 0.8279685264663805 0.4618320610687023 0.02503576537911302 0.04580152671755725
0 0.8644492131616596 0.3530534351145038 0.027896995708154508 0.04198473282442748
0 0.8215307582260372 0.1226145038167939 0.0178826895565093 0.04103053435114504
0 0.9166666666666666 0.16173664122137404 0.019313304721030045 0.039122137404580155
0 0.9273962804005722 0.1674618320610687 0.022174535050071532 0.04484732824427481
0 0.8361945636623748 0.3148854961832061 0.01859799713876967 0.026717557251908396
0 0.8522889842632332 0.3325381679389313 0.016452074391988557 0.02385496183206107
0 0.8125894134477826 0.5367366412213741 0.024320457796852647 0.02385496183206107
0 0.6040772532188842 0.6164122137404581 0.032188841201716736 0.03816793893129771