0 0.13071428571428573 0.4061904761904762 0.011428571428571429 0.029523809523809525
0 0.09821428571428571 0.4680952380952381 0.012142857142857143 0.03333333333333333
0 0.09535714285714286 0.4419047619047619 0.010714285714285714 0.030476190476190476
0 0.0475 0.46476190476190476 0.015 0.03428571428571429
0 0.025357142857142856 0.4114285714285714 0.012142857142857143 0.030476190476190476
0 0.10321428571428572 0.5385714285714286 0.023571428571428573 0.039047619047619046
0 0.03535714285714286 0.5290476190476191 0.019285714285714285 0.039047619047619046
0 0.09678571428571428 0.6071428571428571 0.015 0.039047619047619046
0 0.4007142857142857 0.5123809523809524 0.011428571428571429 0.0380952380952381
0 0.1025 0.6014285714285714 0.012142857142857143 0.03142857142857143
0 0.09392857142857143 0.38666666666666666 0.012142857142857143 0.030476190476190476
0 0.04928571428571429 0.40095238095238095 0.015714285714285715 0.030476190476190476
0 0.20714285714285716 0.30857142857142855 0.011428571428571429 0.022857142857142857
0 0.007142857142857143 0.3961904761904762 0.01 0.02857142857142857
0 0.5296428571428572 0.5114285714285715 0.015 0.03428571428571429
0 0.7492857142857143 0.27714285714285714 0.007142857142857143 0.024761904761904763
0 0.78 0.24666666666666667 0.007142857142857143 0.022857142857142857
0 0.7660714285714286 0.21523809523809523 0.0064285714285714285 0.022857142857142857
0 0.6892857142857143 0.5676190476190476 0.011428571428571429 0.04
0 0.7303571428571428 0.5628571428571428 0.012142857142857143 0.04
0 0.8103571428571429 0.6171428571428571 0.015 0.0380952380952381
0 0.8392857142857143 0.6109523809523809 0.015714285714285715 0.04285714285714286
0 0.855 0.6404761904761904 0.011428571428571429 0.03333333333333333
0 0.8857142857142857 0.6071428571428571 0.018571428571428572 0.04476190476190476
0 0.8460714285714286 0.5866666666666667 0.016428571428571428 0.04
0 0.8760714285714286 0.6290476190476191 0.016428571428571428 0.04476190476190476
0 0.8414285714285714 0.6385714285714286 0.015714285714285715 0.025714285714285714
0 0.6607142857142857 0.37 0.008571428571428572 0.02
0 0.5839285714285715 0.18142857142857144 0.005 0.008571428571428572
0 0.4932142857142857 0.17666666666666667 0.005 0.008571428571428572