0 0.3467857142857143 0.7666666666666667 0.0064285714285714285 0.022857142857142857
0 0.29678571428571426 0.8923809523809524 0.010714285714285714 0.024761904761904763
0 0.3132142857142857 0.9047619047619048 0.010714285714285714 0.024761904761904763
0 0.3460714285714286 0.9442857142857143 0.012142857142857143 0.021904761904761906
0 0.395 0.9719047619047619 0.01 0.021904761904761906
0 0.4475 0.4633333333333333 0.005 0.021904761904761906
0 0.44 0.46095238095238095 0.008571428571428572 0.02095238095238095
0 0.48928571428571427 0.4061904761904762 0.002857142857142857 0.008571428571428572
0 0.5292857142857142 0.013333333333333334 0.002857142857142857 0.009523809523809525
0 0.5182142857142857 0.039047619047619046 0.0035714285714285713 0.009523809523809525
0 0.5267857142857143 0.14238095238095239 0.005 0.014285714285714285
0 0.5178571428571429 0.13952380952380952 0.004285714285714286 0.014285714285714285
0 0.5139285714285714 0.13904761904761906 0.0035714285714285713 0.013333333333333334
0 0.5046428571428572 0.14476190476190476 0.005 0.017142857142857144
0 0.4992857142857143 0.1461904761904762 0.004285714285714286 0.014285714285714285
0 0.47928571428571426 0.23809523809523808 0.002857142857142857 0.011428571428571429
0 0.6839285714285714 0.009523809523809525 0.0035714285714285713 0.011428571428571429
0 0.7121428571428572 0.05476190476190476 0.002857142857142857 0.010476190476190476
0 0.7207142857142858 0.04619047619047619 0.0014285714285714286 0.010476190476190476
0 0.7457142857142857 0.81 0.008571428571428572 0.025714285714285714
0 0.7517857142857143 0.8080952380952381 0.0035714285714285713 0.014285714285714285
0 0.6971428571428572 0.2833333333333333 0.005714285714285714 0.018095238095238095
0 0.7007142857142857 0.15476190476190477 0.004285714285714286 0.014285714285714285
0 0.6957142857142857 0.15476190476190477 0.004285714285714286 0.01619047619047619
0 0.7064285714285714 0.1376190476190476 0.002857142857142857 0.006666666666666667
0 0.7271428571428571 0.1280952380952381 0.0014285714285714286 0.008571428571428572
0 0.7157142857142857 0.2776190476190476 0.007142857142857143 0.02
0 0.7325 0.31142857142857144 0.0064285714285714285 0.017142857142857144
0 0.755 0.33285714285714285 0.007142857142857143 0.02
0 0.7089285714285715 0.34095238095238095 0.005 0.015238095238095238
0 0.7753571428571429 0.28476190476190477 0.005 0.011428571428571429
0 0.8885714285714286 0.789047619047619 0.01 0.021904761904761906
0 0.8896428571428572 0.82 0.013571428571428571 0.024761904761904763
0 0.8975 0.8238095238095238 0.010714285714285714 0.02857142857142857
0 0.8746428571428572 0.7776190476190477 0.0064285714285714285 0.012380952380952381
0 0.625 0.07238095238095238 0.002857142857142857 0.005714285714285714
0 0.5303571428571429 0.04285714285714286 0.0035714285714285713 0.005714285714285714
0 0.7017857142857142 0.3319047619047619 0.005 0.010476190476190476
0 0.6942857142857143 0.3619047619047619 0.004285714285714286 0.015238095238095238