0 0.5964285714285714 0.81 0.01 0.023809523809523808
0 0.5839285714285715 0.7842857142857143 0.010714285714285714 0.04285714285714286
0 0.5239285714285714 0.5895238095238096 0.007857142857142858 0.04
0 0.5053571428571428 0.5842857142857143 0.010714285714285714 0.039047619047619046
0 0.4642857142857143 0.5247619047619048 0.007142857142857143 0.030476190476190476
0 0.45321428571428574 0.52 0.0064285714285714285 0.02857142857142857
0 0.28714285714285714 0.32666666666666666 0.005714285714285714 0.01904761904761905
0 0.21857142857142858 0.2057142857142857 0.002857142857142857 0.011428571428571429
0 0.2067857142857143 0.1895238095238095 0.002142857142857143 0.009523809523809525
0 0.20464285714285715 0.19 0.002142857142857143 0.008571428571428572
0 0.2382142857142857 0.25952380952380955 0.0035714285714285713 0.012380952380952381
0 0.3192857142857143 0.34714285714285714 0.007142857142857143 0.012380952380952381
0 0.19321428571428573 0.4147619047619048 0.007857142857142858 0.023809523809523808
0 0.1682142857142857 0.41 0.009285714285714286 0.025714285714285714
0 0.18392857142857144 0.4361904761904762 0.0064285714285714285 0.02095238095238095
0 0.37535714285714283 0.3780952380952381 0.012142857142857143 0.02095238095238095
0 0.3725 0.4361904761904762 0.007857142857142858 0.02095238095238095
0 0.5010714285714286 0.5438095238095239 0.015 0.024761904761904763
0 0.5010714285714286 0.5371428571428571 0.010714285714285714 0.02095238095238095