0 0.7925 0.20714285714285716 0.005 0.012380952380952381
0 0.8182142857142857 0.22333333333333333 0.005 0.012380952380952381
0 0.8271428571428572 0.22523809523809524 0.005714285714285714 0.012380952380952381
0 0.8239285714285715 0.21523809523809523 0.005 0.011428571428571429
0 0.8432142857142857 0.20095238095238097 0.0035714285714285713 0.011428571428571429
0 0.8889285714285714 0.13952380952380952 0.005 0.010476190476190476
0 0.8489285714285715 0.20095238095238097 0.005 0.011428571428571429
0 0.8303571428571429 0.21761904761904763 0.0064285714285714285 0.012380952380952381
0 0.8846428571428572 0.3080952380952381 0.005 0.010476190476190476
0 0.8510714285714286 0.19333333333333333 0.005 0.011428571428571429
0 0.061785714285714284 0.8080952380952381 0.010714285714285714 0.014285714285714285
0 0.10821428571428572 0.7619047619047619 0.009285714285714286 0.013333333333333334
0 0.20607142857142857 0.6871428571428572 0.010714285714285714 0.014285714285714285
0 0.08928571428571429 0.7942857142857143 0.011428571428571429 0.015238095238095238
0 0.22464285714285714 0.7614285714285715 0.007857142857142858 0.014285714285714285
0 0.4782142857142857 0.46523809523809523 0.0035714285714285713 0.010476190476190476
0 0.9896428571428572 0.4280952380952381 0.0064285714285714285 0.014285714285714285
0 0.9853571428571428 0.42523809523809525 0.007857142857142858 0.014285714285714285
0 0.9653571428571428 0.4033333333333333 0.0064285714285714285 0.010476190476190476
0 0.8239285714285715 0.5095238095238095 0.005 0.013333333333333334