0 0.5896428571428571 0.18095238095238095 0.0064285714285714285 0.030476190476190476
0 0.6785714285714286 0.039523809523809524 0.01 0.02
0 0.7032142857142857 0.07333333333333333 0.0064285714285714285 0.01904761904761905
0 0.7557142857142857 0.10238095238095238 0.005714285714285714 0.01619047619047619
0 0.6160714285714286 0.05095238095238095 0.0035714285714285713 0.014285714285714285
0 0.6521428571428571 0.05476190476190476 0.005714285714285714 0.014285714285714285
0 0.6371428571428571 0.2357142857142857 0.005714285714285714 0.018095238095238095
0 0.6535714285714286 0.23761904761904762 0.01 0.01619047619047619
0 0.6535714285714286 0.5028571428571429 0.015714285714285715 0.04
0 0.6317857142857143 0.5104761904761905 0.015 0.04380952380952381
0 0.635 0.4928571428571429 0.015714285714285715 0.03142857142857143
0 0.7535714285714286 0.5161904761904762 0.012857142857142857 0.03238095238095238