0 0.48325 0.8503333333333334 0.0165 0.04066666666666666
0 0.52275 0.743 0.0145 0.035333333333333335
0 0.433 0.7046666666666667 0.014 0.03866666666666667
0 0.445 0.676 0.012 0.04133333333333333
0 0.5325 0.6763333333333333 0.01 0.020666666666666667
0 0.53375 0.6646666666666666 0.0105 0.02266666666666667
0 0.48675 0.5553333333333333 0.0105 0.025333333333333333
0 0.52275 0.45166666666666666 0.0065 0.014
0 0.52675 0.43533333333333335 0.0075 0.014666666666666666
0 0.51975 0.383 0.0055 0.01
0 0.528 0.36666666666666664 0.004 0.008
0 0.53475 0.353 0.0035 0.007333333333333333
0 0.502 0.979 0.015 0.042
0 0.51575 0.9853333333333333 0.0125 0.02666666666666667
0 0.53075 0.6366666666666667 0.0085 0.037333333333333336
0 0.4695 0.555 0.008 0.027333333333333334
0 0.2135 0.581 0.008 0.03
0 0.5235 0.32966666666666666 0.003 0.011333333333333334
0 0.52525 0.3436666666666667 0.0025 0.01
0 0.53175 0.343 0.0025 0.011333333333333334
0 0.53475 0.37166666666666665 0.0035 0.011333333333333334
0 0.52075 0.36833333333333335 0.0035 0.012666666666666666
0 0.51575 0.35533333333333333 0.0045 0.012
0 0.52625 0.3943333333333333 0.0035 0.016666666666666666
0 0.49975 0.425 0.0035 0.016666666666666666
0 0.51375 0.404 0.0035 0.016
0 0.52125 0.4166666666666667 0.0045 0.017333333333333333
0 0.50575 0.4206666666666667 0.0055 0.017333333333333333
0 0.50725 0.433 0.0065 0.022
0 0.5385 0.4723333333333333 0.006 0.020666666666666667
0 0.537 0.4593333333333333 0.006 0.017333333333333333
0 0.5395 0.452 0.005 0.017333333333333333
0 0.53725 0.41933333333333334 0.0035 0.017333333333333333
0 0.53 0.415 0.004 0.016666666666666666
0 0.532 0.394 0.003 0.014666666666666666
0 0.5075 0.379 0.004 0.014
0 0.50625 0.406 0.0045 0.014666666666666666
0 0.51075 0.39966666666666667 0.0035 0.015333333333333332
0 0.5205 0.35 0.003 0.009333333333333334
0 0.51925 0.352 0.0025 0.006666666666666667
0 0.514 0.3416666666666667 0.004 0.008666666666666666
0 0.5135 0.339 0.004 0.011333333333333334
0 0.53775 0.3983333333333333 0.0035 0.014
0 0.53575 0.39166666666666666 0.0035 0.012666666666666666
0 0.533 0.389 0.004 0.012666666666666666
0 0.53575 0.38966666666666666 0.0035 0.012666666666666666
0 0.5165 0.4026666666666667 0.004 0.014666666666666666
0 0.521 0.407 0.004 0.012666666666666666
0 0.52475 0.4146666666666667 0.0035 0.016
0 0.52775 0.41433333333333333 0.0035 0.015333333333333332
0 0.5445 0.457 0.005 0.018
0 0.56675 0.4816666666666667 0.0065 0.026
0 0.5685 0.4796666666666667 0.006 0.015333333333333332
0 0.594 0.6723333333333333 0.009 0.035333333333333335
0 0.598 0.3993333333333333 0.005 0.014666666666666666
0 0.54925 0.4696666666666667 0.0065 0.019333333333333334
0 0.63275 0.372 0.0045 0.009333333333333334
0 0.624 0.37166666666666665 0.004 0.014
0 0.62675 0.37133333333333335 0.0035 0.012