0 0.675 0.758095238095238 0.032857142857142856 0.03238095238095238
0 0.05821428571428571 0.6252380952380953 0.03214285714285714 0.035238095238095235
0 0.30178571428571427 0.025714285714285714 0.013571428571428571 0.04
0 0.2764285714285714 0.039523809523809524 0.014285714285714285 0.04666666666666667
0 0.2875 0.035238095238095235 0.015 0.0380952380952381
0 0.2864285714285714 0.02238095238095238 0.011428571428571429 0.040952380952380955
0 0.6625 0.4780952380952381 0.017857142857142856 0.03619047619047619
0 0.3225 0.2623809523809524 0.023571428571428573 0.037142857142857144
0 0.2885714285714286 0.22523809523809524 0.02142857142857143 0.04285714285714286
0 0.2664285714285714 0.23047619047619047 0.017142857142857144 0.0380952380952381
0 0.25607142857142856 0.22095238095238096 0.013571428571428571 0.03428571428571429
0 0.29035714285714287 0.20285714285714285 0.013571428571428571 0.03619047619047619
0 0.27464285714285713 0.22380952380952382 0.019285714285714285 0.0419047619047619
0 0.2732142857142857 0.20095238095238097 0.019285714285714285 0.03428571428571429
0 0.26 0.20333333333333334 0.014285714285714285 0.035238095238095235
0 0.9792857142857143 0.6985714285714286 0.03571428571428571 0.025714285714285714
0 0.64 0.47523809523809524 0.014285714285714285 0.03428571428571429
0 0.6371428571428571 0.2995238095238095 0.014285714285714285 0.04666666666666667
0 0.5867857142857142 0.5057142857142857 0.017857142857142856 0.030476190476190476
0 0.6157142857142858 0.30857142857142855 0.018571428571428572 0.03428571428571429
0 0.6132142857142857 0.3342857142857143 0.016428571428571428 0.02666666666666667
0 0.6153571428571428 0.4076190476190476 0.020714285714285713 0.024761904761904763
0 0.62 0.4380952380952381 0.017142857142857144 0.030476190476190476
0 0.6132142857142857 0.4695238095238095 0.017857142857142856 0.03238095238095238
0 0.5989285714285715 0.5095238095238095 0.017857142857142856 0.024761904761904763
0 0.6171428571428571 0.6004761904761905 0.02142857142857143 0.02761904761904762