0 0.24857142857142858 0.021573604060913704 0.002857142857142857 0.01015228426395939
0 0.31 0.10786802030456853 0.002857142857142857 0.015228426395939087
0 0.31285714285714283 0.10786802030456853 0.002857142857142857 0.015228426395939087
0 0.30464285714285716 0.12944162436548223 0.0035714285714285713 0.012690355329949238
0 0.2710714285714286 0.1713197969543147 0.0035714285714285713 0.01015228426395939
0 0.4067857142857143 0.3197969543147208 0.0035714285714285713 0.02030456852791878
0 0.4132142857142857 0.3223350253807107 0.0064285714285714285 0.017766497461928935
0 0.43392857142857144 0.3895939086294416 0.0035714285714285713 0.02030456852791878
0 0.455 0.39213197969543145 0.004285714285714286 0.02030456852791878
0 0.44607142857142856 0.3864213197969543 0.0035714285714285713 0.021573604060913704
0 0.4407142857142857 0.38578680203045684 0.004285714285714286 0.02284263959390863
0 0.22857142857142856 0.9619289340101523 0.01 0.03299492385786802
0 0.7107142857142857 0.7423857868020305 0.01 0.03299492385786802
0 0.6378571428571429 0.7157360406091371 0.007142857142857143 0.027918781725888325