0 0.7617857142857143 0.24048223350253808 0.0064285714285714285 0.02918781725888325
0 0.7946428571428571 0.2963197969543147 0.0064285714285714285 0.024111675126903553
0 0.8035714285714286 0.2956852791878173 0.007142857142857143 0.02030456852791878
0 0.8889285714285714 0.1649746192893401 0.0064285714285714285 0.027918781725888325
0 0.8957142857142857 0.15862944162436549 0.005714285714285714 0.03299492385786802
0 0.9107142857142857 0.15736040609137056 0.01 0.027918781725888325
0 0.9375 0.18908629441624367 0.0064285714285714285 0.02284263959390863
0 0.9371428571428572 0.2017766497461929 0.008571428571428572 0.025380710659898477
0 0.9392857142857143 0.2068527918781726 0.011428571428571429 0.027918781725888325
0 0.9325 0.20558375634517767 0.007857142857142858 0.027918781725888325
0 0.9164285714285715 0.31725888324873097 0.01 0.025380710659898477
0 0.9203571428571429 0.31091370558375636 0.007857142857142858 0.027918781725888325
0 0.91 0.30583756345177665 0.008571428571428572 0.025380710659898477