0 0.6965031315240083 0.511595547309833 0.016179540709812108 0.05658627087198516
0 0.6782359081419624 0.6382189239332097 0.01826722338204593 0.04823747680890538
0 0.5600208768267223 0.6238404452690167 0.019832985386221295 0.05287569573283859
0 0.5542797494780793 0.5343228200371057 0.011482254697286013 0.04452690166975881
0 0.18345511482254698 0.5027829313543599 0.013048016701461378 0.03896103896103896
0 0.6184759916492694 0.2342300556586271 0.007306889352818371 0.01948051948051948
0 0.5889874739039666 0.19480519480519481 0.007828810020876827 0.01855287569573284
0 0.014874739039665972 0.18831168831168832 0.007828810020876827 0.03153988868274583
0 0.045668058455114825 0.2481447124304267 0.008872651356993737 0.01948051948051948
0 0.5868997912317327 0.4318181818181818 0.014091858037578288 0.038033395176252316
0 0.5842901878914405 0.16512059369202226 0.005741127348643006 0.02040816326530612
0 0.5848121085594989 0.1461038961038961 0.005741127348643006 0.015769944341372914
0 0.535490605427975 0.2504638218923933 0.010438413361169102 0.03896103896103896
0 0.596294363256785 0.1553803339517625 0.005741127348643006 0.017625231910946195
0 0.6119519832985386 0.14935064935064934 0.004697286012526096 0.016697588126159554
0 0.6195198329853863 0.12569573283858998 0.006263048016701462 0.017625231910946195
0 0.615866388308977 0.10575139146567718 0.0041753653444676405 0.016697588126159554
0 0.610125260960334 0.08024118738404452 0.0041753653444676405 0.013914656771799629
0 0.6257828810020877 0.10899814471243043 0.005219206680584551 0.013914656771799629
0 0.6811064718162839 0.1266233766233766 0.005219206680584551 0.021335807050092765
0 0.6062108559498957 0.04777365491651206 0.005741127348643006 0.01020408163265306
0 0.5845511482254697 0.017161410018552876 0.003131524008350731 0.01020408163265306
0 0.6012526096033403 0.016233766233766232 0.003131524008350731 0.008348794063079777
0 0.6046450939457203 0.015769944341372914 0.0036534446764091857 0.00927643784786642
0 0.80741127348643 0.21103896103896103 0.009394572025052192 0.021335807050092765
0 0.8496868475991649 0.22263450834879406 0.008350730688935281 0.02411873840445269
0 0.9488517745302714 0.2694805194805195 0.007306889352818371 0.026901669758812616
0 0.39848643006263046 0.03432282003710575 0.004697286012526096 0.011131725417439703