0 0.29725 0.77 0.0065 0.02266666666666667
0 0.303 0.769 0.006 0.018
0 0.34 0.7653333333333333 0.008 0.017333333333333333
0 0.348 0.7783333333333333 0.007 0.019333333333333334
0 0.309 0.685 0.007 0.019333333333333334
0 0.32625 0.637 0.0055 0.020666666666666667
0 0.311 0.63 0.007 0.018666666666666668
0 0.4 0.5706666666666667 0.005 0.014666666666666666
0 0.361 0.5056666666666667 0.005 0.014
0 0.3225 0.4653333333333333 0.005 0.010666666666666666
0 0.5615 0.5636666666666666 0.005 0.011333333333333334
0 0.415 0.458 0.004 0.010666666666666666
0 0.4215 0.45566666666666666 0.004 0.011333333333333334