0 0.6664285714285715 0.3271428571428571 0.007142857142857143 0.03142857142857143
0 0.5621428571428572 0.38142857142857145 0.007142857142857143 0.025714285714285714
0 0.56 0.44095238095238093 0.012857142857142857 0.024761904761904763
0 0.5907142857142857 0.37142857142857144 0.01 0.022857142857142857
0 0.7014285714285714 0.30238095238095236 0.008571428571428572 0.02
0 0.6289285714285714 0.1957142857142857 0.007857142857142858 0.01619047619047619
0 0.05178571428571429 0.611904761904762 0.017857142857142856 0.023809523809523808
0 0.09214285714285714 0.660952380952381 0.018571428571428572 0.022857142857142857
0 0.1732142857142857 0.6938095238095238 0.019285714285714285 0.023809523809523808
0 0.2125 0.35904761904761906 0.007857142857142858 0.01904761904761905
0 0.21857142857142858 0.3580952380952381 0.008571428571428572 0.024761904761904763
0 0.6985714285714286 0.8904761904761904 0.017142857142857144 0.022857142857142857
0 0.7196428571428571 0.9457142857142857 0.019285714285714285 0.017142857142857144
0 0.7385714285714285 0.9080952380952381 0.017142857142857144 0.018095238095238095
0 0.7592857142857142 0.949047619047619 0.012857142857142857 0.02
0 0.6975 0.7947619047619048 0.012142857142857143 0.023809523809523808
0 0.7260714285714286 0.8380952380952381 0.015 0.02095238095238095
0 0.8125 0.8219047619047619 0.016428571428571428 0.030476190476190476
0 0.8221428571428572 0.8028571428571428 0.014285714285714285 0.03238095238095238
0 0.5571428571428572 0.6309523809523809 0.015714285714285715 0.029523809523809525
0 0.3442857142857143 0.7333333333333333 0.011428571428571429 0.03238095238095238
0 0.385 0.7514285714285714 0.015714285714285715 0.030476190476190476
0 0.39535714285714285 0.7371428571428571 0.016428571428571428 0.030476190476190476
0 0.6014285714285714 0.1580952380952381 0.005714285714285714 0.015238095238095238
0 0.6225 0.13714285714285715 0.005 0.015238095238095238
0 0.6057142857142858 0.10333333333333333 0.005714285714285714 0.010476190476190476
0 0.6121428571428571 0.08857142857142856 0.002857142857142857 0.011428571428571429
0 0.6207142857142857 0.09142857142857143 0.005714285714285714 0.011428571428571429
0 0.5985714285714285 0.01904761904761905 0.005714285714285714 0.015238095238095238
0 0.7464285714285714 0.3557142857142857 0.01 0.02
0 0.7546428571428572 0.35714285714285715 0.0064285714285714285 0.024761904761904763
0 0.7764285714285715 0.3676190476190476 0.005714285714285714 0.022857142857142857
0 0.7817857142857143 0.36904761904761907 0.010714285714285714 0.021904761904761906