0 0.732776617954071 0.43089053803339517 0.0041753653444676405 0.01948051948051948
0 0.3846555323590814 0.45918367346938777 0.005219206680584551 0.011131725417439703
0 0.40735908141962424 0.3715213358070501 0.0036534446764091857 0.012059369202226345
0 0.4968684759916493 0.09137291280148423 0.0020876826722338203 0.006493506493506494
0 0.4913883089770355 0.09415584415584416 0.0026096033402922755 0.006493506493506494
0 0.4814718162839248 0.09415584415584416 0.0026096033402922755 0.006493506493506494
0 0.48303757828810023 0.10250463821892393 0.0015657620041753654 0.006493506493506494
0 0.4783402922755741 0.10343228200371057 0.0026096033402922755 0.008348794063079777
0 0.4754697286012526 0.11270871985157699 0.0020876826722338203 0.008348794063079777
0 0.46842379958246344 0.1442486085343228 0.0026096033402922755 0.006493506493506494
0 0.6012526096033403 0.13358070500927643 0.0020876826722338203 0.0074211502782931356
0 0.3168058455114823 0.7884972170686456 0.007306889352818371 0.022263450834879406