0 0.6346428571428572 0.2823809523809524 0.013571428571428571 0.03142857142857143
0 0.5185714285714286 0.14523809523809525 0.01 0.03333333333333333
0 0.6082142857142857 0.28476190476190477 0.012142857142857143 0.02857142857142857
0 0.6171428571428571 0.2752380952380952 0.01 0.02857142857142857
0 0.5296428571428572 0.16142857142857142 0.010714285714285714 0.02761904761904762
0 0.555 0.15857142857142856 0.01 0.025714285714285714
0 0.5392857142857143 0.10476190476190476 0.014285714285714285 0.024761904761904763
0 0.4882142857142857 0.4519047619047619 0.012142857142857143 0.023809523809523808
0 0.23857142857142857 0.621904761904762 0.018571428571428572 0.02095238095238095
0 0.1657142857142857 0.14523809523809525 0.02 0.039047619047619046
0 0.24464285714285713 0.33904761904761904 0.017857142857142856 0.02666666666666667