0 0.16464285714285715 0.30710659898477155 0.005 0.012690355329949238
0 0.42142857142857143 0.09073604060913705 0.004285714285714286 0.011421319796954314
0 0.41964285714285715 0.10088832487309644 0.0035714285714285713 0.013959390862944163
0 0.5460714285714285 0.07614213197969544 0.0035714285714285713 0.015228426395939087
0 0.5428571428571428 0.0850253807106599 0.002857142857142857 0.01015228426395939
0 0.5592857142857143 0.010786802030456852 0.002857142857142857 0.013959390862944163
0 0.6185714285714285 0.342005076142132 0.005714285714285714 0.011421319796954314
0 0.5875 0.39720812182741116 0.0064285714285714285 0.012690355329949238
0 0.6071428571428571 0.37055837563451777 0.004285714285714286 0.017766497461928935
0 0.6282142857142857 0.3604060913705584 0.0035714285714285713 0.015228426395939087
0 0.6242857142857143 0.5571065989847716 0.005714285714285714 0.015228426395939087
0 0.6335714285714286 0.5710659898477157 0.004285714285714286 0.017766497461928935
0 0.6 0.4847715736040609 0.004285714285714286 0.012690355329949238
0 0.6375 0.567258883248731 0.005 0.015228426395939087
0 0.6039285714285715 0.4815989847715736 0.0035714285714285713 0.011421319796954314
0 0.6139285714285714 0.5266497461928934 0.005 0.015228426395939087
0 0.5764285714285714 0.008883248730964468 0.002857142857142857 0.015228426395939087
0 0.585 0.008883248730964468 0.002857142857142857 0.012690355329949238
0 0.5664285714285714 0.006979695431472081 0.002857142857142857 0.013959390862944163
0 0.5878571428571429 0.005710659898477157 0.004285714285714286 0.011421319796954314
0 0.9425 0.48413705583756345 0.0064285714285714285 0.011421319796954314
0 0.9385714285714286 0.47906091370558374 0.01 0.013959390862944163
0 0.8539285714285715 0.7696700507614214 0.005 0.013959390862944163
0 0.8496428571428571 0.7703045685279187 0.005 0.007614213197969543
0 0.9246428571428571 0.6598984771573604 0.0064285714285714285 0.015228426395939087
0 0.9232142857142858 0.675761421319797 0.005 0.011421319796954314
0 0.9317857142857143 0.3870558375634518 0.0035714285714285713 0.015228426395939087