0 0.53675 0.35333333333333333 0.0155 0.03866666666666667
0 0.56025 0.3433333333333333 0.0135 0.036
0 0.59025 0.3596666666666667 0.0115 0.042
0 0.35 0.7266666666666667 0.032 0.06933333333333333
0 0.373 0.493 0.018 0.04066666666666666
0 0.20475 0.7916666666666666 0.0325 0.051333333333333335
0 0.20275 0.878 0.0315 0.050666666666666665
0 0.203 0.8356666666666667 0.032 0.03266666666666666
0 0.17025 0.8203333333333334 0.0315 0.046
0 0.09075 0.9553333333333334 0.0395 0.068
0 0.11275 0.8836666666666667 0.0515 0.058
0 0.9695 0.9153333333333333 0.031 0.06933333333333333
0 0.79875 0.9846666666666667 0.0375 0.030666666666666665