0 0.9114285714285715 0.7166666666666667 0.014285714285714285 0.04476190476190476
0 0.9282142857142858 0.7133333333333334 0.012142857142857143 0.049523809523809526
0 0.6925 0.5857142857142857 0.0064285714285714285 0.02666666666666667
0 0.7960714285714285 0.5742857142857143 0.0064285714285714285 0.02095238095238095
0 0.81 0.5657142857142857 0.008571428571428572 0.015238095238095238
0 0.8596428571428572 0.6071428571428571 0.007857142857142858 0.021904761904761906
0 0.6460714285714285 0.5571428571428572 0.0035714285714285713 0.013333333333333334
0 0.6242857142857143 0.5547619047619048 0.004285714285714286 0.012380952380952381
0 0.5464285714285714 0.6133333333333333 0.005714285714285714 0.024761904761904763
0 0.42428571428571427 0.5342857142857143 0.002857142857142857 0.005714285714285714
0 0.5196428571428572 0.5447619047619048 0.0035714285714285713 0.011428571428571429
0 0.5585714285714286 0.5433333333333333 0.002857142857142857 0.012380952380952381
0 0.515 0.5357142857142857 0.002857142857142857 0.010476190476190476
0 0.49892857142857144 0.5219047619047619 0.002142857142857143 0.009523809523809525
0 0.4982142857142857 0.5190476190476191 0.002142857142857143 0.007619047619047619