0 0.46975 0.5696666666666667 0.0035 0.015333333333333332
0 0.46625 0.57 0.0025 0.013333333333333334
0 0.46675 0.5733333333333334 0.0035 0.016
0 0.8875 0.6496666666666666 0.006 0.015333333333333332
0 0.939 0.6306666666666667 0.006 0.014666666666666666
0 0.287 0.2793333333333333 0.002 0.005333333333333333
0 0.312 0.341 0.002 0.006
0 0.31175 0.31066666666666665 0.0015 0.004
0 0.31025 0.325 0.0025 0.006
0 0.262 0.416 0.003 0.009333333333333334
0 0.27325 0.44966666666666666 0.0035 0.007333333333333333
0 0.319 0.436 0.003 0.008
0 0.3315 0.395 0.003 0.007333333333333333
0 0.33725 0.42033333333333334 0.0025 0.008666666666666666
0 0.4685 0.7263333333333334 0.006 0.015333333333333332
0 0.9435 0.8343333333333334 0.009 0.023333333333333334
0 0.1925 0.8546666666666667 0.006 0.021333333333333333
0 0.22975 0.7906666666666666 0.0075 0.021333333333333333
0 0.2245 0.7676666666666667 0.009 0.015333333333333332
0 0.2435 0.5476666666666666 0.003 0.011333333333333334
0 0.23275 0.4086666666666667 0.0025 0.012
0 0.4045 0.5053333333333333 0.003 0.012