0 0.5567857142857143 0.6776190476190476 0.015 0.04476190476190476
0 0.7160714285714286 0.6661904761904762 0.010714285714285714 0.04476190476190476
0 0.9067857142857143 0.8833333333333333 0.017857142857142856 0.07142857142857142
0 0.7885714285714286 0.6519047619047619 0.008571428571428572 0.039047619047619046
0 0.5728571428571428 0.5371428571428571 0.011428571428571429 0.030476190476190476
0 0.5742857142857143 0.5185714285714286 0.011428571428571429 0.02
0 0.5778571428571428 0.4719047619047619 0.01 0.02761904761904762
0 0.5867857142857142 0.4704761904761905 0.009285714285714286 0.02857142857142857
0 0.405 0.7323809523809524 0.01 0.05142857142857143
0 0.4160714285714286 0.7266666666666667 0.013571428571428571 0.05142857142857143
0 0.3757142857142857 0.6661904761904762 0.014285714285714285 0.05238095238095238
0 0.5164285714285715 0.4785714285714286 0.008571428571428572 0.02
0 0.02 0.37523809523809526 0.005714285714285714 0.017142857142857144
0 0.055 0.36047619047619045 0.005714285714285714 0.012380952380952381
0 0.05892857142857143 0.36095238095238097 0.0035714285714285713 0.015238095238095238
0 0.33464285714285713 0.42904761904761907 0.0064285714285714285 0.02
0 0.09785714285714285 0.34095238095238095 0.005714285714285714 0.013333333333333334
0 0.47535714285714287 0.3566666666666667 0.005 0.014285714285714285
0 0.48 0.3585714285714286 0.004285714285714286 0.01619047619047619