0 0.375 0.0419047619047619 0.005714285714285714 0.009523809523809525
0 0.3485714285714286 0.07 0.004285714285714286 0.008571428571428572
0 0.4342857142857143 0.10857142857142857 0.004285714285714286 0.011428571428571429
0 0.4 0.2914285714285714 0.007142857142857143 0.009523809523809525
0 0.42392857142857143 0.09857142857142857 0.0035714285714285713 0.006666666666666667
0 0.4057142857142857 0.12714285714285714 0.004285714285714286 0.012380952380952381
0 0.37214285714285716 0.23904761904761904 0.005714285714285714 0.013333333333333334
0 0.5446428571428571 0.7942857142857143 0.007857142857142858 0.011428571428571429
0 0.5671428571428572 0.7452380952380953 0.007142857142857143 0.008571428571428572
0 0.5803571428571429 0.4795238095238095 0.0035714285714285713 0.010476190476190476
0 0.765 0.01380952380952381 0.004285714285714286 0.010476190476190476
0 0.6389285714285714 0.09142857142857143 0.0035714285714285713 0.009523809523809525
0 0.6328571428571429 0.13333333333333333 0.004285714285714286 0.009523809523809525
0 0.6396428571428572 0.1376190476190476 0.005 0.010476190476190476
0 0.6635714285714286 0.14 0.005714285714285714 0.009523809523809525
0 0.6053571428571428 0.1180952380952381 0.0064285714285714285 0.011428571428571429
0 0.6142857142857143 0.11238095238095239 0.004285714285714286 0.011428571428571429
0 0.6264285714285714 0.09047619047619047 0.004285714285714286 0.007619047619047619
0 0.6114285714285714 0.0680952380952381 0.004285714285714286 0.006666666666666667
0 0.6246428571428572 0.05523809523809524 0.0035714285714285713 0.009523809523809525
0 0.6389285714285714 0.054285714285714284 0.005 0.007619047619047619
0 0.6235714285714286 0.025238095238095237 0.004285714285714286 0.010476190476190476
0 0.6364285714285715 0.005714285714285714 0.002857142857142857 0.011428571428571429
0 0.6275 0.0033333333333333335 0.005 0.006666666666666667