0 0.105 0.1732233502538071 0.002857142857142857 0.011421319796954314
0 0.10321428571428572 0.1782994923857868 0.002142857142857143 0.011421319796954314
0 0.09642857142857143 0.26015228426395937 0.002857142857142857 0.012690355329949238
0 0.19071428571428573 0.2906091370558376 0.005714285714285714 0.02030456852791878
0 0.28 0.3229695431472081 0.002857142857142857 0.01903553299492386
0 0.3675 0.3426395939086294 0.005 0.017766497461928935
0 0.3682142857142857 0.3362944162436548 0.0035714285714285713 0.017766497461928935
0 0.21714285714285714 0.440989847715736 0.007142857142857143 0.024111675126903553
0 0.20535714285714285 0.45114213197969544 0.005 0.01903553299492386
0 0.2382142857142857 0.4460659898477157 0.0064285714285714285 0.024111675126903553
0 0.05607142857142857 0.6440355329949239 0.007857142857142858 0.021573604060913704
0 0.03678571428571428 0.6618020304568528 0.009285714285714286 0.0266497461928934
0 0.040357142857142855 0.6548223350253807 0.009285714285714286 0.02030456852791878
0 0.48928571428571427 0.6034263959390863 0.005714285714285714 0.021573604060913704
0 0.5510714285714285 0.6046954314720813 0.005 0.021573604060913704
0 0.5625 0.6072335025380711 0.005 0.021573604060913704
0 0.45035714285714284 0.3680203045685279 0.005 0.02284263959390863
0 0.43892857142857145 0.36928934010152287 0.005 0.02030456852791878
0 0.4307142857142857 0.36421319796954316 0.005714285714285714 0.02030456852791878
0 0.6939285714285715 0.2436548223350254 0.0035714285714285713 0.017766497461928935
0 0.6932142857142857 0.27918781725888325 0.0035714285714285713 0.017766497461928935
0 0.6757142857142857 0.2436548223350254 0.002857142857142857 0.015228426395939087
0 0.6603571428571429 0.35215736040609136 0.0035714285714285713 0.01649746192893401
0 0.6975 0.2779187817258883 0.0035714285714285713 0.017766497461928935
0 0.7046428571428571 0.29251269035532995 0.0035714285714285713 0.01903553299492386
0 0.7275 0.9308375634517766 0.009285714285714286 0.03426395939086294
0 0.7396428571428572 0.9219543147208121 0.010714285714285714 0.03680203045685279
0 0.9639285714285715 0.5406091370558376 0.010714285714285714 0.025380710659898477
0 0.9753571428571428 0.5317258883248731 0.0064285714285714285 0.02030456852791878
0 0.9721428571428572 0.5539340101522843 0.004285714285714286 0.01903553299492386