0 0.7760714285714285 0.6928934010152284 0.005 0.012690355329949238
0 0.32035714285714284 0.12880710659898478 0.0035714285714285713 0.011421319796954314
0 0.43392857142857144 0.10786802030456853 0.0035714285714285713 0.012690355329949238
0 0.5460714285714285 0.20050761421319796 0.002142857142857143 0.012690355329949238
0 0.7682142857142857 0.09771573604060914 0.0035714285714285713 0.012690355329949238
0 0.7767857142857143 0.13261421319796954 0.002142857142857143 0.008883248730964468
0 0.7742857142857142 0.10977157360406091 0.002857142857142857 0.008883248730964468
0 0.7703571428571429 0.11104060913705584 0.0035714285714285713 0.011421319796954314
0 0.7714285714285715 0.09708121827411167 0.002857142857142857 0.011421319796954314
0 0.7471428571428571 0.024111675126903553 0.002857142857142857 0.01015228426395939
0 0.7546428571428572 0.03616751269035533 0.002142857142857143 0.011421319796954314
0 0.7575 0.0399746192893401 0.002142857142857143 0.008883248730964468
0 0.7571428571428571 0.05012690355329949 0.002857142857142857 0.011421319796954314
0 0.7603571428571428 0.038705583756345176 0.002142857142857143 0.008883248730964468
0 0.6717857142857143 0.03616751269035533 0.002142857142857143 0.008883248730964468
0 0.6603571428571429 0.06979695431472081 0.002142857142857143 0.01015228426395939
0 0.6717857142857143 0.05710659898477157 0.002142857142857143 0.012690355329949238
0 0.6778571428571428 0.05139593908629442 0.004285714285714286 0.011421319796954314
0 0.6764285714285714 0.0799492385786802 0.002857142857142857 0.012690355329949238
0 0.6792857142857143 0.06789340101522842 0.002857142857142857 0.008883248730964468
0 0.6835714285714286 0.050761421319796954 0.002857142857142857 0.012690355329949238
0 0.5560714285714285 0.09771573604060914 0.0035714285714285713 0.01015228426395939
0 0.9089285714285714 0.16751269035532995 0.0035714285714285713 0.01015228426395939
0 0.9028571428571428 0.1751269035532995 0.004285714285714286 0.007614213197969543
0 0.9035714285714286 0.1700507614213198 0.002857142857142857 0.01015228426395939