0 0.30964285714285716 0.36666666666666664 0.0064285714285714285 0.02095238095238095
0 0.22785714285714287 0.30714285714285716 0.005714285714285714 0.01619047619047619
0 0.2282142857142857 0.29333333333333333 0.005 0.017142857142857144
0 0.22321428571428573 0.3304761904761905 0.005 0.015238095238095238
0 0.165 0.3028571428571429 0.002857142857142857 0.013333333333333334
0 0.16714285714285715 0.30095238095238097 0.002857142857142857 0.013333333333333334
0 0.5632142857142857 0.32571428571428573 0.005 0.017142857142857144
0 0.5592857142857143 0.32 0.004285714285714286 0.01904761904761905
0 0.5635714285714286 0.3161904761904762 0.004285714285714286 0.01904761904761905
0 0.4210714285714286 0.3933333333333333 0.009285714285714286 0.02666666666666667
0 0.5735714285714286 0.31142857142857144 0.005714285714285714 0.013333333333333334
0 0.535 0.3314285714285714 0.005714285714285714 0.017142857142857144