0 0.2932142857142857 0.7452380952380953 0.010714285714285714 0.03333333333333333
0 0.30607142857142855 0.5952380952380952 0.005 0.015238095238095238
0 0.29392857142857143 0.5947619047619047 0.005 0.01619047619047619
0 0.18892857142857142 0.5961904761904762 0.007857142857142858 0.015238095238095238
0 0.9628571428571429 0.7338095238095238 0.011428571428571429 0.03333333333333333
0 0.9967857142857143 0.7123809523809523 0.0064285714285714285 0.02857142857142857
0 0.6875 0.5580952380952381 0.002142857142857143 0.007619047619047619
0 0.8721428571428571 0.6133333333333333 0.002857142857142857 0.011428571428571429
0 0.8753571428571428 0.6123809523809524 0.0035714285714285713 0.013333333333333334
0 0.8792857142857143 0.6133333333333333 0.004285714285714286 0.013333333333333334
0 0.8489285714285715 0.5976190476190476 0.0035714285714285713 0.008571428571428572
0 0.8425 0.6052380952380952 0.0035714285714285713 0.012380952380952381
0 0.8357142857142857 0.6009523809523809 0.002857142857142857 0.009523809523809525
0 0.8092857142857143 0.5695238095238095 0.0014285714285714286 0.007619047619047619