0 0.26571428571428574 0.12428571428571429 0.004285714285714286 0.014285714285714285
0 0.22607142857142856 0.2652380952380952 0.005 0.018095238095238095
0 0.32392857142857145 0.2519047619047619 0.0035714285714285713 0.006666666666666667
0 0.32107142857142856 0.3157142857142857 0.0035714285714285713 0.014285714285714285
0 0.2760714285714286 0.729047619047619 0.012142857142857143 0.021904761904761906
0 0.6135714285714285 0.2642857142857143 0.005714285714285714 0.018095238095238095
0 0.46214285714285713 0.01619047619047619 0.004285714285714286 0.005714285714285714
0 0.48464285714285715 0.062380952380952384 0.0035714285714285713 0.010476190476190476
0 0.485 0.09285714285714286 0.002857142857142857 0.008571428571428572
0 0.49107142857142855 0.09476190476190476 0.0035714285714285713 0.006666666666666667
0 0.48 0.13095238095238096 0.002857142857142857 0.006666666666666667
0 0.4739285714285714 0.13714285714285715 0.0035714285714285713 0.011428571428571429
0 0.6132142857142857 0.8680952380952381 0.007857142857142858 0.018095238095238095