0 0.0575 0.9652380952380952 0.052142857142857144 0.035238095238095235
0 0.05071428571428571 0.920952380952381 0.05285714285714286 0.03619047619047619
0 0.8210714285714286 0.3580952380952381 0.02214285714285714 0.02666666666666667
0 0.8032142857142858 0.3171428571428571 0.019285714285714285 0.047619047619047616
0 0.83 0.3 0.02 0.03428571428571429
0 0.8739285714285714 0.48 0.030714285714285715 0.02857142857142857
0 0.7592857142857142 0.4061904761904762 0.025714285714285714 0.05238095238095238
0 0.78 0.42904761904761907 0.03 0.05619047619047619
0 0.8853571428571428 0.5266666666666666 0.023571428571428573 0.03428571428571429
0 0.7735714285714286 0.5995238095238096 0.03 0.03333333333333333
0 0.855 0.5976190476190476 0.022857142857142857 0.03142857142857143
0 0.8246428571428571 0.6276190476190476 0.029285714285714286 0.030476190476190476
0 0.9285714285714286 0.5819047619047619 0.037142857142857144 0.03428571428571429
0 0.8439285714285715 0.3466666666666667 0.012142857142857143 0.02095238095238095
0 0.9821428571428571 0.37142857142857144 0.03571428571428571 0.04
0 0.8792857142857143 0.4552380952380952 0.025714285714285714 0.04380952380952381
0 0.8692857142857143 0.4514285714285714 0.017142857142857144 0.04380952380952381