0 0.3425 0.6766666666666666 0.017857142857142856 0.029523809523809525
0 0.03964285714285714 0.8338095238095238 0.03214285714285714 0.01619047619047619
0 0.3942857142857143 0.4638095238095238 0.01 0.03238095238095238
0 0.29285714285714287 0.46285714285714286 0.014285714285714285 0.022857142857142857
0 0.4689285714285714 0.7838095238095238 0.017857142857142856 0.02666666666666667
0 0.4407142857142857 0.7676190476190476 0.008571428571428572 0.02095238095238095
0 0.4657142857142857 0.7633333333333333 0.01 0.02
0 0.45571428571428574 0.758095238095238 0.01 0.02095238095238095
0 0.4567857142857143 0.22476190476190477 0.0064285714285714285 0.017142857142857144
0 0.45071428571428573 0.3414285714285714 0.01 0.025714285714285714
0 0.44857142857142857 0.2219047619047619 0.007142857142857143 0.02666666666666667
0 0.4642857142857143 0.34523809523809523 0.007142857142857143 0.023809523809523808
0 0.78 0.5414285714285715 0.018571428571428572 0.03333333333333333
0 0.7703571428571429 0.5328571428571428 0.017857142857142856 0.029523809523809525
0 0.7653571428571428 0.5247619047619048 0.015 0.02666666666666667
0 0.7635714285714286 0.5119047619047619 0.014285714285714285 0.025714285714285714
0 0.9835714285714285 0.6128571428571429 0.027142857142857142 0.02761904761904762
0 0.9621428571428572 0.5828571428571429 0.02 0.022857142857142857
0 0.9521428571428572 0.5366666666666666 0.022857142857142857 0.023809523809523808
0 0.9453571428571429 0.5238095238095238 0.02642857142857143 0.02095238095238095