0 0.39575 0.153 0.0025 0.011333333333333334
0 0.39325 0.15633333333333332 0.0015 0.01
0 0.44625 0.165 0.0035 0.01
0 0.362 0.525 0.008 0.019333333333333334
0 0.379 0.5083333333333333 0.005 0.019333333333333334
0 0.4215 0.5473333333333333 0.007 0.021333333333333333
0 0.3685 0.334 0.005 0.016
0 0.36525 0.33166666666666667 0.0045 0.015333333333333332
0 0.405 0.22233333333333333 0.003 0.012666666666666666
0 0.4035 0.21966666666666668 0.004 0.014
0 0.39925 0.21833333333333332 0.0035 0.012666666666666666
0 0.39975 0.21733333333333332 0.0025 0.013333333333333334
0 0.50675 0.20966666666666667 0.0025 0.015333333333333332
0 0.512 0.21633333333333332 0.003 0.007333333333333333
0 0.527 0.18133333333333335 0.004 0.010666666666666666
0 0.51325 0.175 0.0025 0.011333333333333334
0 0.52925 0.25 0.0035 0.009333333333333334
0 0.522 0.24866666666666667 0.004 0.014666666666666666
0 0.5235 0.252 0.003 0.008
0 0.74575 0.6023333333333334 0.0095 0.019333333333333334
0 0.60575 0.2816666666666667 0.0045 0.016666666666666666
0 0.63 0.303 0.005 0.016666666666666666
0 0.67075 0.35 0.0045 0.017333333333333333
0 0.6035 0.18966666666666668 0.003 0.012666666666666666
0 0.6065 0.18766666666666668 0.004 0.012666666666666666
0 0.6335 0.15366666666666667 0.004 0.01
0 0.6555 0.17066666666666666 0.004 0.012
0 0.64825 0.17066666666666666 0.0035 0.012
0 0.92075 0.6453333333333333 0.0105 0.024
0 0.91425 0.6316666666666667 0.0085 0.019333333333333334
0 0.89125 0.20666666666666667 0.0045 0.012
0 0.8815 0.20233333333333334 0.005 0.011333333333333334