0 0.2132045929018789 0.4387755102040816 0.01826722338204593 0.07421150278293136
0 0.4055323590814196 0.5932282003710575 0.020876826722338204 0.06957328385899815
0 0.4261482254697286 0.5974025974025974 0.02035490605427975 0.0686456400742115
0 0.4224947807933194 0.6461038961038961 0.02348643006263048 0.06215213358070501
0 0.43475991649269313 0.5607606679035251 0.020876826722338204 0.05473098330241188
0 0.5174843423799582 0.4744897959183674 0.01826722338204593 0.05658627087198516
0 0.5151356993736952 0.8144712430426716 0.024008350730688934 0.07235621521335807
0 0.6863256784968684 0.9568645640074211 0.030271398747390398 0.06771799628942486
0 0.75 0.9225417439703154 0.030271398747390398 0.04916512059369202
0 0.7570459290187892 0.8576066790352505 0.02348643006263048 0.05658627087198516
0 0.5936847599164927 0.474025974025974 0.016179540709812108 0.04081632653061224
0 0.5934237995824635 0.462430426716141 0.015657620041753653 0.05102040816326531
0 0.4934759916492693 0.19341372912801486 0.012004175365344467 0.038033395176252316
0 0.4900835073068894 0.1038961038961039 0.009394572025052192 0.025974025974025976
0 0.48747390396659707 0.09693877551020408 0.012526096033402923 0.036178107606679034