3 0.171875 0.4921875 0.125 0.125
3 0.30859375 0.35546875 0.125 0.125
2 0.0546875 0.421875 0.109375 0.125
2 0.10546875 0.453125 0.125 0.125
2 0.18359375 0.27734375 0.125 0.125
2 0.29296875 0.037109375 0.125 0.07421875
2 0.3515625 0.40234375 0.125 0.125
2 0.484375 0.4453125 0.125 0.125
0 0.25390625 0.3203125 0.125 0.125
0 0.43359375 0.41015625 0.125 0.125
2 0.5625 0.453125 0.125 0.125
2 0.6171875 0.49609375 0.125 0.125
2 0.2265625 0.52734375 0.125 0.125
3 0.5078125 0.66796875 0.125 0.125
3 0.8203125 0.84375 0.125 0.125
2 0.671875 0.515625 0.125 0.125
2 0.69921875 0.76953125 0.125 0.125
0 0.55859375 0.71484375 0.125 0.125