0 0.171875 0.44921875 0.125 0.125
0 0.3515625 0.1796875 0.125 0.125
1 0.22265625 0.48828125 0.125 0.125
2 0.041015625 0.3203125 0.08203125 0.125
2 0.06640625 0.37109375 0.125 0.125
2 0.125 0.40234375 0.125 0.125
2 0.24609375 0.09375 0.125 0.125
3 0.203125 0.046875 0.125 0.09375
0 0.51953125 0.28515625 0.125 0.125
0 0.57421875 0.33203125 0.125 0.125
2 0.84375 0.33984375 0.125 0.125
3 0.671875 0.40625 0.125 0.125
0 0.037109375 0.890625 0.07421875 0.125
0 0.14453125 0.609375 0.125 0.125
0 0.1953125 0.6484375 0.125 0.125
1 0.4453125 0.65234375 0.125 0.125
2 0.05078125 0.51171875 0.1015625 0.125
2 0.2421875 0.6953125 0.125 0.125
2 0.28125 0.53515625 0.125 0.125
2 0.3359375 0.57421875 0.125 0.125
2 0.38671875 0.62109375 0.125 0.125
0 0.5 0.7109375 0.125 0.125
0 0.546875 0.74609375 0.125 0.125
0 0.8203125 0.5546875 0.125 0.125
2 0.5078125 0.8984375 0.125 0.125
2 0.5625 0.9375 0.125 0.125
2 0.69140625 0.8671875 0.125 0.125
2 0.93359375 0.62890625 0.125 0.125
3 0.59375 0.78515625 0.125 0.125
3 0.75 0.91015625 0.125 0.125