3 0.0625 0.033203125 0.125 0.06640625
3 0.4609375 0.2109375 0.125 0.125
2 0.13671875 0.30078125 0.125 0.125
2 0.296875 0.39453125 0.125 0.125
2 0.34375 0.12890625 0.125 0.125
2 0.39453125 0.1796875 0.125 0.125
2 0.4296875 0.4765625 0.125 0.125
0 0.2265625 0.0859375 0.125 0.125
2 0.5234375 0.25 0.125 0.125
2 0.57421875 0.2734375 0.125 0.125
2 0.6328125 0.31640625 0.125 0.125
2 0.84765625 0.0546875 0.125 0.109375
2 0.90234375 0.078125 0.125 0.125
0 0.6875 0.33203125 0.125 0.125
0 0.79296875 0.033203125 0.125 0.06640625
0 0.81640625 0.3984375 0.125 0.125
0 0.87890625 0.43359375 0.125 0.125
2 0.5546875 0.5546875 0.125 0.125
2 0.79296875 0.80078125 0.125 0.125