3 0.40234375 0.47265625 0.125 0.125
3 0.4765625 0.31640625 0.125 0.125
2 0.0546875 0.060546875 0.109375 0.12109375
2 0.1796875 0.28125 0.125 0.125
2 0.21875 0.13671875 0.125 0.125
2 0.28515625 0.03125 0.125 0.0625
2 0.47265625 0.4296875 0.125 0.125
0 0.033203125 0.1171875 0.06640625 0.125
0 0.1328125 0.33984375 0.125 0.125
0 0.30859375 0.19140625 0.125 0.125
0 0.37109375 0.3828125 0.125 0.125
0 0.4375 0.24609375 0.125 0.125
2 0.58203125 0.4140625 0.125 0.125
2 0.66796875 0.29296875 0.125 0.125
2 0.70703125 0.2109375 0.125 0.125
2 0.77734375 0.49609375 0.125 0.125
2 0.828125 0.3828125 0.125 0.125
0 0.875 0.3125 0.125 0.125
3 0.03125 0.8671875 0.0625 0.125
3 0.0703125 0.65234375 0.125 0.125
3 0.13671875 0.67578125 0.125 0.125
2 0.056640625 0.90234375 0.11328125 0.125
2 0.30859375 0.7734375 0.125 0.125
2 0.4375 0.8515625 0.125 0.125
0 0.1171875 0.9375 0.125 0.125
0 0.37109375 0.828125 0.125 0.125
2 0.73828125 0.56640625 0.125 0.125
2 0.8046875 0.65625 0.125 0.125
0 0.85546875 0.69921875 0.125 0.125