0 0.037109375 0.390625 0.07421875 0.125
0 0.14453125 0.109375 0.125 0.125
0 0.1953125 0.1484375 0.125 0.125
1 0.4453125 0.15234375 0.125 0.125
2 0.05078125 0.037109375 0.1015625 0.07421875
2 0.109375 0.484375 0.125 0.125
2 0.2421875 0.1953125 0.125 0.125
2 0.28125 0.048828125 0.125 0.09765625
2 0.3359375 0.07421875 0.125 0.125
2 0.38671875 0.12109375 0.125 0.125
0 0.5 0.2109375 0.125 0.125
0 0.546875 0.24609375 0.125 0.125
0 0.8203125 0.05859375 0.125 0.1171875
2 0.5078125 0.3984375 0.125 0.125
2 0.5625 0.4375 0.125 0.125
2 0.69140625 0.3671875 0.125 0.125
2 0.93359375 0.12890625 0.125 0.125
3 0.59375 0.28515625 0.125 0.125
3 0.62109375 0.4609375 0.125 0.125
3 0.75 0.41015625 0.125 0.125
3 0.80078125 0.453125 0.125 0.125
0 0.044921875 0.578125 0.08984375 0.125
0 0.12890625 0.66015625 0.125 0.125
0 0.1640625 0.5234375 0.125 0.125
0 0.171875 0.71484375 0.125 0.125
0 0.30859375 0.6484375 0.125 0.125
0 0.4296875 0.82421875 0.125 0.125
2 0.08203125 0.62109375 0.125 0.125
2 0.203125 0.56640625 0.125 0.125
2 0.22265625 0.75390625 0.125 0.125
2 0.26953125 0.59375 0.125 0.125
2 0.2734375 0.80078125 0.125 0.125
2 0.42578125 0.71484375 0.125 0.125
0 0.9140625 0.52734375 0.125 0.125
2 0.71875 0.5546875 0.125 0.125
2 0.77734375 0.59765625 0.125 0.125
3 0.6796875 0.515625 0.125 0.125