2 0.125 0.4140625 0.125 0.125
2 0.18359375 0.4375 0.125 0.125
0 0.15625 0.09375 0.125 0.125
0 0.40234375 0.38671875 0.125 0.125
0 0.48046875 0.38671875 0.125 0.125
3 0.76953125 0.484375 0.125 0.125
2 0.53125 0.4296875 0.125 0.125
0 0.66015625 0.48046875 0.125 0.125
3 0.23828125 0.82421875 0.125 0.125
3 0.3671875 0.8984375 0.125 0.125
2 0.48046875 0.5625 0.125 0.125
0 0.32421875 0.84375 0.125 0.125
2 0.6015625 0.56640625 0.125 0.125
2 0.875 0.5546875 0.125 0.125
2 0.9375 0.84375 0.125 0.125
0 0.765625 0.76953125 0.125 0.125