2 0.05078125 0.35546875 0.1015625 0.125
2 0.48046875 0.35546875 0.125 0.125
0 0.1015625 0.3828125 0.125 0.125
3 0.5546875 0.23046875 0.125 0.125
3 0.6328125 0.38671875 0.125 0.125
2 0.5859375 0.45703125 0.125 0.125
2 0.033203125 0.6484375 0.06640625 0.125
2 0.62109375 0.6640625 0.125 0.125
2 0.67578125 0.703125 0.125 0.125
2 0.734375 0.73046875 0.125 0.125
2 0.765625 0.5859375 0.125 0.125
2 0.80859375 0.76171875 0.125 0.125
2 0.859375 0.8046875 0.125 0.125
2 0.91796875 0.84375 0.125 0.125
0 0.90234375 0.6484375 0.125 0.125