3 0.23046875 0.0625 0.125 0.125
0 0.34765625 0.05859375 0.125 0.1171875
3 0.859375 0.40625 0.125 0.125
2 0.546875 0.265625 0.125 0.125
2 0.61328125 0.1796875 0.125 0.125
2 0.78125 0.28515625 0.125 0.125
2 0.8984375 0.08984375 0.125 0.125
2 0.93359375 0.30859375 0.125 0.125
0 0.62109375 0.048828125 0.125 0.09765625
3 0.24609375 0.875 0.125 0.125
2 0.1640625 0.76171875 0.125 0.125
2 0.28125 0.8046875 0.125 0.125
2 0.34375 0.7109375 0.125 0.125
2 0.3671875 0.640625 0.125 0.125
2 0.4140625 0.5625 0.125 0.125
0 0.25390625 0.625 0.125 0.125
1 0.60546875 0.87109375 0.125 0.125
0 0.83203125 0.9375 0.125 0.125