3 0.044921875 0.078125 0.08984375 0.125
2 0.078125 0.27734375 0.125 0.125
2 0.13671875 0.3125 0.125 0.125
2 0.32421875 0.37109375 0.125 0.125
2 0.3828125 0.3828125 0.125 0.125
0 0.0703125 0.4296875 0.125 0.125
0 0.19921875 0.3359375 0.125 0.125
3 0.052734375 0.8828125 0.10546875 0.125
3 0.1015625 0.9375 0.125 0.125
2 0.38671875 0.609375 0.125 0.125
0 0.19140625 0.5859375 0.125 0.125
0 0.37109375 0.66796875 0.125 0.125
2 0.74609375 0.9140625 0.125 0.125
2 0.75390625 0.5859375 0.125 0.125
2 0.91015625 0.65234375 0.125 0.125