2 0.20703125 0.140625 0.125 0.125
2 0.26171875 0.17578125 0.125 0.125
2 0.328125 0.20703125 0.125 0.125
0 0.37890625 0.2265625 0.125 0.125
0 0.46484375 0.28515625 0.125 0.125
2 0.52734375 0.3125 0.125 0.125
2 0.57421875 0.3515625 0.125 0.125
2 0.6171875 0.38671875 0.125 0.125
2 0.79296875 0.44140625 0.125 0.125
0 0.69140625 0.40234375 0.125 0.125
1 0.85546875 0.48828125 0.125 0.125
3 0.3359375 0.62109375 0.125 0.125
2 0.09375 0.625 0.125 0.125
2 0.15234375 0.6484375 0.125 0.125
2 0.17578125 0.50390625 0.125 0.125
2 0.203125 0.68359375 0.125 0.125
2 0.2265625 0.53515625 0.125 0.125
2 0.25390625 0.734375 0.125 0.125
2 0.31640625 0.75390625 0.125 0.125
2 0.3671875 0.78515625 0.125 0.125
2 0.43359375 0.80859375 0.125 0.125
2 0.49609375 0.84375 0.125 0.125
0 0.28515625 0.56640625 0.125 0.125
0 0.38671875 0.640625 0.125 0.125
1 0.44921875 0.66796875 0.125 0.125
0 0.046875 0.59765625 0.09375 0.125
3 0.9140625 0.51171875 0.125 0.125
2 0.5078125 0.703125 0.125 0.125
2 0.625 0.7578125 0.125 0.125
2 0.66796875 0.939453125 0.125 0.12109375
2 0.68359375 0.79296875 0.125 0.125
2 0.75 0.828125 0.125 0.125
2 0.8515625 0.87890625 0.125 0.125
0 0.55859375 0.87890625 0.125 0.125
0 0.9140625 0.92578125 0.125 0.125