3 0.3359375 0.12109375 0.125 0.125
2 0.09375 0.125 0.125 0.125
2 0.15234375 0.1484375 0.125 0.125
2 0.17578125 0.033203125 0.125 0.06640625
2 0.203125 0.18359375 0.125 0.125
2 0.2265625 0.048828125 0.125 0.09765625
2 0.25390625 0.234375 0.125 0.125
2 0.31640625 0.25390625 0.125 0.125
2 0.3671875 0.28515625 0.125 0.125
2 0.43359375 0.30859375 0.125 0.125
2 0.49609375 0.34375 0.125 0.125
0 0.28515625 0.06640625 0.125 0.125
0 0.38671875 0.140625 0.125 0.125
1 0.44921875 0.16796875 0.125 0.125
0 0.046875 0.09765625 0.09375 0.125
3 0.9140625 0.037109375 0.125 0.07421875
2 0.5078125 0.203125 0.125 0.125
2 0.625 0.2578125 0.125 0.125
2 0.66796875 0.44140625 0.125 0.125
2 0.68359375 0.29296875 0.125 0.125
2 0.7265625 0.4765625 0.125 0.125
2 0.75 0.328125 0.125 0.125
2 0.8515625 0.37890625 0.125 0.125
0 0.55859375 0.37890625 0.125 0.125
0 0.9140625 0.42578125 0.125 0.125
3 0.0625 0.50390625 0.125 0.125
3 0.4609375 0.7109375 0.125 0.125
2 0.13671875 0.80078125 0.125 0.125
2 0.296875 0.89453125 0.125 0.125
2 0.34375 0.62890625 0.125 0.125
2 0.39453125 0.6796875 0.125 0.125
0 0.2265625 0.5859375 0.125 0.125
2 0.5234375 0.75 0.125 0.125
2 0.57421875 0.7734375 0.125 0.125
2 0.6328125 0.81640625 0.125 0.125
2 0.84765625 0.546875 0.125 0.125
2 0.90234375 0.578125 0.125 0.125
0 0.6875 0.83203125 0.125 0.125
0 0.79296875 0.50390625 0.125 0.125
0 0.81640625 0.8984375 0.125 0.125
0 0.87890625 0.93359375 0.125 0.125