2 0.078125 0.1171875 0.125 0.125
2 0.14453125 0.14453125 0.125 0.125
0 0.0625 0.46484375 0.125 0.125
0 0.19921875 0.1796875 0.125 0.125
0 0.31640625 0.2265625 0.125 0.125
0 0.37890625 0.27734375 0.125 0.125
0 0.44140625 0.31640625 0.125 0.125
2 0.73828125 0.4609375 0.125 0.125
2 0.75 0.125 0.125 0.125
2 0.8203125 0.16796875 0.125 0.125
2 0.875 0.203125 0.125 0.125
2 0.9375 0.2421875 0.125 0.125
0 0.5078125 0.34375 0.125 0.125
0 0.56640625 0.046875 0.125 0.09375
0 0.6328125 0.39453125 0.125 0.125
0 0.640625 0.0703125 0.125 0.125
2 0.109375 0.6640625 0.125 0.125
2 0.171875 0.5234375 0.125 0.125
2 0.3046875 0.57421875 0.125 0.125
3 0.36328125 0.7734375 0.125 0.125
0 0.056640625 0.640625 0.11328125 0.125
0 0.171875 0.69921875 0.125 0.125
0 0.24609375 0.55078125 0.125 0.125
0 0.296875 0.75390625 0.125 0.125
0 0.484375 0.68359375 0.125 0.125
0 0.484375 0.86328125 0.125 0.125
2 0.9296875 0.90234375 0.125 0.125
0 0.53515625 0.73828125 0.125 0.125
0 0.609375 0.7578125 0.125 0.125
0 0.875 0.939453125 0.125 0.12109375