2 0.30078125 0.30859375 0.125 0.125
2 0.421875 0.375 0.125 0.125
0 0.37109375 0.34765625 0.125 0.125
2 0.58203125 0.484375 0.125 0.125
0 0.5390625 0.43359375 0.125 0.125
2 0.037109375 0.51953125 0.07421875 0.125
2 0.078125 0.56640625 0.125 0.125
2 0.1875 0.625 0.125 0.125
2 0.23046875 0.8125 0.125 0.125
2 0.2421875 0.64453125 0.125 0.125
2 0.28125 0.8515625 0.125 0.125
2 0.4140625 0.9140625 0.125 0.125
2 0.48046875 0.7890625 0.125 0.125
0 0.060546875 0.71484375 0.12109375 0.125
0 0.109375 0.75390625 0.125 0.125
0 0.125 0.59765625 0.125 0.125
0 0.37109375 0.70703125 0.125 0.125
1 0.640625 0.51953125 0.125 0.125
2 0.546875 0.828125 0.125 0.125
0 0.69140625 0.55859375 0.125 0.125