3 0.359375 0.3984375 0.125 0.125
2 0.30078125 0.44140625 0.125 0.125
2 0.4921875 0.14453125 0.125 0.125
0 0.265625 0.140625 0.125 0.125
2 0.1875 0.6953125 0.125 0.125
2 0.23046875 0.63671875 0.125 0.125
2 0.2890625 0.51171875 0.125 0.125
0 0.041015625 0.93359375 0.08203125 0.125
0 0.0703125 0.87890625 0.125 0.125
0 0.1015625 0.8125 0.125 0.125
3 0.6015625 0.75390625 0.125 0.125
3 0.94140625 0.90234375 0.1171875 0.125
2 0.7421875 0.83203125 0.125 0.125
2 0.80859375 0.85546875 0.125 0.125
2 0.8828125 0.875 0.125 0.125
0 0.66796875 0.8046875 0.125 0.125