2 0.23828125 0.4609375 0.125 0.125
2 0.25 0.125 0.125 0.125
2 0.3203125 0.16796875 0.125 0.125
2 0.375 0.203125 0.125 0.125
2 0.4375 0.2421875 0.125 0.125
0 0.03515625 0.34375 0.0703125 0.125
0 0.06640625 0.046875 0.125 0.09375
0 0.1328125 0.39453125 0.125 0.125
0 0.140625 0.0703125 0.125 0.125
2 0.5625 0.13671875 0.125 0.125
2 0.7578125 0.42578125 0.125 0.125
0 0.84375 0.3046875 0.125 0.125
2 0.4296875 0.90234375 0.125 0.125
0 0.048828125 0.73828125 0.09765625 0.125
0 0.109375 0.7578125 0.125 0.125
0 0.375 0.939453125 0.125 0.12109375
0 0.4609375 0.83203125 0.125 0.125
2 0.50390625 0.78515625 0.125 0.125
2 0.58984375 0.6640625 0.125 0.125
2 0.6796875 0.5546875 0.125 0.125
2 0.72265625 0.50390625 0.125 0.125