0 0.044921875 0.23046875 0.08984375 0.125
0 0.09375 0.09375 0.125 0.125
0 0.375 0.390625 0.125 0.125
0 0.43359375 0.4296875 0.125 0.125
0 0.47265625 0.28125 0.125 0.125
0 0.4921875 0.47265625 0.125 0.125
2 0.30859375 0.3515625 0.125 0.125
2 0.421875 0.23828125 0.125 0.125
0 0.671875 0.44921875 0.125 0.125
0 0.8515625 0.1796875 0.125 0.125
1 0.72265625 0.48828125 0.125 0.125
2 0.51953125 0.3203125 0.125 0.125
2 0.56640625 0.37109375 0.125 0.125
2 0.625 0.40234375 0.125 0.125
2 0.74609375 0.09375 0.125 0.125
3 0.703125 0.046875 0.125 0.09375
0 0.08984375 0.74609375 0.125 0.125
0 0.26171875 0.87890625 0.125 0.125
1 0.052734375 0.70703125 0.10546875 0.125
2 0.125 0.6015625 0.125 0.125
2 0.13671875 0.8046875 0.125 0.125
2 0.17578125 0.63671875 0.125 0.125
2 0.203125 0.8359375 0.125 0.125
2 0.28125 0.73828125 0.125 0.125
2 0.390625 0.80078125 0.125 0.125
3 0.328125 0.78515625 0.125 0.125
0 0.51171875 0.890625 0.125 0.125
0 0.64453125 0.609375 0.125 0.125
0 0.6953125 0.6484375 0.125 0.125
1 0.94140625 0.65234375 0.1171875 0.125
2 0.5390625 0.51171875 0.125 0.125
2 0.7421875 0.6953125 0.125 0.125
2 0.78125 0.53515625 0.125 0.125
2 0.8359375 0.57421875 0.125 0.125
2 0.88671875 0.62109375 0.125 0.125