2 0.1875 0.1953125 0.125 0.125
2 0.23046875 0.13671875 0.125 0.125
2 0.2890625 0.037109375 0.125 0.07421875
0 0.041015625 0.43359375 0.08203125 0.125
0 0.0703125 0.37890625 0.125 0.125
0 0.1015625 0.3125 0.125 0.125
3 0.6015625 0.25390625 0.125 0.125
3 0.94140625 0.40234375 0.1171875 0.125
2 0.7421875 0.33203125 0.125 0.125
2 0.80859375 0.35546875 0.125 0.125
2 0.8828125 0.375 0.125 0.125
0 0.66796875 0.3046875 0.125 0.125
3 0.037109375 0.56640625 0.07421875 0.125
3 0.55078125 0.5625 0.125 0.125
2 0.67578125 0.6171875 0.125 0.125
2 0.74609375 0.6484375 0.125 0.125
0 0.8125 0.9375 0.125 0.125