1 0.234375 0.3828125 0.125 0.125
2 0.033203125 0.10546875 0.06640625 0.125
2 0.26171875 0.3203125 0.125 0.125
2 0.296875 0.27734375 0.125 0.125
2 0.32421875 0.21484375 0.125 0.125
2 0.3671875 0.45703125 0.125 0.125
2 0.40234375 0.1015625 0.125 0.125
2 0.4140625 0.34375 0.125 0.125
2 0.48046875 0.2265625 0.125 0.125
3 0.19921875 0.453125 0.125 0.125
3 0.44921875 0.296875 0.125 0.125
3 0.4609375 0.03515625 0.125 0.0703125
0 0.060546875 0.056640625 0.12109375 0.11328125
0 0.3671875 0.15625 0.125 0.125
0 0.375 0.40234375 0.125 0.125
1 0.5625 0.12109375 0.125 0.125
2 0.51171875 0.17578125 0.125 0.125
2 0.625 0.041015625 0.125 0.08203125
2 0.859375 0.2265625 0.125 0.125
3 0.91015625 0.4140625 0.125 0.125
0 0.5859375 0.0625 0.125 0.125
0 0.76953125 0.3984375 0.125 0.125
3 0.3125 0.50390625 0.125 0.125
2 0.67578125 0.5 0.125 0.125
0 0.6171875 0.6953125 0.125 0.125
0 0.640625 0.6171875 0.125 0.125
0 0.73046875 0.74609375 0.125 0.125