3 0.1484375 0.0859375 0.125 0.125
3 0.18359375 0.04296875 0.125 0.0859375
3 0.421875 0.23828125 0.125 0.125
2 0.3203125 0.1796875 0.125 0.125
2 0.46484375 0.1796875 0.125 0.125
3 0.90234375 0.47265625 0.125 0.125
2 0.546875 0.060546875 0.125 0.12109375
2 0.6796875 0.28125 0.125 0.125
2 0.71875 0.13671875 0.125 0.125
2 0.78515625 0.03125 0.125 0.0625
0 0.50390625 0.1171875 0.125 0.125
0 0.6328125 0.33984375 0.125 0.125
0 0.80859375 0.19140625 0.125 0.125
0 0.87109375 0.3828125 0.125 0.125
0 0.9375 0.24609375 0.125 0.125
3 0.30078125 0.765625 0.125 0.125
3 0.37109375 0.80859375 0.125 0.125
3 0.4296875 0.57421875 0.125 0.125
3 0.43359375 0.83984375 0.125 0.125
2 0.49609375 0.6015625 0.125 0.125
3 0.5 0.8671875 0.125 0.125
3 0.5703125 0.65234375 0.125 0.125
3 0.63671875 0.67578125 0.125 0.125
2 0.55078125 0.90234375 0.125 0.125
2 0.80859375 0.7734375 0.125 0.125
2 0.9375 0.8515625 0.125 0.125
0 0.6171875 0.9375 0.125 0.125
0 0.87109375 0.828125 0.125 0.125