4 0.19296354166666668 0.7202314814814815 0.12496875 0.17171296296296296
4 0.15401041666666665 0.27725925925925926 0.06640104166666666 0.08785185185185185
4 0.22540624999999997 0.1931388888888889 0.06484895833333333 0.07834259259259259
4 0.386375 0.026055555555555557 0.06982291666666667 0.052111111111111115
4 0.4296770833333333 0.007537037037037037 0.031067708333333333 0.015083333333333332
4 0.33774479166666665 0.5230648148148148 0.07821354166666666 0.12160185185185186
4 0.3564166666666667 0.31407407407407406 0.045625 0.1270925925925926
4 0.3786614583333333 0.24499074074074073 0.043984375 0.1185462962962963
4 0.5104947916666667 0.2853796296296296 0.05169270833333333 0.08637962962962964
4 0.5598229166666666 0.20755555555555555 0.05649479166666667 0.08337037037037037
4 0.5545364583333333 0.0555 0.044536458333333334 0.09406481481481482
4 0.6582708333333334 0.07794444444444446 0.04813541666666667 0.08062037037037037
4 0.715875 0.06621296296296297 0.04877083333333333 0.08820370370370371
4 0.9508697916666667 0.3178240740740741 0.07232291666666667 0.0631574074074074
4 0.9971614583333334 0.3143888888888889 0.0056770833333333335 0.06157407407407407
5 0.3697135416666667 0.6867592592592593 0.012687499999999999 0.03912037037037037
4 0.4126927083333333 0.22775 0.042578125 0.10787962962962963