2 0.15625 0.14453125 0.125 0.125
0 0.1015625 0.3203125 0.125 0.125
0 0.296875 0.140625 0.125 0.125
0 0.34765625 0.31640625 0.125 0.125
0 0.421875 0.13671875 0.125 0.125
2 0.8203125 0.28125 0.125 0.125
0 0.5078125 0.30078125 0.125 0.125
0 0.57421875 0.12109375 0.125 0.125
0 0.65625 0.2890625 0.125 0.125
0 0.7578125 0.1171875 0.125 0.125
0 0.037109375 0.546875 0.07421875 0.125
0 0.05078125 0.703125 0.1015625 0.125
0 0.1640625 0.54296875 0.125 0.125
0 0.26953125 0.5390625 0.125 0.125
0 0.421875 0.5390625 0.125 0.125
0 0.421875 0.7109375 0.125 0.125
0 0.61328125 0.53125 0.125 0.125
0 0.62890625 0.7109375 0.125 0.125
0 0.75390625 0.5390625 0.125 0.125
0 0.79296875 0.7109375 0.125 0.125
0 0.939453125 0.546875 0.12109375 0.125