0 0.234375 0.048828125 0.125 0.09765625
0 0.25 0.30859375 0.125 0.125
0 0.3203125 0.453125 0.125 0.125
0 0.34375 0.037109375 0.125 0.07421875
0 0.55078125 0.27734375 0.125 0.125
0 0.7265625 0.265625 0.125 0.125
0 0.86328125 0.41796875 0.125 0.125
0 0.87109375 0.2421875 0.125 0.125
0 0.30859375 0.91796875 0.125 0.125
0 0.41015625 0.8984375 0.125 0.125
0 0.45703125 0.75 0.125 0.125
2 0.3046875 0.75 0.125 0.125
2 0.4921875 0.8828125 0.125 0.125
0 0.54296875 0.7265625 0.125 0.125
0 0.77734375 0.71484375 0.125 0.125