2 0.24609375 0.14453125 0.125 0.125
2 0.24609375 0.28515625 0.125 0.125
0 0.052734375 0.44921875 0.10546875 0.125
0 0.0703125 0.2734375 0.125 0.125
0 0.24609375 0.07421875 0.125 0.125
0 0.25 0.2109375 0.125 0.125
0 0.2578125 0.3515625 0.125 0.125
2 0.578125 0.3984375 0.125 0.125
2 0.5859375 0.1953125 0.125 0.125
2 0.5859375 0.3125 0.125 0.125
2 0.59375 0.05078125 0.125 0.1015625
0 0.59765625 0.11328125 0.125 0.125
2 0.30078125 0.94140625 0.125 0.1171875
0 0.25390625 0.62109375 0.125 0.125
0 0.2578125 0.54296875 0.125 0.125
0 0.28125 0.70703125 0.125 0.125
0 0.2890625 0.8671875 0.125 0.125
0 0.5859375 0.69921875 0.125 0.125
0 0.59375 0.765625 0.125 0.125