0 0.328125 0.49609375 0.125 0.125
0 0.47265625 0.46484375 0.125 0.125
2 0.3203125 0.7265625 0.125 0.125
2 0.38671875 0.7109375 0.125 0.125
3 0.18359375 0.75390625 0.125 0.125
0 0.037109375 0.6875 0.07421875 0.125
0 0.060546875 0.55078125 0.12109375 0.125
0 0.203125 0.5234375 0.125 0.125
0 0.24609375 0.75390625 0.125 0.125
0 0.45703125 0.703125 0.125 0.125
0 0.5234375 0.578125 0.125 0.125
0 0.55859375 0.640625 0.125 0.125
0 0.5625 0.84765625 0.125 0.125
0 0.58203125 0.77734375 0.125 0.125
0 0.86328125 0.7265625 0.125 0.125
0 0.87890625 0.87890625 0.125 0.125