0 0.265625 0.3984375 0.125 0.125
0 0.2734375 0.4609375 0.125 0.125
2 0.5 0.15234375 0.125 0.125
2 0.72265625 0.13671875 0.125 0.125
0 0.5703125 0.15625 0.125 0.125
0 0.74609375 0.40234375 0.125 0.125
0 0.75390625 0.48828125 0.125 0.125
0 0.79296875 0.1328125 0.125 0.125
0 0.93359375 0.125 0.125 0.125
2 0.74609375 0.64453125 0.125 0.125
2 0.74609375 0.78515625 0.125 0.125
0 0.5703125 0.7734375 0.125 0.125
0 0.74609375 0.57421875 0.125 0.125
0 0.75 0.7109375 0.125 0.125
0 0.7578125 0.8515625 0.125 0.125